100
2 5 4 2 3 5 2 1
15
101
2388
5598.667
carsInLane
2 5 4 2 3 5 2 1
4 5 8 4 6 5 4 2
6 10 4 6 9 10 2 3
8 5 8 8 12 5 4 4
2 10 12 10 3 10 6 5
4 15 4 2 6 15 8 6
6 5 8 4 9 5 10 7
8 10 4 6 12 10 2 8
10 15 8 8 3 5 4 9
2 5 12 10 6 10 6 10
4 10 4 2 9 15 8 11
6 5 8 4 12 5 10 12
8 10 12 6 15 10 2 1
10 15 16 8 3 5 4 2
2 5 20 10 6 10 6 3
4 10 9 2 9 15 8 4
6 5 13 4 12 5 10 5
8 10 4 6 15 10 2 6
10 15 8 8 3 5 4 7
2 5 12 10 6 10 6 8
4 10 4 2 9 15 8 9
6 5 8 4 12 5 10 10
8 10 12 6 15 10 2 1
10 15 16 8 3 5 4 2
2 5 20 10 6 10 6 3
4 10 9 2 9 15 8 4
6 5 13 4 12 5 10 5
8 10 4 6 15 10 2 6
10 15 8 8 3 5 4 7
2 5 12 10 6 10 6 8
4 10 4 2 9 15 8 9
6 5 8 4 12 5 10 10
8 10 12 6 15 10 2 1
10 15 16 8 3 5 4 2
2 5 20 10 6 10 6 3
4 10 9 2 9 15 8 4
6 5 13 4 12 5 10 5
8 10 4 6 15 10 2 6
10 15 8 8 3 5 4 7
2 5 12 10 6 10 6 8
4 10 4 2 9 15 8 9
6 5 8 4 12 5 10 10
8 10 12 6 15 10 2 1
10 15 16 8 3 5 4 2
2 5 20 10 6 10 6 3
4 10 9 2 9 15 8 4
6 5 13 4 12 5 10 5
8 10 4 6 15 10 2 6
10 15 8 8 3 5 4 7
2 5 12 10 6 10 6 8
4 10 4 2 9 15 8 9
6 5 8 4 12 5 10 10
8 10 12 6 15 10 2 1
10 15 16 8 3 5 4 2
2 5 20 10 6 10 6 3
4 10 9 2 9 15 8 4
6 5 13 4 12 5 10 5
8 10 4 6 15 10 2 6
10 15 8 8 3 5 4 7
2 5 12 10 6 10 6 8
4 10 4 2 9 15 8 9
6 5 8 4 12 5 10 10
8 10 12 6 15 10 2 1
10 15 16 8 3 5 4 2
2 5 20 10 6 10 6 3
4 10 9 2 9 15 8 4
6 5 13 4 12 5 10 5
8 10 4 6 15 10 2 6
10 15 8 8 3 5 4 7
2 5 12 10 6 10 6 8
4 10 4 2 9 15 8 9
6 5 8 4 12 5 10 10
8 10 12 6 15 10 2 1
10 15 16 8 3 5 4 2
2 5 20 10 6 10 6 3
4 10 9 2 9 15 8 4
6 5 13 4 12 5 10 5
8 10 4 6 15 10 2 6
10 15 8 8 3 5 4 7
2 5 12 10 6 10 6 8
4 10 4 2 9 15 8 9
6 5 8 4 12 5 10 10
8 10 12 6 15 10 2 1
10 15 16 8 3 5 4 2
2 5 20 10 6 10 6 3
4 10 9 2 9 15 8 4
6 5 13 4 12 5 10 5
8 10 4 6 15 10 2 6
10 15 8 8 3 5 4 7
2 5 12 10 6 10 6 8
4 10 4 2 9 15 8 9
6 5 8 4 12 5 10 10
8 10 12 6 15 10 2 1
10 15 16 8 3 5 4 2
2 5 20 10 6 10 6 3
4 10 9 2 9 15 8 4
6 5 13 4 12 5 10 5
8 10 4 6 15 10 2 6
10 15 8 8 3 5 4 7
2 5 12 10 6 10 6 8
4 10 4 2 9 15 8 9
*
waitingTimeCarsGone
687
0
704
503
232
0
215
9
9
0
9
9
9
0
1
1
*
waitingTimeCarsLeft
0
14
0
8
6
3
0
1
1
1
0
1
1
