2
3 4 5 2 2 6 1 1
15
101
2021
21363.01
8455.997
403
52.33332
-125.4676
carsInLane
3 4 5 2 2 6 1 1
6 4 10 4 4 6 2 2
9 8 5 2 6 12 3 3
3 12 10 4 2 18 4 4
6 16 15 6 4 24 1 1
9 5 20 8 6 15 2 2
12 9 10 2 8 21 3 3
3 13 15 4 2 27 4 4
6 17 20 6 4 33 1 1
9 6 25 8 6 24 2 2
12 10 15 2 8 30 3 3
3 14 20 4 2 36 4 4
6 18 25 6 4 42 1 1
9 7 30 8 6 33 2 2
12 11 20 2 8 39 3 3
3 15 25 4 2 45 4 4
6 19 30 6 4 51 1 1
9 8 35 8 6 42 2 2
12 12 25 2 8 48 3 3
3 16 30 4 2 54 4 4
6 20 35 6 4 60 1 1
9 9 40 8 6 51 2 2
12 13 30 2 8 57 3 3
3 17 35 4 2 63 4 4
6 21 40 6 4 69 1 1
9 10 45 8 6 60 2 2
12 14 35 2 8 66 3 3
3 18 40 4 2 72 4 4
6 22 45 6 4 78 1 1
9 11 50 8 6 69 2 2
12 15 40 2 8 75 3 3
3 19 45 4 2 81 4 4
6 23 50 6 4 87 1 1
9 12 55 8 6 78 2 2
12 16 45 2 8 84 3 3
3 20 50 4 2 90 4 4
6 24 55 6 4 96 1 1
9 13 60 8 6 87 2 2
12 17 50 2 8 93 3 3
3 21 55 4 2 99 4 4
6 25 60 6 4 105 1 1
9 14 65 8 6 96 2 2
12 18 55 2 8 102 3 3
3 22 60 4 2 108 4 4
6 26 65 6 4 114 1 1
9 15 70 8 6 105 2 2
12 19 60 2 8 111 3 3
3 23 65 4 2 117 4 4
6 27 70 6 4 123 1 1
9 16 75 8 6 114 2 2
12 20 65 2 8 120 3 3
3 24 70 4 2 126 4 4
6 28 75 6 4 132 1 1
9 17 80 8 6 123 2 2
12 21 70 2 8 129 3 3
3 25 75 4 2 135 4 4
6 29 80 6 4 141 1 1
9 18 85 8 6 132 2 2
12 22 75 2 8 138 3 3
3 26 80 4 2 144 4 4
6 30 85 6 4 150 1 1
9 19 90 8 6 141 2 2
12 23 80 2 8 147 3 3
3 27 85 4 2 153 4 4
6 31 90 6 4 159 1 1
9 20 95 8 6 150 2 2
12 24 85 2 8 156 3 3
3 28 90 4 2 162 4 4
6 32 95 6 4 168 1 1
9 21 100 8 6 159 2 2
12 25 90 2 8 165 3 3
3 29 95 4 2 171 4 4
6 33 100 6 4 177 1 1
9 22 105 8 6 168 2 2
12 26 95 2 8 174 3 3
3 30 100 4 2 180 4 4
6 34 105 6 4 186 1 1
9 23 110 8 6 177 2 2
12 27 100 2 8 183 3 3
3 31 105 4 2 189 4 4
6 35 110 6 4 195 1 1
9 24 115 8 6 186 2 2
12 28 105 2 8 192 3 3
3 32 110 4 2 198 4 4
6 36 115 6 4 204 1 1
9 25 120 8 6 195 2 2
12 29 110 2 8 201 3 3
3 33 115 4 2 207 4 4
6 37 120 6 4 213 1 1
9 26 125 8 6 204 2 2
12 30 115 2 8 210 3 3
3 34 120 4 2 216 4 4
6 38 125 6 4 222 1 1
9 27 130 8 6 213 2 2
12 31 120 2 8 219 3 3
3 35 125 4 2 225 4 4
6 39 130 6 4 231 1 1
9 28 135 8 6 222 2 2
12 32 125 2 8 228 3 3
3 36 130 4 2 234 4 4
6 40 135 6 4 240 1 1
*
waitingTimeCarsGone
246
0
260
277
299
0
84
84
84
0
66
50
37
0
24
24
27
0
24
24
27
0
24
24
27
0
24
24
27
0
24
24
27
0
19
14
12
0
9
9
12
0
9
9
12
0
9
9
12
0
9
9
6
*
waitingTimeCarsLeft
0
24
0
22
17
15
0
15
15
12
0
11
11
11
0
11
11
11
0
11
11
11
0
11
11
11
0
11
11
11
0
11
11
11
0
11
11
6
0
6
6
6
0
6
6
6
0
6
6
6
0
3
