2
4 4 3 5 3 2 2 1
15
101
2217
14009.65
carsInLane
4 4 3 5 3 2 2 1
4 4 6 10 6 4 4 2
8 8 3 5 9 6 6 3
12 12 6 10 3 2 8 4
16 16 9 15 6 4 2 1
5 5 12 20 9 6 4 2
9 9 3 10 12 8 6 3
13 13 6 15 3 2 8 4
17 17 9 20 6 4 2 1
6 6 12 25 9 6 4 2
10 10 3 15 12 8 6 3
14 14 6 20 3 2 8 4
18 18 9 25 6 4 2 1
7 7 12 30 9 6 4 2
11 11 3 20 12 8 6 3
15 15 6 25 3 2 8 4
19 19 9 30 6 4 2 1
8 8 12 35 9 6 4 2
12 12 3 25 12 8 6 3
16 16 6 30 3 2 8 4
20 20 9 35 6 4 2 1
9 9 12 40 9 6 4 2
13 13 3 30 12 8 6 3
17 17 6 35 3 2 8 4
21 21 9 40 6 4 2 1
10 10 12 45 9 6 4 2
14 14 3 35 12 8 6 3
18 18 6 40 3 2 8 4
22 22 9 45 6 4 2 1
11 11 12 50 9 6 4 2
15 15 3 40 12 8 6 3
19 19 6 45 3 2 8 4
23 23 9 50 6 4 2 1
12 12 12 55 9 6 4 2
16 16 3 45 12 8 6 3
20 20 6 50 3 2 8 4
24 24 9 55 6 4 2 1
13 13 12 60 9 6 4 2
17 17 3 50 12 8 6 3
21 21 6 55 3 2 8 4
25 25 9 60 6 4 2 1
14 14 12 65 9 6 4 2
18 18 3 55 12 8 6 3
22 22 6 60 3 2 8 4
26 26 9 65 6 4 2 1
15 15 12 70 9 6 4 2
19 19 3 60 12 8 6 3
23 23 6 65 3 2 8 4
27 27 9 70 6 4 2 1
16 16 12 75 9 6 4 2
20 20 3 65 12 8 6 3
24 24 6 70 3 2 8 4
28 28 9 75 6 4 2 1
17 17 12 80 9 6 4 2
21 21 3 70 12 8 6 3
25 25 6 75 3 2 8 4
29 29 9 80 6 4 2 1
18 18 12 85 9 6 4 2
22 22 3 75 12 8 6 3
26 26 6 80 3 2 8 4
30 30 9 85 6 4 2 1
19 19 12 90 9 6 4 2
23 23 3 80 12 8 6 3
27 27 6 85 3 2 8 4
31 31 9 90 6 4 2 1
20 20 12 95 9 6 4 2
24 24 3 85 12 8 6 3
28 28 6 90 3 2 8 4
32 32 9 95 6 4 2 1
21 21 12 100 9 6 4 2
25 25 3 90 12 8 6 3
29 29 6 95 3 2 8 4
33 33 9 100 6 4 2 1
22 22 12 105 9 6 4 2
26 26 3 95 12 8 6 3
30 30 6 100 3 2 8 4
34 34 9 105 6 4 2 1
23 23 12 110 9 6 4 2
27 27 3 100 12 8 6 3
31 31 6 105 3 2 8 4
35 35 9 110 6 4 2 1
24 24 12 115 9 6 4 2
28 28 3 105 12 8 6 3
32 32 6 110 3 2 8 4
36 36 9 115 6 4 2 1
25 25 12 120 9 6 4 2
29 29 3 110 12 8 6 3
33 33 6 115 3 2 8 4
37 37 9 120 6 4 2 1
26 26 12 125 9 6 4 2
30 30 3 115 12 8 6 3
34 34 6 120 3 2 8 4
38 38 9 125 6 4 2 1
27 27 12 130 9 6 4 2
31 31 3 120 12 8 6 3
35 35 6 125 3 2 8 4
39 39 9 130 6 4 2 1
28 28 12 135 9 6 4 2
32 32 3 125 12 8 6 3
36 36 6 130 3 2 8 4
40 40 9 135 6 4 2 1
*
waitingTimeCarsGone
300
0
329
358
390
0
135
135
129
0
99
67
35
0
15
15
15
0
15
15
15
0
15
15
15
0
15
15
15
0
15
15
15
0
10
5
*
waitingTimeCarsLeft
0
24
0
21
16
13
0
13
13
7
0
5
5
5
0
5
5
5
0
5
5
5
0
5
5
5
0
5
5
5
0
5
5
5
0
5
5
