100
3 6 6 0 2 1 2 4
15
101
2093
19573.67
4910.666
331
55.99998
4613.11
carsInLane
3 6 6 0 2 1 2 4
3 6 12 0 4 2 4 8
6 12 6 0 6 3 2 12
3 6 12 0 8 4 4 16
6 12 18 0 10 5 2 5
9 18 9 0 12 6 2 9
3 9 15 0 14 7 4 13
6 15 21 0 2 1 6 17
9 21 12 0 4 2 2 21
3 12 18 0 6 3 4 25
6 18 24 0 8 4 2 14
9 24 15 0 10 5 2 18
3 15 21 0 12 6 4 22
6 21 27 0 14 7 2 11
9 27 18 0 16 8 2 15
3 18 24 0 18 9 4 19
6 24 15 0 20 10 2 23
9 15 21 0 22 1 4 27
3 21 27 0 9 2 6 31
6 27 33 0 11 3 2 20
9 33 24 0 13 4 2 24
3 24 30 0 15 5 4 28
6 30 21 0 17 6 2 32
9 21 27 0 19 1 4 36
12 27 33 0 21 2 2 25
3 18 39 0 23 3 4 29
6 24 30 0 25 4 2 33
9 30 36 0 27 5 2 22
3 21 42 0 29 6 4 26
6 27 33 0 31 7 2 30
9 33 39 0 18 1 4 34
12 39 30 0 20 2 2 38
3 30 36 0 22 3 4 42
6 36 42 0 24 4 2 31
9 42 33 0 26 5 2 35
3 33 39 0 28 6 4 39
6 39 30 0 30 7 2 43
9 30 36 0 32 1 4 47
12 36 42 0 34 2 2 36
3 27 48 0 36 3 4 40
6 33 39 0 38 4 2 44
9 39 45 0 40 5 2 33
3 45 51 0 27 6 4 37
6 51 42 0 29 7 2 41
9 42 48 0 31 1 4 45
12 48 39 0 33 2 2 49
3 39 45 0 35 3 4 53
6 45 51 0 37 4 2 42
9 51 42 0 39 5 2 46
3 42 48 0 41 6 4 50
6 48 54 0 43 7 2 39
9 54 45 0 45 8 2 43
3 45 51 0 47 9 4 47
6 51 57 0 34 1 6 51
9 57 48 0 36 2 2 55
3 48 54 0 38 3 4 59
6 54 60 0 40 4 2 48
9 60 51 0 42 5 2 52
3 51 57 0 44 6 4 56
6 57 48 0 46 7 2 60
9 48 54 0 48 1 4 64
12 54 60 0 50 2 2 53
3 45 66 0 52 3 4 57
6 51 57 0 54 4 2 61
9 57 63 0 56 5 2 50
3 48 69 0 58 6 4 54
6 54 60 0 60 7 2 58
9 60 66 0 47 1 4 62
12 66 57 0 49 2 2 66
3 57 63 0 51 3 4 70
6 63 69 0 53 4 2 59
9 69 60 0 55 5 2 63
3 60 66 0 57 6 4 67
6 66 72 0 59 7 2 56
9 72 63 0 61 8 2 60
3 63 69 0 63 9 4 64
6 69 60 0 65 10 2 68
9 60 66 0 67 1 4 72
3 66 72 0 54 2 6 76
6 72 78 0 56 3 2 65
9 78 69 0 58 4 2 69
3 69 75 0 60 5 4 73
6 75 66 0 62 6 2 77
9 66 72 0 64 1 4 81
12 72 78 0 66 2 2 70
3 63 84 0 68 3 4 74
6 69 75 0 70 4 2 78
9 75 81 0 72 5 2 67
3 66 87 0 74 6 4 71
6 72 78 0 76 7 2 75
9 78 84 0 63 1 4 79
12 84 75 0 65 2 2 83
3 75 81 0 67 3 4 87
6 81 87 0 69 4 2 76
9 87 78 0 71 5 2 80
3 78 84 0 73 6 4 84
6 84 75 0 75 7 2 88
9 75 81 0 77 1 4 92
12 81 87 0 79 2 2 81
3 72 93 0 81 3 4 85
6 78 84 0 83 4 2 89
*
waitingTimeCarsGone
247
0
238
195
136
0
115
103
113
0
119
106
108
0
112
103
95
0
79
38
23
0
21
18
22
0
21
15
13
0
8
3
2
0
2
4
4
0
4
4
3
0
4
4
3
0
2
2
2
0
2
*
waitingTimeCarsLeft
0
24
0
22
19
19
0
18
18
18
0
18
18
18
0
18
18
18
0
12
6
6
0
6
6
4
0
2
2
2
0
2
2
2
0
2
2
2
0
2
2
2
0
2
2
2
0
2
2
2
0
2
2
2
0
2
1
