5
0 4 3 8 1 5 2 1
15
99
2061
20612.66
carsInLane
0 4 3 8 1 5 2 1
0 8 3 8 2 10 4 2
0 4 6 16 3 5 6 3
0 8 3 9 4 10 8 4
0 4 6 17 5 5 10 5
0 8 3 10 6 10 12 6
0 12 6 18 1 15 14 7
0 16 9 26 2 20 2 1
0 5 12 34 3 10 4 2
0 9 3 27 4 15 6 3
0 13 6 20 5 20 8 1
0 4 9 28 6 10 10 2
0 8 12 36 1 15 12 3
0 12 3 44 2 20 2 4
0 16 6 37 3 25 4 1
0 20 3 30 4 30 6 2
0 9 6 38 5 20 8 3
0 13 3 31 6 25 10 4
0 17 6 39 1 30 12 5
0 21 9 47 2 35 2 1
0 10 12 55 3 25 4 2
0 14 3 48 4 30 6 3
0 18 6 41 5 35 8 1
0 7 9 49 6 25 10 2
0 11 12 57 1 30 12 3
0 15 3 65 2 35 2 4
0 19 6 58 3 40 4 1
0 23 3 51 4 45 6 2
0 12 6 59 5 35 8 3
0 16 3 52 6 40 10 4
0 20 6 60 1 45 12 5
0 24 9 68 2 50 2 1
0 28 3 61 3 55 4 2
0 17 6 69 4 45 6 3
0 21 3 62 5 50 8 4
0 10 6 70 6 40 10 5
0 14 9 78 1 45 12 6
0 18 12 86 2 50 2 1
0 22 3 79 3 55 4 2
0 26 3 72 4 60 6 3
0 15 6 80 5 50 8 4
0 19 3 73 6 55 10 5
0 23 6 81 1 60 12 6
0 27 9 89 2 65 2 1
0 31 3 82 3 70 4 2
0 20 6 90 4 60 6 3
0 24 3 83 5 65 8 4
0 13 6 91 6 55 10 5
0 17 9 99 1 60 12 6
0 21 12 107 2 65 2 1
0 25 3 100 3 70 4 2
0 29 3 93 4 75 6 3
0 18 6 101 5 65 8 4
0 22 3 94 6 70 10 5
0 26 6 102 1 75 12 6
0 30 9 110 2 80 2 1
0 34 3 103 3 85 4 2
0 23 6 111 4 75 6 3
0 27 3 104 5 80 8 4
0 31 6 97 6 85 10 1
0 35 9 105 1 90 12 2
0 39 3 113 2 95 2 3
0 28 6 121 3 85 4 4
0 32 3 114 4 90 6 5
0 21 6 122 5 80 8 6
0 25 9 130 6 85 2 1
0 29 12 138 1 90 4 2
0 33 3 131 2 95 6 3
0 37 6 124 3 100 8 1
0 26 9 132 4 90 10 2
0 30 3 125 5 95 12 3
0 34 6 133 6 100 2 1
0 38 9 141 1 105 4 2
0 42 3 134 2 110 6 3
0 31 6 142 3 100 8 4
0 35 3 135 4 105 10 5
0 24 6 143 5 95 12 6
0 28 9 151 6 100 2 1
0 32 12 159 1 105 4 2
0 36 3 152 2 110 6 3
0 40 6 145 3 115 8 1
0 29 9 153 4 105 10 2
0 33 3 146 5 110 12 3
0 37 6 154 6 115 2 1
0 41 9 162 1 120 4 2
0 45 3 155 2 125 6 3
0 34 6 163 3 115 8 4
0 38 3 156 4 120 10 5
0 42 6 149 5 125 12 1
0 46 3 157 6 130 2 2
0 50 6 165 1 135 4 3
0 39 9 173 2 125 6 4
0 43 3 166 3 130 8 5
0 32 6 174 4 120 10 6
0 36 9 182 5 125 2 1
0 40 3 175 6 130 4 2
0 44 6 183 1 135 6 3
0 48 3 176 2 140 8 4
0 37 6 184 3 130 10 5
0 41 3 177 4 135 12 6
0 45 6 185 5 140 2 1
*
waitingTimeCarsGone
235
0
246
184
172
16
129
138
90
8
69
74
77
31
28
55
58
32
5
20
35
23
23
44
56
5
40
29
44
0
39
11
15
0
15
10
5
*
waitingTimeCarsLeft
0
21
0
18
18
18
0
18
17
17
0
17
17
17
0
17
14
13
0
13
13
13
0
13
13
13
0
13
13
7
0
5
5
5
0
5
5
5
