6
3 3 2 3 3 2 7 1
15
101
2283
11998.32
carsInLane
3 3 2 3 3 2 7 1
6 6 2 6 6 4 7 2
3 9 4 9 3 6 14 3
6 12 2 12 6 8 7 4
9 3 4 15 9 2 14 5
12 6 6 3 12 4 21 1
15 9 2 6 15 6 13 2
3 12 4 9 3 8 20 3
6 15 2 12 6 10 12 4
9 3 4 15 9 2 19 5
12 6 6 18 12 4 11 1
3 9 8 21 3 6 18 2
6 12 2 9 6 8 25 3
9 15 4 12 9 10 17 1
12 3 6 15 12 2 24 2
15 6 2 18 15 4 16 3
3 9 4 21 3 6 23 4
6 12 2 24 6 8 15 5
9 15 4 12 9 10 22 1
12 18 2 15 12 12 14 2
15 6 4 18 15 2 21 3
3 9 6 21 3 4 28 4
6 12 2 24 6 6 20 5
9 15 4 12 9 8 27 1
12 18 2 15 12 10 19 2
3 6 4 18 15 12 26 3
6 9 2 21 18 14 18 4
9 12 4 24 6 2 25 5
12 15 6 27 9 4 17 1
15 18 2 15 12 6 24 2
3 6 4 18 15 8 31 3
6 9 2 21 18 10 23 4
9 12 4 24 6 2 30 5
12 15 6 27 9 4 22 1
15 18 2 15 12 6 29 2
3 6 4 18 15 8 36 3
6 9 2 21 18 10 28 4
9 12 4 24 21 12 20 1
12 15 6 27 9 2 27 2
15 18 2 30 12 4 19 3
18 21 4 18 15 6 26 1
6 9 6 21 18 8 33 2
9 12 2 24 21 10 25 3
12 15 4 27 9 2 32 4
15 18 2 30 12 4 24 5
18 21 4 18 15 6 31 1
6 9 6 21 18 8 38 2
9 12 2 24 21 10 30 3
12 15 4 27 24 12 22 1
3 18 6 30 12 14 29 2
6 6 8 33 15 2 36 3
9 9 2 36 18 4 28 4
12 12 4 24 21 6 35 1
15 15 2 27 24 8 27 2
3 18 4 30 12 10 34 3
6 21 2 33 15 12 26 4
9 24 4 21 18 14 33 1
12 12 6 24 21 2 40 2
15 15 2 27 24 4 32 3
3 18 4 30 12 6 39 4
6 21 2 33 15 8 31 5
9 24 4 21 18 10 38 1
12 27 2 24 21 12 30 2
15 15 4 27 24 2 37 3
18 18 2 30 27 4 29 4
6 21 4 33 15 6 36 5
9 24 6 36 18 8 28 1
12 27 2 24 21 10 35 2
3 15 4 27 24 12 42 3
6 18 2 30 27 14 34 4
9 21 4 33 15 2 41 5
12 24 6 36 18 4 33 1
15 27 2 24 21 6 40 2
18 30 2 27 24 8 32 3
6 18 4 30 27 10 39 4
9 21 2 33 30 12 31 5
12 24 4 36 18 2 38 6
15 27 6 39 21 4 30 1
18 30 2 27 24 6 37 2
6 18 4 30 27 8 44 3
9 21 2 33 30 10 36 4
12 24 4 36 18 2 43 5
15 27 6 39 21 4 35 1
18 30 2 27 24 6 42 2
6 18 4 30 27 8 49 3
9 21 2 33 30 10 41 4
12 24 4 36 33 12 33 1
3 27 6 39 21 14 40 2
6 15 8 42 24 2 47 3
9 18 2 45 27 4 39 4
12 21 4 33 30 6 46 1
15 24 2 36 33 8 38 2
3 27 4 39 21 10 45 3
6 30 2 42 24 12 37 4
9 33 4 30 27 14 44 1
12 21 6 33 30 2 51 2
15 24 2 36 33 4 43 3
3 27 4 39 21 6 50 4
6 30 2 42 24 8 42 5
9 33 4 30 27 10 49 1
12 36 2 33 30 12 41 2
*
waitingTimeCarsGone
230
0
308
325
352
0
337
250
148
0
93
78
63
0
45
27
15
0
9
3
*
waitingTimeCarsLeft
0
22
0
20
19
19
0
16
15
9
0
6
6
6
0
3
