9
2 2 3 0 4 6 4 3
15
101
2381
5660.331
141.3333
43
9.666666
carsInLane
2 2 3 0 4 6 4 3
4 4 6 0 4 6 8 6
6 6 3 0 8 12 4 9
8 8 6 0 4 6 8 12
10 10 9 0 8 12 4 3
12 2 12 0 12 6 8 6
2 4 15 0 4 12 12 9
4 6 3 0 8 18 4 12
6 8 6 0 4 9 8 15
8 10 9 0 8 15 4 3
10 12 3 0 12 21 8 6
12 2 6 0 16 12 12 9
2 4 9 0 5 18 16 12
4 6 12 0 9 24 5 3
6 8 15 0 4 15 9 6
8 10 3 0 8 21 4 9
10 2 6 0 12 12 8 12
12 4 9 0 4 6 12 15
14 6 12 0 8 12 4 3
2 8 15 0 4 18 8 6
4 10 3 0 8 24 12 9
6 2 6 0 12 15 16 12
8 4 9 0 16 21 5 3
10 6 12 0 5 12 9 6
12 8 3 0 9 18 4 9
14 10 6 0 4 9 8 12
2 2 9 0 8 15 12 15
4 4 12 0 12 21 4 3
6 6 15 0 4 12 8 6
8 8 3 0 8 18 4 9
10 10 6 0 12 24 8 3
12 12 9 0 4 15 12 6
14 2 12 0 8 6 16 9
16 4 3 0 12 12 5 12
3 6 6 0 4 18 9 15
5 2 9 0 8 9 13 18
7 4 12 0 12 15 4 6
9 6 15 0 4 6 8 9
11 8 3 0 8 12 4 12
13 2 6 0 12 6 8 15
15 4 9 0 16 12 12 3
2 6 12 0 5 18 16 6
4 8 3 0 9 24 5 9
6 10 6 0 4 15 9 12
8 2 9 0 8 6 13 15
10 4 12 0 12 12 4 3
12 6 15 0 4 6 8 6
14 8 3 0 8 12 4 9
2 10 6 0 4 18 8 12
4 2 9 0 8 9 12 15
6 4 12 0 12 15 16 3
8 6 3 0 16 21 5 6
10 8 6 0 5 12 9 9
12 2 9 0 9 6 13 12
14 4 12 0 13 12 4 3
2 6 15 0 4 18 8 6
4 2 18 0 8 9 12 9
6 4 6 0 12 15 4 12
8 6 9 0 4 6 8 15
10 8 12 0 8 12 4 3
12 10 3 0 12 18 8 6
14 12 6 0 4 9 12 9
2 2 9 0 8 15 16 12
4 4 12 0 12 21 5 3
6 6 15 0 4 12 9 6
8 8 3 0 8 18 4 9
10 2 6 0 12 9 8 12
2 4 9 0 4 15 12 15
4 6 12 0 8 21 4 3
6 8 15 0 4 12 8 6
8 10 3 0 8 18 12 9
10 2 6 0 12 9 16 12
12 4 9 0 16 15 5 3
14 6 12 0 5 6 9 6
16 8 3 0 9 12 4 9
3 10 6 0 4 18 8 12
5 2 9 0 8 9 12 15
7 4 12 0 12 15 4 3
9 6 15 0 4 6 8 6
11 8 3 0 8 12 4 9
13 10 6 0 12 18 8 3
15 12 9 0 4 9 12 6
2 2 12 0 8 15 16 9
4 4 3 0 12 21 5 12
6 6 6 0 4 12 9 15
8 8 9 0 8 18 4 3
10 2 12 0 12 9 8 6
2 4 15 0 4 15 12 9
4 6 3 0 8 21 4 12
6 8 6 0 4 12 8 15
8 10 9 0 8 18 12 3
10 2 12 0 12 9 16 6
12 4 3 0 16 15 5 9
14 6 6 0 5 6 9 12
16 8 9 0 9 12 4 3
3 10 12 0 4 18 8 6
5 2 15 0 8 9 12 9
7 4 3 0 12 15 4 12
9 6 6 0 4 6 8 15
11 8 9 0 8 12 4 3
13 10 3 0 12 18 8 6
*
waitingTimeCarsGone
595
0
717
573
299
0
131
38
20
0
8
*
waitingTimeCarsLeft
0
17
0
11
4
4
0
4
2
1
