100
2 1 2 0 3 6 6 4
15
101
2379
5150.334
carsInLane
2 1 2 0 3 6 6 4
4 2 4 0 6 12 6 4
6 3 6 0 3 6 12 8
8 4 8 0 6 12 6 4
10 5 10 0 3 6 12 8
12 6 2 0 6 12 6 12
2 7 4 0 3 18 12 16
4 8 6 0 6 24 6 5
6 1 8 0 9 15 12 9
8 2 10 0 3 6 18 13
10 3 12 0 6 12 9 4
12 4 2 0 9 18 6 8
14 5 4 0 3 9 12 12
16 6 6 0 6 15 6 4
3 7 8 0 3 21 12 8
5 1 10 0 6 12 18 12
7 2 12 0 9 18 9 4
9 3 14 0 3 9 15 8
11 4 2 0 6 15 6 12
13 5 4 0 3 6 12 16
15 6 6 0 6 12 6 5
2 7 8 0 3 18 12 9
4 1 10 0 6 9 18 13
6 2 12 0 9 15 9 4
8 3 14 0 3 6 15 8
10 4 2 0 6 12 6 12
12 5 4 0 3 6 12 16
14 6 6 0 6 12 6 5
2 7 8 0 3 18 12 9
4 1 10 0 6 9 18 13
6 2 12 0 9 15 9 4
8 3 14 0 3 6 15 8
10 4 2 0 6 12 6 12
12 5 4 0 3 6 12 16
14 6 6 0 6 12 6 5
2 7 8 0 3 18 12 9
4 1 10 0 6 9 18 13
6 2 12 0 9 15 9 4
8 3 14 0 3 6 15 8
10 4 2 0 6 12 6 12
12 5 4 0 3 6 12 16
14 6 6 0 6 12 6 5
2 7 8 0 3 18 12 9
4 1 10 0 6 9 18 13
6 2 12 0 9 15 9 4
8 3 14 0 3 6 15 8
10 4 2 0 6 12 6 12
12 5 4 0 3 6 12 16
14 6 6 0 6 12 6 5
2 7 8 0 3 18 12 9
4 1 10 0 6 9 18 13
6 2 12 0 9 15 9 4
8 3 14 0 3 6 15 8
10 4 2 0 6 12 6 12
12 5 4 0 3 6 12 16
14 6 6 0 6 12 6 5
2 7 8 0 3 18 12 9
4 1 10 0 6 9 18 13
6 2 12 0 9 15 9 4
8 3 14 0 3 6 15 8
10 4 2 0 6 12 6 12
12 5 4 0 3 6 12 16
14 6 6 0 6 12 6 5
2 7 8 0 3 18 12 9
4 1 10 0 6 9 18 13
6 2 12 0 9 15 9 4
8 3 14 0 3 6 15 8
10 4 2 0 6 12 6 12
12 5 4 0 3 6 12 16
14 6 6 0 6 12 6 5
2 7 8 0 3 18 12 9
4 1 10 0 6 9 18 13
6 2 12 0 9 15 9 4
8 3 14 0 3 6 15 8
10 4 2 0 6 12 6 12
12 5 4 0 3 6 12 16
14 6 6 0 6 12 6 5
2 7 8 0 3 18 12 9
4 1 10 0 6 9 18 13
6 2 12 0 9 15 9 4
8 3 14 0 3 6 15 8
10 4 2 0 6 12 6 12
12 5 4 0 3 6 12 16
14 6 6 0 6 12 6 5
2 7 8 0 3 18 12 9
4 1 10 0 6 9 18 13
6 2 12 0 9 15 9 4
8 3 14 0 3 6 15 8
10 4 2 0 6 12 6 12
12 5 4 0 3 6 12 16
14 6 6 0 6 12 6 5
2 7 8 0 3 18 12 9
4 1 10 0 6 9 18 13
6 2 12 0 9 15 9 4
8 3 14 0 3 6 15 8
10 4 2 0 6 12 6 12
12 5 4 0 3 6 12 16
14 6 6 0 6 12 6 5
2 7 8 0 3 18 12 9
4 1 10 0 6 9 18 13
6 2 12 0 9 15 9 4
*
waitingTimeCarsGone
724
0
818
481
146
0
72
70
64
0
4
*
waitingTimeCarsLeft
0
22
0
15
8
