7
2 1 2 0 3 6 6 4
15
101
2304
10606.67
carsInLane
2 1 2 0 3 6 6 4
4 2 4 0 6 12 6 4
6 3 6 0 3 6 12 8
8 4 8 0 6 12 6 4
10 5 10 0 3 6 12 8
12 6 2 0 6 12 6 12
2 7 4 0 3 18 12 16
4 8 6 0 6 24 6 5
6 1 8 0 9 15 12 9
8 2 2 0 12 21 18 13
10 3 4 0 3 12 24 17
12 4 6 0 6 18 15 6
14 5 8 0 3 9 21 10
16 6 10 0 6 15 12 4
3 1 12 0 9 21 18 8
5 2 2 0 12 27 9 12
7 3 4 0 3 18 15 16
9 4 6 0 6 24 21 5
11 5 8 0 3 15 27 9
13 6 10 0 6 21 18 4
15 7 2 0 9 27 9 8
17 8 4 0 3 18 15 12
4 1 6 0 6 24 21 16
6 2 8 0 9 30 12 5
8 3 10 0 3 21 18 9
10 4 2 0 6 27 24 13
12 5 4 0 9 33 15 4
14 6 6 0 3 24 21 8
16 1 8 0 6 15 27 12
18 2 10 0 9 21 18 4
5 3 12 0 3 27 24 8
7 4 2 0 6 33 15 12
9 5 4 0 3 24 21 16
11 6 6 0 6 30 27 5
13 1 8 0 9 21 33 9
15 2 10 0 12 27 24 4
17 3 12 0 3 18 30 8
19 4 2 0 6 24 21 12
6 1 4 0 9 30 27 16
8 2 6 0 12 36 18 5
10 3 8 0 3 27 24 9
12 4 2 0 6 33 30 13
14 5 4 0 9 39 21 4
16 6 6 0 3 30 27 8
18 1 8 0 6 21 33 12
20 2 10 0 9 27 24 4
7 3 12 0 3 33 30 8
9 4 2 0 6 39 21 12
11 5 4 0 3 30 27 16
13 6 6 0 6 36 33 5
15 1 8 0 9 27 39 9
17 2 10 0 12 33 30 4
19 3 12 0 3 24 36 8
21 4 2 0 6 30 27 12
8 1 4 0 9 36 33 16
10 2 6 0 12 42 24 5
12 3 8 0 3 33 30 9
14 4 2 0 6 39 36 13
16 5 4 0 9 45 27 4
18 6 6 0 3 36 33 8
20 1 8 0 6 27 39 12
22 2 10 0 9 33 30 4
9 3 12 0 3 39 36 8
11 4 2 0 6 45 27 12
13 5 4 0 3 36 33 16
15 6 6 0 6 42 39 5
17 1 8 0 9 33 45 9
19 2 10 0 12 39 36 4
21 3 12 0 3 30 42 8
23 4 2 0 6 36 33 12
10 1 4 0 9 42 39 16
12 2 6 0 12 48 30 5
14 3 8 0 3 39 36 9
16 4 2 0 6 45 42 13
18 5 4 0 9 51 33 4
20 6 6 0 3 42 39 8
22 1 8 0 6 33 45 12
24 2 10 0 9 39 36 4
11 3 12 0 3 45 42 8
13 4 2 0 6 51 33 12
15 5 4 0 3 42 39 16
17 6 6 0 6 48 45 5
19 1 8 0 9 39 51 9
21 2 10 0 12 45 42 4
23 3 12 0 3 36 48 8
25 4 2 0 6 42 39 12
12 1 4 0 9 48 45 16
14 2 6 0 12 54 36 5
16 3 8 0 3 45 42 9
18 4 2 0 6 51 48 13
20 5 4 0 9 57 39 4
22 6 6 0 3 48 45 8
24 1 8 0 6 39 51 12
26 2 10 0 9 45 42 4
13 3 12 0 3 51 48 8
15 4 2 0 6 57 39 12
17 5 4 0 3 48 45 16
19 6 6 0 6 54 51 5
21 1 8 0 9 45 57 9
23 2 10 0 12 51 48 4
25 3 12 0 3 42 54 8
*
waitingTimeCarsGone
316
0
369
361
331
0
241
238
189
0
144
70
24
0
11
7
3
*
waitingTimeCarsLeft
0
22
0
19
15
14
0
14
14
11
0
2
2
2
0
2
2
1
