2
1 3 1 3 5 3 5 3
15
101
2143
16964.98
4732.001
281
carsInLane
1 3 1 3 5 3 5 3
2 6 2 6 5 3 10 6
3 9 3 9 10 6 5 3
1 3 4 12 15 9 10 6
2 6 1 3 20 12 15 9
3 9 2 6 10 3 20 12
4 12 3 9 15 6 10 3
1 3 4 12 20 9 15 6
2 6 1 3 25 12 20 9
3 9 2 6 15 3 25 12
4 12 3 9 20 6 15 3
1 3 4 12 25 9 20 6
2 6 1 3 30 12 25 9
3 9 2 6 20 3 30 12
4 12 3 9 25 6 20 3
1 3 4 12 30 9 25 6
2 6 1 3 35 12 30 9
3 9 2 6 25 3 35 12
4 12 3 9 30 6 25 3
1 3 4 12 35 9 30 6
2 6 1 3 40 12 35 9
3 9 2 6 30 3 40 12
4 12 3 9 35 6 30 3
1 3 4 12 40 9 35 6
2 6 1 3 45 12 40 9
3 9 2 6 35 3 45 12
4 12 3 9 40 6 35 3
1 3 4 12 45 9 40 6
2 6 1 3 50 12 45 9
3 9 2 6 40 3 50 12
4 12 3 9 45 6 40 3
1 3 4 12 50 9 45 6
2 6 1 3 55 12 50 9
3 9 2 6 45 3 55 12
4 12 3 9 50 6 45 3
1 3 4 12 55 9 50 6
2 6 1 3 60 12 55 9
3 9 2 6 50 3 60 12
4 12 3 9 55 6 50 3
1 3 4 12 60 9 55 6
2 6 1 3 65 12 60 9
3 9 2 6 55 3 65 12
4 12 3 9 60 6 55 3
1 3 4 12 65 9 60 6
2 6 1 3 70 12 65 9
3 9 2 6 60 3 70 12
4 12 3 9 65 6 60 3
1 3 4 12 70 9 65 6
2 6 1 3 75 12 70 9
3 9 2 6 65 3 75 12
4 12 3 9 70 6 65 3
1 3 4 12 75 9 70 6
2 6 1 3 80 12 75 9
3 9 2 6 70 3 80 12
4 12 3 9 75 6 70 3
1 3 4 12 80 9 75 6
2 6 1 3 85 12 80 9
3 9 2 6 75 3 85 12
4 12 3 9 80 6 75 3
1 3 4 12 85 9 80 6
2 6 1 3 90 12 85 9
3 9 2 6 80 3 90 12
4 12 3 9 85 6 80 3
1 3 4 12 90 9 85 6
2 6 1 3 95 12 90 9
3 9 2 6 85 3 95 12
4 12 3 9 90 6 85 3
1 3 4 12 95 9 90 6
2 6 1 3 100 12 95 9
3 9 2 6 90 3 100 12
4 12 3 9 95 6 90 3
1 3 4 12 100 9 95 6
2 6 1 3 105 12 100 9
3 9 2 6 95 3 105 12
4 12 3 9 100 6 95 3
1 3 4 12 105 9 100 6
2 6 1 3 110 12 105 9
3 9 2 6 100 3 110 12
4 12 3 9 105 6 100 3
1 3 4 12 110 9 105 6
2 6 1 3 115 12 110 9
3 9 2 6 105 3 115 12
4 12 3 9 110 6 105 3
1 3 4 12 115 9 110 6
2 6 1 3 120 12 115 9
3 9 2 6 110 3 120 12
4 12 3 9 115 6 110 3
1 3 4 12 120 9 115 6
2 6 1 3 125 12 120 9
3 9 2 6 115 3 125 12
4 12 3 9 120 6 115 3
1 3 4 12 125 9 120 6
2 6 1 3 130 12 125 9
3 9 2 6 120 3 130 12
4 12 3 9 125 6 120 3
1 3 4 12 130 9 125 6
2 6 1 3 135 12 130 9
3 9 2 6 125 3 135 12
4 12 3 9 130 6 125 3
1 3 4 12 135 9 130 6
2 6 1 3 140 12 135 9
*
waitingTimeCarsGone
363
0
365
367
373
0
30
30
30
0
30
30
30
0
30
30
30
0
30
30
30
0
30
30
30
0
30
30
30
0
30
30
30
0
25
15
5
*
waitingTimeCarsLeft
0
21
0
17
13
10
0
10
10
10
0
10
10
10
0
10
10
10
0
10
10
10
0
10
10
10
0
10
10
10
0
10
10
10
0
5
5
