7
4 4 3 5 3 2 2 1
15
101
2382
5995.338
carsInLane
4 4 3 5 3 2 2 1
4 4 6 10 6 4 4 2
8 8 3 5 9 6 6 3
4 12 6 10 3 8 8 4
8 4 9 15 6 2 10 5
12 8 3 5 9 4 12 6
4 12 6 10 3 6 14 7
8 16 9 15 6 8 2 1
12 5 12 20 9 2 4 2
16 9 3 10 12 4 6 3
5 13 6 15 3 6 8 4
9 17 3 5 6 8 10 5
4 6 6 10 9 10 12 6
8 10 9 15 3 2 14 7
12 14 3 5 6 4 16 8
16 18 6 10 9 6 3 1
5 7 9 15 12 8 5 2
9 11 3 5 15 10 7 3
13 15 6 10 3 2 9 4
4 4 9 15 6 4 11 5
8 8 3 5 9 6 13 6
12 12 6 10 12 8 2 1
4 16 9 15 3 10 4 2
8 5 12 20 6 2 6 3
12 9 3 10 9 4 8 4
4 13 6 15 3 6 10 5
8 17 3 5 6 8 12 6
12 6 6 10 9 2 14 7
4 10 9 15 3 4 16 8
8 14 12 20 6 6 3 1
12 18 3 10 9 8 5 2
4 7 6 15 12 10 7 3
8 11 9 20 3 2 9 4
12 15 3 10 6 4 11 5
4 4 6 15 9 6 13 6
8 8 9 5 12 8 15 1
12 12 3 10 15 10 2 2
4 16 6 15 3 12 4 3
8 5 9 20 6 2 6 4
12 9 3 10 9 4 8 5
4 13 6 15 3 6 10 6
8 17 9 5 6 8 12 1
12 6 12 10 9 2 14 2
16 10 3 15 12 4 2 3
5 14 6 20 3 6 4 4
9 18 3 10 6 8 6 5
4 7 6 15 9 10 8 6
8 11 9 5 12 12 10 1
12 15 12 10 3 2 12 2
4 4 15 15 6 4 14 3
8 8 3 5 9 6 16 4
12 12 6 10 12 8 3 1
4 16 9 15 3 10 5 2
8 5 12 20 6 2 7 3
12 9 3 10 9 4 9 4
4 13 6 15 3 6 11 5
8 17 3 5 6 8 13 6
12 6 6 10 9 2 15 7
16 10 9 15 12 4 2 1
5 14 12 20 3 6 4 2
9 18 3 10 6 8 6 3
4 7 6 15 9 10 8 4
8 11 3 5 12 12 10 5
12 15 6 10 3 2 12 6
4 4 9 15 6 4 14 7
8 8 3 5 9 6 16 8
12 12 6 10 12 8 3 1
4 16 9 15 3 10 5 2
8 5 12 20 6 2 7 3
12 9 3 10 9 4 9 4
4 13 6 15 3 6 11 5
8 17 3 5 6 8 13 6
12 6 6 10 9 2 15 7
16 10 9 15 12 4 2 1
5 14 12 20 3 6 4 2
9 18 3 10 6 8 6 3
4 7 6 15 9 10 8 4
8 11 3 5 12 12 10 5
12 15 6 10 3 2 12 6
4 4 9 15 6 4 14 7
8 8 3 5 9 6 16 8
12 12 6 10 12 8 3 1
4 16 9 15 3 10 5 2
8 5 12 20 6 2 7 3
12 9 3 10 9 4 9 4
4 13 6 15 3 6 11 5
8 17 3 5 6 8 13 6
12 6 6 10 9 2 15 7
16 10 9 15 12 4 2 1
5 14 12 20 3 6 4 2
9 18 3 10 6 8 6 3
4 7 6 15 9 10 8 4
8 11 3 5 12 12 10 5
12 15 6 10 3 2 12 6
4 4 9 15 6 4 14 7
8 8 3 5 9 6 16 8
12 12 6 10 12 8 3 1
4 16 9 15 3 10 5 2
8 5 12 20 6 2 7 3
12 9 3 10 9 4 9 4
4 13 6 15 3 6 11 5
*
waitingTimeCarsGone
560
0
666
609
351
0
92
49
34
0
21
*
waitingTimeCarsLeft
0
16
0
9
9
4
0
3
1
