7
2 4 1 2 5 2 1 7
15
101
2111
19568.98
4077.333
313
35
carsInLane
2 4 1 2 5 2 1 7
4 8 2 2 10 4 2 7
2 12 3 4 5 6 3 14
4 4 4 6 10 2 4 21
6 8 5 2 15 4 5 13
2 12 6 4 5 6 6 20
4 16 7 6 10 8 1 12
6 5 8 8 15 2 2 19
8 9 1 2 20 4 3 26
10 13 2 4 25 6 1 18
2 17 3 6 15 8 2 25
4 21 4 2 20 10 3 17
6 10 5 4 25 2 4 24
2 14 6 6 15 4 5 31
4 18 7 2 20 6 6 23
6 22 8 4 25 8 1 15
8 26 1 2 30 10 2 22
10 30 2 4 20 2 3 29
2 19 3 6 25 4 4 36
4 23 4 2 30 6 5 28
6 27 5 4 20 2 6 35
8 31 6 6 25 4 1 27
2 20 7 8 30 6 2 34
4 24 8 2 35 8 3 26
6 28 1 4 40 10 1 33
8 32 2 6 30 2 2 40
10 36 3 2 35 4 3 32
2 25 4 4 40 6 4 39
4 29 5 6 30 2 5 46
6 33 6 2 35 4 6 38
8 37 7 4 40 6 1 30
2 41 8 6 30 8 2 37
4 45 1 2 35 10 3 44
6 34 2 4 40 2 4 51
8 38 3 2 45 4 5 43
2 42 4 4 35 6 6 50
4 46 5 6 40 8 1 42
6 35 6 8 45 2 2 49
8 39 7 2 50 4 3 41
2 43 8 4 40 6 4 48
4 47 1 6 45 8 1 55
6 51 2 2 50 10 2 47
8 40 3 4 55 2 3 54
2 44 4 6 45 4 4 61
4 48 5 2 50 6 5 53
6 52 6 4 55 8 1 45
8 56 7 6 45 2 2 52
2 45 8 8 50 4 3 59
4 49 1 2 55 6 4 66
6 53 2 4 60 8 1 58
8 57 3 6 50 2 2 65
10 61 4 2 55 4 3 57
2 50 5 4 60 6 4 64
4 54 6 2 65 8 5 56
6 58 7 4 55 2 6 63
8 62 8 6 60 4 1 55
10 66 1 2 65 6 2 62
2 55 2 4 70 8 3 69
4 59 3 6 60 2 4 76
6 63 4 2 65 4 5 68
8 67 5 4 70 6 1 60
2 71 6 6 60 8 2 67
4 60 7 8 65 2 3 74
6 64 8 2 70 4 4 66
8 68 1 4 75 6 1 73
2 72 2 6 65 8 2 80
4 76 3 2 70 10 3 72
6 65 4 4 75 2 4 79
8 69 5 2 80 4 5 71
2 73 6 4 70 6 6 78
4 77 7 6 75 8 1 70
6 66 8 8 80 2 2 77
8 70 1 2 85 4 3 84
2 74 2 4 75 6 4 91
4 78 3 2 80 8 5 83
6 82 4 4 70 2 6 90
8 86 5 6 75 4 1 82
2 75 6 8 80 6 2 89
4 79 7 2 85 8 3 81
6 83 8 4 75 2 4 88
8 87 1 6 80 4 1 95
10 91 2 2 85 6 2 87
2 80 3 4 90 8 3 94
4 84 4 2 95 10 4 86
6 88 5 4 85 2 5 93
8 92 6 6 90 4 1 85
2 81 7 8 95 6 2 92
4 85 8 10 85 2 3 99
6 89 1 2 90 4 4 106
8 93 2 4 95 6 1 98
2 97 3 6 85 8 2 105
4 101 4 2 90 10 3 97
6 90 5 4 95 2 4 104
8 94 6 2 100 4 5 96
2 98 7 4 90 6 6 103
4 102 8 6 95 8 1 95
6 106 1 2 100 10 2 102
8 95 2 4 105 2 3 109
2 99 3 6 95 4 4 116
4 103 4 2 100 6 5 108
6 107 5 4 105 8 1 100
*
waitingTimeCarsGone
221
0
239
245
204
0
131
100
87
0
97
78
75
0
72
75
77
0
79
73
45
0
43
32
37
0
22
17
12
0
12
12
12
0
9
5
*
waitingTimeCarsLeft
0
22
0
21
19
17
0
17
16
16
0
16
16
16
0
16
16
16
0
16
11
9
0
9
9
9
0
9
9
4
0
4
