5
2 1 2 0 3 6 6 4
15
101
2185
15912.33
carsInLane
2 1 2 0 3 6 6 4
4 2 4 0 6 12 6 4
6 3 6 0 3 6 12 8
8 4 8 0 6 12 6 4
10 5 10 0 3 6 12 8
12 6 2 0 6 12 6 12
2 1 4 0 9 18 12 16
4 2 6 0 12 24 18 5
6 3 8 0 3 15 24 9
8 4 10 0 6 21 15 4
10 5 12 0 3 12 21 8
12 6 2 0 6 18 27 12
2 1 4 0 9 24 33 16
4 2 6 0 12 30 24 5
6 3 8 0 3 21 30 9
8 4 10 0 6 27 21 4
10 5 12 0 3 18 27 8
12 6 2 0 6 24 33 12
2 1 4 0 9 30 39 16
4 2 6 0 12 36 30 5
6 3 8 0 3 27 36 9
8 4 10 0 6 33 27 4
10 5 12 0 3 24 33 8
12 6 2 0 6 30 39 12
2 1 4 0 9 36 45 16
4 2 6 0 12 42 36 5
6 3 8 0 3 33 42 9
8 4 10 0 6 39 33 4
10 5 12 0 3 30 39 8
12 6 2 0 6 36 45 12
2 1 4 0 9 42 51 16
4 2 6 0 12 48 42 5
6 3 8 0 3 39 48 9
8 4 10 0 6 45 39 4
10 5 12 0 3 36 45 8
12 6 2 0 6 42 51 12
2 1 4 0 9 48 57 16
4 2 6 0 12 54 48 5
6 3 8 0 3 45 54 9
8 4 10 0 6 51 45 4
10 5 12 0 3 42 51 8
12 6 2 0 6 48 57 12
2 1 4 0 9 54 63 16
4 2 6 0 12 60 54 5
6 3 8 0 3 51 60 9
8 4 10 0 6 57 51 4
10 5 12 0 3 48 57 8
12 6 2 0 6 54 63 12
2 1 4 0 9 60 69 16
4 2 6 0 12 66 60 5
6 3 8 0 3 57 66 9
8 4 10 0 6 63 57 4
10 5 12 0 3 54 63 8
12 6 2 0 6 60 69 12
2 1 4 0 9 66 75 16
4 2 6 0 12 72 66 5
6 3 8 0 3 63 72 9
8 4 10 0 6 69 63 4
10 5 12 0 3 60 69 8
12 6 2 0 6 66 75 12
2 1 4 0 9 72 81 16
4 2 6 0 12 78 72 5
6 3 8 0 3 69 78 9
8 4 10 0 6 75 69 4
10 5 12 0 3 66 75 8
12 6 2 0 6 72 81 12
2 1 4 0 9 78 87 16
4 2 6 0 12 84 78 5
6 3 8 0 3 75 84 9
8 4 10 0 6 81 75 4
10 5 12 0 3 72 81 8
12 6 2 0 6 78 87 12
2 1 4 0 9 84 93 16
4 2 6 0 12 90 84 5
6 3 8 0 3 81 90 9
8 4 10 0 6 87 81 4
10 5 12 0 3 78 87 8
12 6 2 0 6 84 93 12
2 1 4 0 9 90 99 16
4 2 6 0 12 96 90 5
6 3 8 0 3 87 96 9
8 4 10 0 6 93 87 4
10 5 12 0 3 84 93 8
12 6 2 0 6 90 99 12
2 1 4 0 9 96 105 16
4 2 6 0 12 102 96 5
6 3 8 0 3 93 102 9
8 4 10 0 6 99 93 4
10 5 12 0 3 90 99 8
12 6 2 0 6 96 105 12
2 1 4 0 9 102 111 16
4 2 6 0 12 108 102 5
6 3 8 0 3 99 108 9
8 4 10 0 6 105 99 4
10 5 12 0 3 96 105 8
12 6 2 0 6 102 111 12
2 1 4 0 9 108 117 16
4 2 6 0 12 114 108 5
6 3 8 0 3 105 114 9
8 4 10 0 6 111 105 4
10 5 12 0 3 102 111 8
*
waitingTimeCarsGone
334
0
352
240
245
0
139
140
60
0
60
60
60
0
60
60
60
0
60
60
60
0
60
48
24
0
3
*
waitingTimeCarsLeft
0
22
0
19
15
15
0
15
12
12
0
12
12
12
0
12
12
12
0
12
12
12
0
12
6
3
