9
0 4 2 2 4 4 0 8
15
93
2093
19471.66
4139
331
carsInLane
0 4 2 2 4 4 0 8
0 8 4 2 8 8 0 8
0 4 6 4 12 4 0 16
0 8 8 2 16 8 0 9
0 12 10 4 5 4 0 17
0 16 12 2 9 8 0 10
0 5 14 4 13 4 0 18
0 9 16 2 17 8 0 11
0 13 18 4 6 4 0 19
0 17 20 2 10 8 0 12
0 21 7 4 14 12 0 20
0 10 9 6 18 16 0 28
0 14 11 2 22 20 0 21
0 18 13 4 11 9 0 29
0 22 15 2 15 13 0 22
0 11 17 4 19 4 0 30
0 15 19 2 23 8 0 23
0 19 21 4 12 4 0 31
0 23 23 2 16 8 0 24
0 12 25 4 20 4 0 32
0 16 12 6 24 8 0 40
0 20 14 8 13 12 0 48
0 24 16 2 17 16 0 41
0 28 18 2 21 20 0 34
0 17 20 4 25 9 0 42
0 21 22 2 29 13 0 35
0 25 24 4 18 4 0 43
0 29 26 2 22 8 0 36
0 33 28 2 26 12 0 29
0 22 30 4 30 4 0 37
0 26 17 6 34 8 0 45
0 30 19 8 23 12 0 53
0 34 21 2 27 16 0 46
0 23 23 4 31 5 0 54
0 27 25 2 35 9 0 47
0 31 27 2 39 13 0 40
0 35 29 4 28 4 0 48
0 39 31 2 32 8 0 41
0 28 33 4 36 4 0 49
0 32 35 2 40 8 0 42
0 36 22 4 44 12 0 50
0 40 24 6 33 16 0 58
0 44 26 2 37 20 0 51
0 33 28 4 41 9 0 59
0 37 30 2 45 13 0 52
0 41 32 4 34 4 0 60
0 45 34 2 38 8 0 53
0 49 36 2 42 12 0 46
0 38 38 4 46 4 0 54
0 42 40 2 50 8 0 47
0 46 27 4 54 12 0 55
0 50 29 6 43 16 0 63
0 54 31 2 47 20 0 56
0 43 33 4 51 9 0 64
0 47 35 2 55 13 0 57
0 51 37 4 44 4 0 65
0 55 39 2 48 8 0 58
0 44 41 4 52 4 0 66
0 48 43 2 56 8 0 59
0 52 45 4 45 4 0 67
0 56 32 6 49 8 0 75
0 45 34 8 53 12 0 83
0 49 36 2 57 16 0 76
0 53 38 2 61 20 0 69
0 57 40 4 50 9 0 77
0 61 42 2 54 13 0 70
0 50 44 4 58 4 0 78
0 54 46 2 62 8 0 71
0 58 48 2 66 12 0 64
0 62 50 4 55 4 0 72
0 66 37 6 59 8 0 80
0 55 39 8 63 12 0 88
0 59 41 2 67 16 0 81
0 63 43 2 71 20 0 74
0 67 45 4 60 9 0 82
0 71 47 2 64 13 0 75
0 60 49 4 68 4 0 83
0 64 51 2 72 8 0 76
0 68 53 4 61 4 0 84
0 72 55 2 65 8 0 77
0 76 42 4 69 12 0 85
0 65 44 6 73 16 0 93
0 69 46 2 77 20 0 86
0 73 48 4 66 9 0 94
0 77 50 2 70 13 0 87
0 66 52 4 74 4 0 95
0 70 54 2 78 8 0 88
0 74 56 2 82 12 0 81
0 78 58 4 71 4 0 89
0 82 60 2 75 8 0 82
0 86 47 4 79 12 0 90
0 75 49 6 83 16 0 98
0 79 51 2 87 20 0 91
0 83 53 4 76 9 0 99
0 87 55 2 80 13 0 92
0 76 57 4 84 4 0 100
0 80 59 2 88 8 0 93
0 84 61 4 77 4 0 101
0 88 63 2 81 8 0 94
0 77 65 4 85 4 0 102
0 81 52 6 89 8 0 110
*
waitingTimeCarsGone
239
29
233
183
141
77
56
120
105
56
59
62
108
90
31
88
55
36
27
22
23
35
30
7
38
36
14
20
24
7
6
6
0
6
4
5
4
2
4
0
2
2
1
*
waitingTimeCarsLeft
0
24
0
24
20
18
0
18
18
18
0
18
18
18
0
18
18
18
0
16
10
10
10
0
10
8
6
0
3
2
2
0
2
2
2
