5
0 3 4 0 6 3 6 2
15
101
2131
18306.33
carsInLane
0 3 4 0 6 3 6 2
0 6 4 0 12 6 6 4
0 9 8 0 6 3 12 6
0 12 4 0 12 6 6 8
0 3 8 0 18 3 12 10
0 6 12 0 24 6 6 2
0 9 16 0 15 9 12 4
0 12 5 0 21 12 18 6
0 15 9 0 12 3 24 8
0 18 4 0 18 6 15 10
0 6 8 0 24 9 21 12
0 9 12 0 30 12 27 2
0 12 16 0 21 3 33 4
0 15 5 0 27 6 24 6
0 18 9 0 18 3 30 8
0 21 4 0 24 6 21 10
0 9 8 0 30 9 27 12
0 12 12 0 36 12 33 2
0 15 16 0 27 3 39 4
0 18 5 0 33 6 30 6
0 21 9 0 24 3 36 8
0 24 4 0 30 6 27 10
0 12 8 0 36 9 33 12
0 15 12 0 42 12 39 2
0 18 16 0 33 3 45 4
0 21 5 0 39 6 36 6
0 24 9 0 30 3 42 8
0 27 4 0 36 6 33 10
0 15 8 0 42 9 39 12
0 18 12 0 48 12 45 2
0 21 16 0 39 3 51 4
0 24 5 0 45 6 42 6
0 27 9 0 36 3 48 8
0 30 4 0 42 6 39 10
0 18 8 0 48 9 45 12
0 21 12 0 54 12 51 2
0 24 16 0 45 3 57 4
0 27 5 0 51 6 48 6
0 30 9 0 42 3 54 8
0 33 4 0 48 6 45 10
0 21 8 0 54 9 51 12
0 24 12 0 60 12 57 2
0 27 16 0 51 3 63 4
0 30 5 0 57 6 54 6
0 33 9 0 48 3 60 8
0 36 4 0 54 6 51 10
0 24 8 0 60 9 57 12
0 27 12 0 66 12 63 2
0 30 16 0 57 3 69 4
0 33 5 0 63 6 60 6
0 36 9 0 54 3 66 8
0 39 4 0 60 6 57 10
0 27 8 0 66 9 63 12
0 30 12 0 72 12 69 2
0 33 16 0 63 3 75 4
0 36 5 0 69 6 66 6
0 39 9 0 60 3 72 8
0 42 4 0 66 6 63 10
0 30 8 0 72 9 69 12
0 33 12 0 78 12 75 2
0 36 16 0 69 3 81 4
0 39 5 0 75 6 72 6
0 42 9 0 66 3 78 8
0 45 4 0 72 6 69 10
0 33 8 0 78 9 75 12
0 36 12 0 84 12 81 2
0 39 16 0 75 3 87 4
0 42 5 0 81 6 78 6
0 45 9 0 72 3 84 8
0 48 4 0 78 6 75 10
0 36 8 0 84 9 81 12
0 39 12 0 90 12 87 2
0 42 16 0 81 3 93 4
0 45 5 0 87 6 84 6
0 48 9 0 78 3 90 8
0 51 4 0 84 6 81 10
0 39 8 0 90 9 87 12
0 42 12 0 96 12 93 2
0 45 16 0 87 3 99 4
0 48 5 0 93 6 90 6
0 51 9 0 84 3 96 8
0 54 4 0 90 6 87 10
0 42 8 0 96 9 93 12
0 45 12 0 102 12 99 2
0 48 16 0 93 3 105 4
0 51 5 0 99 6 96 6
0 54 9 0 90 3 102 8
0 57 4 0 96 6 93 10
0 45 8 0 102 9 99 12
0 48 12 0 108 12 105 2
0 51 16 0 99 3 111 4
0 54 5 0 105 6 102 6
0 57 9 0 96 3 108 8
0 60 4 0 102 6 99 10
0 48 8 0 108 9 105 12
0 51 12 0 114 12 111 2
0 54 16 0 105 3 117 4
0 57 5 0 111 6 108 6
0 60 9 0 102 3 114 8
0 63 4 0 108 6 105 10
0 51 8 0 114 9 111 12
*
waitingTimeCarsGone
280
0
301
201
209
0
103
107
75
0
75
75
75
0
75
75
75
0
75
75
75
0
75
60
33
0
9
3
*
waitingTimeCarsLeft
0
22
0
22
18
15
0
15
15
15
0
15
15
15
0
15
15
15
0
15
15
15
0
15
12
9
