3
3 1 4 2 2 5 3 4
15
101
2218
13892.65
carsInLane
3 1 4 2 2 5 3 4
6 2 4 4 4 10 3 8
9 3 8 6 2 5 6 12
12 4 12 2 4 10 9 4
3 1 16 4 6 15 12 8
6 2 5 6 8 20 3 12
9 3 9 8 2 10 6 16
12 4 13 2 4 15 9 5
3 1 17 4 6 20 12 9
6 2 6 6 8 25 3 13
9 3 10 8 2 15 6 17
12 4 14 2 4 20 9 6
3 1 18 4 6 25 12 10
6 2 7 6 8 30 3 14
9 3 11 8 2 20 6 18
12 4 15 2 4 25 9 7
3 1 19 4 6 30 12 11
6 2 8 6 8 35 3 15
9 3 12 8 2 25 6 19
12 4 16 2 4 30 9 8
3 1 20 4 6 35 12 12
6 2 9 6 8 40 3 16
9 3 13 8 2 30 6 20
12 4 17 2 4 35 9 9
3 1 21 4 6 40 12 13
6 2 10 6 8 45 3 17
9 3 14 8 2 35 6 21
12 4 18 2 4 40 9 10
3 1 22 4 6 45 12 14
6 2 11 6 8 50 3 18
9 3 15 8 2 40 6 22
12 4 19 2 4 45 9 11
3 1 23 4 6 50 12 15
6 2 12 6 8 55 3 19
9 3 16 8 2 45 6 23
12 4 20 2 4 50 9 12
3 1 24 4 6 55 12 16
6 2 13 6 8 60 3 20
9 3 17 8 2 50 6 24
12 4 21 2 4 55 9 13
3 1 25 4 6 60 12 17
6 2 14 6 8 65 3 21
9 3 18 8 2 55 6 25
12 4 22 2 4 60 9 14
3 1 26 4 6 65 12 18
6 2 15 6 8 70 3 22
9 3 19 8 2 60 6 26
12 4 23 2 4 65 9 15
3 1 27 4 6 70 12 19
6 2 16 6 8 75 3 23
9 3 20 8 2 65 6 27
12 4 24 2 4 70 9 16
3 1 28 4 6 75 12 20
6 2 17 6 8 80 3 24
9 3 21 8 2 70 6 28
12 4 25 2 4 75 9 17
3 1 29 4 6 80 12 21
6 2 18 6 8 85 3 25
9 3 22 8 2 75 6 29
12 4 26 2 4 80 9 18
3 1 30 4 6 85 12 22
6 2 19 6 8 90 3 26
9 3 23 8 2 80 6 30
12 4 27 2 4 85 9 19
3 1 31 4 6 90 12 23
6 2 20 6 8 95 3 27
9 3 24 8 2 85 6 31
12 4 28 2 4 90 9 20
3 1 32 4 6 95 12 24
6 2 21 6 8 100 3 28
9 3 25 8 2 90 6 32
12 4 29 2 4 95 9 21
3 1 33 4 6 100 12 25
6 2 22 6 8 105 3 29
9 3 26 8 2 95 6 33
12 4 30 2 4 100 9 22
3 1 34 4 6 105 12 26
6 2 23 6 8 110 3 30
9 3 27 8 2 100 6 34
12 4 31 2 4 105 9 23
3 1 35 4 6 110 12 27
6 2 24 6 8 115 3 31
9 3 28 8 2 105 6 35
12 4 32 2 4 110 9 24
3 1 36 4 6 115 12 28
6 2 25 6 8 120 3 32
9 3 29 8 2 110 6 36
12 4 33 2 4 115 9 25
3 1 37 4 6 120 12 29
6 2 26 6 8 125 3 33
9 3 30 8 2 115 6 37
12 4 34 2 4 120 9 26
3 1 38 4 6 125 12 30
6 2 27 6 8 130 3 34
9 3 31 8 2 120 6 38
12 4 35 2 4 125 9 27
3 1 39 4 6 130 12 31
6 2 28 6 8 135 3 35
9 3 32 8 2 125 6 39
12 4 36 2 4 130 9 28
3 1 40 4 6 135 12 32
*
waitingTimeCarsGone
303
0
333
363
394
0
135
135
126
0
95
63
31
0
15
15
15
0
15
15
15
0
15
15
15
0
15
15
15
0
15
15
15
0
10
5
*
waitingTimeCarsLeft
0
21
0
17
15
13
0
13
13
10
0
9
5
5
0
5
5
5
0
5
5
5
0
5
5
5
0
5
5
5
0
5
5
5
0
5
5
