10
0 4 3 8 1 5 2 1
15
101
2257
12566.99
carsInLane
0 4 3 8 1 5 2 1
0 8 3 8 2 10 4 2
0 4 6 16 3 5 6 3
0 8 3 9 4 10 8 4
0 4 6 17 5 5 10 5
0 8 3 10 6 10 12 6
0 4 6 18 7 5 14 7
0 8 9 11 8 10 16 1
0 12 3 19 9 15 3 2
0 4 6 27 10 5 5 3
0 8 3 20 11 10 7 4
0 12 6 28 1 15 9 5
0 16 3 21 2 20 11 6
0 5 6 29 3 10 13 7
0 9 9 22 4 15 15 1
0 13 3 15 5 20 17 2
0 4 6 23 6 10 19 3
0 8 3 16 7 15 21 4
0 12 6 24 8 20 8 1
0 4 9 32 9 10 10 2
0 8 3 25 10 15 12 3
0 12 6 18 11 20 14 1
0 16 9 26 1 25 16 2
0 5 12 34 2 15 18 3
0 9 3 27 3 20 20 4
0 13 6 20 4 25 22 1
0 4 9 28 5 15 24 2
0 8 3 21 6 20 26 3
0 12 3 29 7 25 13 4
0 4 6 37 8 15 15 5
0 8 3 30 9 20 17 6
0 12 6 23 10 25 19 1
0 4 9 31 11 15 21 2
0 8 12 39 1 20 23 3
0 12 3 32 2 25 25 4
0 4 6 40 3 15 27 5
0 8 3 33 4 20 29 6
0 12 6 26 5 25 31 1
0 4 9 34 6 15 33 2
0 8 3 42 7 20 20 3
0 12 6 35 8 25 22 1
0 16 3 28 9 30 24 2
0 5 6 36 10 20 26 3
0 9 3 29 11 25 28 4
0 13 6 37 1 30 30 5
0 4 9 45 2 20 32 6
0 8 3 38 3 25 34 7
0 12 6 31 4 30 36 1
0 4 9 39 5 20 38 2
0 8 3 32 6 25 40 3
0 12 6 40 7 30 27 1
0 16 3 33 8 35 29 2
0 5 6 41 9 25 31 3
0 9 3 34 10 30 33 4
0 13 6 42 1 20 35 5
0 4 9 50 2 25 37 6
0 8 3 43 3 30 39 7
0 12 6 36 4 35 41 1
0 4 9 44 5 25 43 2
0 8 3 37 6 30 45 3
0 12 3 45 7 35 32 4
0 16 6 38 8 40 34 1
0 5 9 46 9 30 36 2
0 9 3 39 10 35 38 3
0 13 6 47 1 25 40 4
0 17 3 40 2 30 42 5
0 6 6 48 3 35 44 6
0 10 9 41 4 40 46 1
0 14 3 49 5 45 33 2
0 4 6 57 6 35 35 3
0 8 3 50 7 40 37 4
0 12 6 43 8 45 39 1
0 4 9 51 9 35 41 2
0 8 3 44 10 40 43 3
0 12 6 52 1 30 45 4
0 16 3 45 2 35 47 5
0 20 6 53 3 40 34 1
0 9 9 61 4 45 36 2
0 13 3 54 5 50 38 3
0 4 6 62 6 40 40 4
0 8 3 55 7 45 42 5
0 12 6 48 8 50 44 1
0 4 9 56 9 40 46 2
0 8 3 49 10 45 48 3
0 12 6 57 1 35 50 4
0 16 3 50 2 40 52 5
0 20 6 58 3 45 39 1
0 9 9 66 4 35 41 2
0 13 12 74 1 40 43 3
0 17 3 67 2 45 45 4
0 21 6 60 3 50 47 1
0 10 9 68 4 40 49 2
0 14 3 61 5 45 51 3
0 18 6 54 6 50 53 1
0 7 9 62 7 40 55 2
0 11 3 55 8 45 57 3
0 15 3 63 9 50 44 4
0 19 6 56 10 55 46 1
0 8 9 64 11 45 48 2
0 12 12 72 1 50 50 3
0 16 3 65 2 55 52 4
*
waitingTimeCarsGone
295
0
358
354
297
0
245
173
153
0
124
86
47
0
20
4
5
0
4
4
7
0
9
8
9
0
10
8
10
0
9
5
4
0
4
2
2
0
1
*
waitingTimeCarsLeft
0
21
0
17
16
16
0
15
15
15
0
15
3
2
0
2
2
2
0
2
2
2
0
2
2
2
0
2
2
2
0
2
2
2
0
2
