8
4 5 2 7 2 0 3 1
15
101
2190
16586
2365.333
234
32.33334
carsInLane
4 5 2 7 2 0 3 1
4 5 4 14 4 0 6 2
8 10 2 7 6 0 9 3
4 5 4 14 8 0 12 4
8 10 6 7 10 0 15 1
12 15 2 14 12 0 3 2
4 5 4 21 14 0 6 3
8 10 2 13 16 0 9 4
4 15 4 20 3 0 12 5
8 5 6 27 5 0 15 6
12 10 8 19 7 0 18 1
16 15 2 11 9 0 21 2
5 5 4 18 11 0 24 3
9 10 2 25 13 0 12 4
13 15 4 17 15 0 15 1
4 20 6 24 2 0 18 2
8 25 2 16 4 0 21 3
4 15 4 23 6 0 24 4
8 20 6 30 2 0 27 5
12 25 2 22 4 0 30 6
4 15 4 29 6 0 33 7
8 20 6 36 8 0 21 1
12 25 2 28 10 0 24 2
4 15 4 35 12 0 27 3
8 20 2 27 14 0 30 4
12 25 4 34 16 0 18 1
16 30 2 26 18 0 21 2
20 35 4 33 5 0 24 3
9 25 6 40 7 0 27 4
13 30 2 32 9 0 30 5
4 20 4 39 11 0 33 6
8 25 6 31 13 0 36 1
12 30 2 38 15 0 24 2
4 20 4 45 17 0 27 3
8 25 2 37 19 0 30 4
12 30 4 29 21 0 33 1
16 35 6 36 8 0 36 2
5 25 8 43 10 0 39 3
9 30 2 35 12 0 42 4
13 35 4 42 14 0 30 1
4 25 6 49 16 0 33 2
8 30 2 41 18 0 36 3
12 35 4 33 20 0 39 1
4 25 6 40 22 0 42 2
8 30 2 47 24 0 30 3
12 35 4 54 11 0 33 4
16 40 6 46 13 0 36 1
5 30 8 53 15 0 39 2
9 35 2 45 17 0 42 3
13 40 4 37 19 0 45 1
4 30 6 44 21 0 48 2
8 35 2 51 23 0 36 3
12 40 4 43 25 0 39 1
4 30 6 50 27 0 42 2
8 35 8 57 14 0 45 3
12 40 2 49 16 0 48 4
16 45 4 41 18 0 51 1
5 35 6 48 20 0 54 2
9 40 2 55 22 0 42 3
13 45 4 47 24 0 45 1
4 35 6 54 26 0 48 2
8 40 2 46 28 0 51 3
12 45 4 53 30 0 39 1
16 50 6 60 17 0 42 2
5 40 8 67 19 0 45 3
9 45 2 59 21 0 48 4
13 50 4 51 23 0 51 1
4 40 6 58 25 0 54 2
8 45 2 50 27 0 57 3
12 50 4 57 29 0 45 1
4 40 6 64 31 0 48 2
8 45 2 56 33 0 51 3
12 50 4 63 20 0 54 4
16 55 6 55 22 0 57 1
5 45 8 62 24 0 60 2
9 50 2 54 26 0 63 3
13 55 4 61 28 0 51 1
4 45 6 68 30 0 54 2
8 50 2 60 32 0 57 3
12 55 4 52 34 0 60 1
4 45 6 59 36 0 63 2
8 50 8 66 23 0 66 3
12 55 2 73 25 0 54 4
16 60 4 65 27 0 57 1
5 50 6 72 29 0 60 2
9 55 2 64 31 0 63 3
13 60 4 56 33 0 66 1
4 50 6 63 35 0 69 2
8 55 2 70 37 0 57 3
12 60 4 62 39 0 60 1
16 65 6 69 26 0 63 2
5 55 8 76 28 0 66 3
9 60 2 68 30 0 69 4
13 65 4 75 32 0 57 1
17 70 2 67 34 0 60 2
6 60 4 74 36 0 63 3
10 65 2 66 38 0 66 4
4 55 4 73 40 0 69 5
8 60 6 65 42 0 72 1
12 65 8 72 29 0 75 2
16 70 2 79 31 0 63 3
*
waitingTimeCarsGone
255
0
283
268
180
0
138
135
148
0
150
142
125
0
80
52
42
0
35
22
20
0
19
18
19
0
15
17
12
0
9
3
3
*
waitingTimeCarsLeft
0
21
0
18
18
17
0
17
17
17
0
17
17
17
0
17
7
5
0
5
5
4
0
3
3
3
0
3
3
