7
2 3 4 5 2 4 3 1
15
101
2384
5858.67
118.6667
40
9.666666
carsInLane
2 3 4 5 2 4 3 1
4 6 4 5 4 8 6 2
6 3 8 10 6 4 9 3
8 6 4 5 8 8 12 4
2 9 8 10 2 12 15 5
4 12 4 15 4 16 3 6
6 3 8 20 6 5 6 7
8 6 4 10 8 9 9 8
10 9 8 15 10 13 3 1
12 12 4 5 12 17 6 2
14 3 8 10 14 6 9 3
2 6 12 15 2 10 12 4
4 9 4 5 4 14 15 5
6 3 8 10 6 4 18 6
8 6 4 15 8 8 6 7
10 9 8 5 10 12 9 1
12 12 12 10 2 4 12 2
14 15 4 15 4 8 3 3
2 3 8 20 6 12 6 4
4 6 4 10 8 16 9 5
6 9 8 15 2 5 12 6
8 12 4 5 4 9 15 7
10 15 8 10 6 13 3 1
12 3 12 15 8 4 6 2
14 6 4 5 10 8 9 3
2 9 8 10 2 12 12 4
4 3 12 15 4 4 15 5
6 6 4 20 6 8 3 6
8 9 8 10 8 12 6 1
10 3 12 15 10 4 9 2
12 6 4 5 12 8 12 3
2 9 8 10 2 12 15 4
4 12 4 15 4 16 3 5
6 3 8 20 6 5 6 6
8 6 4 10 8 9 9 7
10 9 8 5 10 13 12 1
12 12 12 10 2 4 15 2
14 15 4 15 4 8 3 3
2 3 8 20 6 12 6 4
4 6 4 10 8 16 9 5
6 9 8 15 2 5 12 6
8 12 4 5 4 9 15 7
10 15 8 10 6 13 3 1
12 3 12 15 8 4 6 2
14 6 4 5 10 8 9 3
2 9 8 10 2 12 12 4
4 3 12 15 4 4 15 5
6 6 4 20 6 8 3 6
8 9 8 10 8 12 6 1
10 3 12 15 10 4 9 2
12 6 4 5 12 8 12 3
2 9 8 10 2 12 15 4
4 12 4 15 4 16 3 5
6 3 8 20 6 5 6 6
8 6 4 10 8 9 9 7
10 9 8 5 10 13 12 1
12 12 12 10 2 4 15 2
14 15 4 15 4 8 3 3
2 3 8 20 6 12 6 4
4 6 4 10 8 16 9 5
6 9 8 15 2 5 12 6
8 12 4 5 4 9 15 7
10 15 8 10 6 13 3 1
12 3 12 15 8 4 6 2
14 6 4 5 10 8 9 3
2 9 8 10 2 12 12 4
4 3 12 15 4 4 15 5
6 6 4 20 6 8 3 6
8 9 8 10 8 12 6 1
10 3 12 15 10 4 9 2
12 6 4 5 12 8 12 3
2 9 8 10 2 12 15 4
4 12 4 15 4 16 3 5
6 3 8 20 6 5 6 6
8 6 4 10 8 9 9 7
10 9 8 5 10 13 12 1
12 12 12 10 2 4 15 2
14 15 4 15 4 8 3 3
2 3 8 20 6 12 6 4
4 6 4 10 8 16 9 5
6 9 8 15 2 5 12 6
8 12 4 5 4 9 15 7
10 15 8 10 6 13 3 1
12 3 12 15 8 4 6 2
14 6 4 5 10 8 9 3
2 9 8 10 2 12 12 4
4 3 12 15 4 4 15 5
6 6 4 20 6 8 3 6
8 9 8 10 8 12 6 1
10 3 12 15 10 4 9 2
12 6 4 5 12 8 12 3
2 9 8 10 2 12 15 4
4 12 4 15 4 16 3 5
6 3 8 20 6 5 6 6
8 6 4 10 8 9 9 7
10 9 8 5 10 13 12 1
12 12 12 10 2 4 15 2
14 15 4 15 4 8 3 3
2 3 8 20 6 12 6 4
4 6 4 10 8 16 9 5
6 9 8 15 2 5 12 6
*
waitingTimeCarsGone
602
0
678
554
310
0
152
55
32
0
1
*
waitingTimeCarsLeft
0
15
0
10
9
4
0
1
1
