3
4 1 4 4 5 1 3 2
15
101
2188
15138.65
3014.666
236
35
106.7056
carsInLane
4 1 4 4 5 1 3 2
4 2 8 8 5 2 6 4
8 3 4 4 10 3 9 6
4 4 8 8 5 4 12 8
8 1 12 12 10 1 15 10
12 2 16 16 15 2 3 2
16 3 5 5 20 3 6 4
5 4 9 9 10 4 9 6
9 1 13 13 15 1 12 8
13 2 17 17 20 2 3 2
17 3 6 6 25 3 6 4
6 4 10 10 15 4 9 6
10 1 14 14 20 1 12 8
14 2 18 18 25 2 3 2
18 3 7 7 30 3 6 4
7 4 11 11 20 4 9 6
11 1 15 15 25 1 12 8
15 2 19 19 30 2 3 2
19 3 8 8 35 3 6 4
8 4 12 12 25 4 9 6
12 1 16 16 30 1 12 8
16 2 20 20 35 2 3 2
20 3 9 9 40 3 6 4
9 4 13 13 30 4 9 6
13 1 17 17 35 1 12 8
17 2 21 21 40 2 3 2
21 3 10 10 45 3 6 4
10 4 14 14 35 4 9 6
14 1 18 18 40 1 12 8
18 2 22 22 45 2 3 2
22 3 11 11 50 3 6 4
11 4 15 15 40 4 9 6
15 1 19 19 45 1 12 8
19 2 23 23 50 2 3 2
23 3 12 12 55 3 6 4
12 4 16 16 45 4 9 6
16 1 20 20 50 1 12 8
20 2 24 24 55 2 3 2
24 3 13 13 60 3 6 4
13 4 17 17 50 4 9 6
17 1 21 21 55 1 12 8
21 2 25 25 60 2 3 2
25 3 14 14 65 3 6 4
14 4 18 18 55 4 9 6
18 1 22 22 60 1 12 8
22 2 26 26 65 2 3 2
26 3 15 15 70 3 6 4
15 4 19 19 60 4 9 6
19 1 23 23 65 1 12 8
23 2 27 27 70 2 3 2
27 3 16 16 75 3 6 4
16 4 20 20 65 4 9 6
20 1 24 24 70 1 12 8
24 2 28 28 75 2 3 2
28 3 17 17 80 3 6 4
17 4 21 21 70 4 9 6
21 1 25 25 75 1 12 8
25 2 29 29 80 2 3 2
29 3 18 18 85 3 6 4
18 4 22 22 75 4 9 6
22 1 26 26 80 1 12 8
26 2 30 30 85 2 3 2
30 3 19 19 90 3 6 4
19 4 23 23 80 4 9 6
23 1 27 27 85 1 12 8
27 2 31 31 90 2 3 2
31 3 20 20 95 3 6 4
20 4 24 24 85 4 9 6
24 1 28 28 90 1 12 8
28 2 32 32 95 2 3 2
32 3 21 21 100 3 6 4
21 4 25 25 90 4 9 6
25 1 29 29 95 1 12 8
29 2 33 33 100 2 3 2
33 3 22 22 105 3 6 4
22 4 26 26 95 4 9 6
26 1 30 30 100 1 12 8
30 2 34 34 105 2 3 2
34 3 23 23 110 3 6 4
23 4 27 27 100 4 9 6
27 1 31 31 105 1 12 8
31 2 35 35 110 2 3 2
35 3 24 24 115 3 6 4
24 4 28 28 105 4 9 6
28 1 32 32 110 1 12 8
32 2 36 36 115 2 3 2
36 3 25 25 120 3 6 4
25 4 29 29 110 4 9 6
29 1 33 33 115 1 12 8
33 2 37 37 120 2 3 2
37 3 26 26 125 3 6 4
26 4 30 30 115 4 9 6
30 1 34 34 120 1 12 8
34 2 38 38 125 2 3 2
38 3 27 27 130 3 6 4
27 4 31 31 120 4 9 6
31 1 35 35 125 1 12 8
35 2 39 39 130 2 3 2
39 3 28 28 135 3 6 4
28 4 32 32 125 4 9 6
32 1 36 36 130 1 12 8
*
waitingTimeCarsGone
219
0
263
299
352
0
200
195
177
0
129
81
33
0
15
15
15
0
15
15
15
0
15
15
15
0
15
15
15
0
15
15
15
0
10
5
*
waitingTimeCarsLeft
0
19
0
17
17
17
0
17
17
17
0
17
13
5
0
5
5
5
0
5
5
5
0
5
5
5
0
5
5
5
0
5
5
5
0
5
