10
3 6 3 3 1 4 3 1
15
101
2391
5462.338
carsInLane
3 6 3 3 1 4 3 1
6 6 6 6 2 4 6 2
9 12 3 9 3 8 3 3
3 6 6 12 4 12 6 4
6 6 9 15 5 4 9 5
9 12 3 3 6 8 12 6
3 6 6 6 7 12 15 7
6 12 9 9 8 16 3 1
9 6 12 12 9 5 6 2
12 12 3 3 10 9 9 3
3 6 6 6 11 13 12 4
6 12 9 9 1 4 15 5
9 18 3 12 2 8 3 6
3 9 6 15 3 12 6 7
6 15 9 3 4 16 9 1
9 6 12 6 5 5 12 2
12 12 3 9 6 9 3 3
3 6 6 12 7 13 6 4
6 12 9 15 1 4 9 5
9 18 3 3 2 8 12 6
3 9 6 6 3 12 15 7
6 15 9 9 4 16 3 1
9 6 12 12 5 5 6 2
12 12 3 3 6 9 9 3
3 6 6 6 7 13 12 4
6 12 9 9 1 4 15 5
9 18 3 12 2 8 3 6
3 9 6 15 3 12 6 7
6 15 9 3 4 16 9 1
9 6 12 6 5 5 12 2
12 12 3 9 6 9 3 3
3 6 6 12 7 13 6 4
6 12 9 15 1 4 9 5
9 18 3 3 2 8 12 6
3 9 6 6 3 12 15 7
6 15 9 9 4 16 3 1
9 6 12 12 5 5 6 2
12 12 3 3 6 9 9 3
3 6 6 6 7 13 12 4
6 12 9 9 1 4 15 5
9 18 3 12 2 8 3 6
3 9 6 15 3 12 6 7
6 15 9 3 4 16 9 1
9 6 12 6 5 5 12 2
12 12 3 9 6 9 3 3
3 6 6 12 7 13 6 4
6 12 9 15 1 4 9 5
9 18 3 3 2 8 12 6
3 9 6 6 3 12 15 7
6 15 9 9 4 16 3 1
9 6 12 12 5 5 6 2
12 12 3 3 6 9 9 3
3 6 6 6 7 13 12 4
6 12 9 9 1 4 15 5
9 18 3 12 2 8 3 6
3 9 6 15 3 12 6 7
6 15 9 3 4 16 9 1
9 6 12 6 5 5 12 2
12 12 3 9 6 9 3 3
3 6 6 12 7 13 6 4
6 12 9 15 1 4 9 5
9 18 3 3 2 8 12 6
3 9 6 6 3 12 15 7
6 15 9 9 4 16 3 1
9 6 12 12 5 5 6 2
12 12 3 3 6 9 9 3
3 6 6 6 7 13 12 4
6 12 9 9 1 4 15 5
9 18 3 12 2 8 3 6
3 9 6 15 3 12 6 7
6 15 9 3 4 16 9 1
9 6 12 6 5 5 12 2
12 12 3 9 6 9 3 3
3 6 6 12 7 13 6 4
6 12 9 15 1 4 9 5
9 18 3 3 2 8 12 6
3 9 6 6 3 12 15 7
6 15 9 9 4 16 3 1
9 6 12 12 5 5 6 2
12 12 3 3 6 9 9 3
3 6 6 6 7 13 12 4
6 12 9 9 1 4 15 5
9 18 3 12 2 8 3 6
3 9 6 15 3 12 6 7
6 15 9 3 4 16 9 1
9 6 12 6 5 5 12 2
12 12 3 9 6 9 3 3
3 6 6 12 7 13 6 4
6 12 9 15 1 4 9 5
9 18 3 3 2 8 12 6
3 9 6 6 3 12 15 7
6 15 9 9 4 16 3 1
9 6 12 12 5 5 6 2
12 12 3 3 6 9 9 3
3 6 6 6 7 13 12 4
6 12 9 9 1 4 15 5
9 18 3 12 2 8 3 6
3 9 6 15 3 12 6 7
6 15 9 3 4 16 9 1
9 6 12 6 5 5 12 2
12 12 3 9 6 9 3 3
*
waitingTimeCarsGone
663
0
700
553
306
0
111
27
27
0
1
1
1
0
1
*
waitingTimeCarsLeft
0
15
0
9
6
1
0
1
1
