4
3 2 0 5 5 3 3 3
15
101
2289
11193.66
carsInLane
3 2 0 5 5 3 3 3
3 4 0 10 5 6 6 6
6 6 0 5 10 9 9 3
9 8 0 10 5 3 12 6
12 10 0 15 10 6 3 3
3 2 0 20 15 9 6 6
6 4 0 10 20 12 9 9
9 6 0 15 10 3 12 12
12 8 0 5 15 6 15 3
15 10 0 10 20 9 3 6
3 2 0 15 25 12 6 9
6 4 0 20 15 3 9 12
9 6 0 10 20 6 12 3
3 8 0 15 10 9 15 6
6 10 0 20 15 12 3 9
9 2 0 25 20 3 6 12
12 4 0 15 25 6 9 3
3 6 0 20 15 9 12 6
6 8 0 10 20 12 15 3
9 10 0 15 25 15 3 6
12 2 0 20 30 3 6 9
3 4 0 25 20 6 9 12
6 6 0 15 25 9 12 3
9 8 0 20 15 3 15 6
12 10 0 25 20 6 3 9
3 2 0 30 25 9 6 12
6 4 0 20 30 12 9 3
9 6 0 25 20 3 12 6
12 8 0 15 25 6 15 3
15 10 0 20 30 9 3 6
3 2 0 25 35 12 6 9
6 4 0 30 25 3 9 12
9 6 0 20 30 6 12 3
3 8 0 25 20 9 15 6
6 10 0 30 25 12 3 9
9 2 0 35 30 3 6 12
12 4 0 25 35 6 9 3
3 6 0 30 25 9 12 6
6 8 0 20 30 12 15 3
9 10 0 25 35 15 3 6
12 2 0 30 40 3 6 9
3 4 0 35 30 6 9 12
6 6 0 25 35 9 12 3
9 8 0 30 25 3 15 6
12 10 0 35 30 6 3 9
3 2 0 40 35 9 6 12
6 4 0 30 40 12 9 3
9 6 0 35 30 3 12 6
12 8 0 25 35 6 15 3
15 10 0 30 40 9 3 6
3 2 0 35 45 12 6 9
6 4 0 40 35 3 9 12
9 6 0 30 40 6 12 3
3 8 0 35 30 9 15 6
6 10 0 40 35 12 3 9
9 2 0 45 40 3 6 12
12 4 0 35 45 6 9 3
3 6 0 40 35 9 12 6
6 8 0 30 40 12 15 3
9 10 0 35 45 15 3 6
12 2 0 40 50 3 6 9
3 4 0 45 40 6 9 12
6 6 0 35 45 9 12 3
9 8 0 40 35 3 15 6
12 10 0 45 40 6 3 9
3 2 0 50 45 9 6 12
6 4 0 40 50 12 9 3
9 6 0 45 40 3 12 6
12 8 0 35 45 6 15 3
15 10 0 40 50 9 3 6
3 2 0 45 55 12 6 9
6 4 0 50 45 3 9 12
9 6 0 40 50 6 12 3
3 8 0 45 40 9 15 6
6 10 0 50 45 12 3 9
9 2 0 55 50 3 6 12
12 4 0 45 55 6 9 3
3 6 0 50 45 9 12 6
6 8 0 40 50 12 15 3
9 10 0 45 55 15 3 6
12 2 0 50 60 3 6 9
3 4 0 55 50 6 9 12
6 6 0 45 55 9 12 3
9 8 0 50 45 3 15 6
12 10 0 55 50 6 3 9
3 2 0 60 55 9 6 12
6 4 0 50 60 12 9 3
9 6 0 55 50 3 12 6
12 8 0 45 55 6 15 3
15 10 0 50 60 9 3 6
3 2 0 55 65 12 6 9
6 4 0 60 55 3 9 12
9 6 0 50 60 6 12 3
3 8 0 55 50 9 15 6
6 10 0 60 55 12 3 9
9 2 0 65 60 3 6 12
12 4 0 55 65 6 9 3
3 6 0 60 55 9 12 6
6 8 0 50 60 12 15 3
9 10 0 55 65 15 3 6
12 2 0 60 70 3 6 9
*
waitingTimeCarsGone
363
0
380
367
362
0
217
90
90
0
90
90
90
0
75
50
20
0
5
*
waitingTimeCarsLeft
0
21
0
16
13
10
0
10
10
10
0
10
10
10
0
10
5
