5
2 1 6 5 2 1 3 4
15
101
2389
5978.998
carsInLane
2 1 6 5 2 1 3 4
4 2 6 5 4 2 6 8
6 3 12 10 6 3 3 4
8 4 6 5 8 4 6 8
2 5 12 10 2 5 9 12
4 6 18 5 4 6 12 4
6 1 24 10 6 1 15 8
8 2 15 15 8 2 3 12
10 3 6 5 10 3 6 16
12 4 12 10 12 4 3 5
2 5 18 15 2 5 6 9
4 6 9 5 4 6 9 13
6 1 15 10 6 1 12 17
8 2 21 15 8 2 3 6
10 3 12 5 10 3 6 10
2 4 18 10 2 4 9 14
4 5 9 5 4 5 12 18
6 6 15 10 6 6 3 7
8 1 21 15 8 1 6 11
10 2 12 5 10 2 9 15
12 3 18 10 12 3 3 4
2 4 24 15 2 4 6 8
4 5 15 5 4 5 9 12
6 6 6 10 6 6 3 16
8 1 12 15 8 1 6 20
10 2 18 5 10 2 9 9
12 3 9 10 12 3 3 13
2 4 15 15 2 4 6 17
4 5 21 5 4 5 9 6
6 6 12 10 6 6 3 10
8 1 18 15 8 1 6 14
10 2 9 5 10 2 9 18
12 3 15 10 12 3 3 7
2 4 21 15 2 4 6 11
4 5 12 5 4 5 9 15
6 6 18 10 6 6 3 4
8 1 24 15 8 1 6 8
10 2 15 5 10 2 9 12
12 3 6 10 12 3 3 16
2 4 12 15 2 4 6 20
4 5 18 5 4 5 9 9
6 6 9 10 6 6 3 13
8 1 15 15 8 1 6 17
10 2 21 5 10 2 9 6
12 3 12 10 12 3 3 10
2 4 18 15 2 4 6 14
4 5 9 5 4 5 9 18
6 6 15 10 6 6 3 7
8 1 21 15 8 1 6 11
10 2 12 5 10 2 9 15
12 3 18 10 12 3 3 4
2 4 24 15 2 4 6 8
4 5 15 5 4 5 9 12
6 6 6 10 6 6 3 16
8 1 12 15 8 1 6 20
10 2 18 5 10 2 9 9
12 3 9 10 12 3 3 13
2 4 15 15 2 4 6 17
4 5 21 5 4 5 9 6
6 6 12 10 6 6 3 10
8 1 18 15 8 1 6 14
10 2 9 5 10 2 9 18
12 3 15 10 12 3 3 7
2 4 21 15 2 4 6 11
4 5 12 5 4 5 9 15
6 6 18 10 6 6 3 4
8 1 24 15 8 1 6 8
10 2 15 5 10 2 9 12
12 3 6 10 12 3 3 16
2 4 12 15 2 4 6 20
4 5 18 5 4 5 9 9
6 6 9 10 6 6 3 13
8 1 15 15 8 1 6 17
10 2 21 5 10 2 9 6
12 3 12 10 12 3 3 10
2 4 18 15 2 4 6 14
4 5 9 5 4 5 9 18
6 6 15 10 6 6 3 7
8 1 21 15 8 1 6 11
10 2 12 5 10 2 9 15
12 3 18 10 12 3 3 4
2 4 24 15 2 4 6 8
4 5 15 5 4 5 9 12
6 6 6 10 6 6 3 16
8 1 12 15 8 1 6 20
10 2 18 5 10 2 9 9
12 3 9 10 12 3 3 13
2 4 15 15 2 4 6 17
4 5 21 5 4 5 9 6
6 6 12 10 6 6 3 10
8 1 18 15 8 1 6 14
10 2 9 5 10 2 9 18
12 3 15 10 12 3 3 7
2 4 21 15 2 4 6 11
4 5 12 5 4 5 9 15
6 6 18 10 6 6 3 4
8 1 24 15 8 1 6 8
10 2 15 5 10 2 9 12
12 3 6 10 12 3 3 16
2 4 12 15 2 4 6 20
4 5 18 5 4 5 9 9
*
waitingTimeCarsGone
520
0
690
665
281
0
141
92
*
waitingTimeCarsLeft
0
18
0
10
3
2
0
2
