4
1 3 1 3 5 3 5 3
15
101
2288
11270.66
1005.333
136
carsInLane
1 3 1 3 5 3 5 3
2 6 2 6 5 3 10 6
3 9 3 9 10 6 5 3
4 12 4 12 5 3 10 6
5 15 5 3 10 6 15 3
1 3 6 6 15 9 20 6
2 6 1 9 20 12 10 9
3 9 2 12 10 3 15 12
4 12 3 15 15 6 5 3
5 15 1 3 20 9 10 6
1 3 2 6 25 12 15 9
2 6 3 9 15 3 20 12
3 9 4 12 20 6 10 3
4 12 5 15 10 3 15 6
5 15 1 3 15 6 20 9
1 3 2 6 20 9 25 12
2 6 3 9 25 12 15 3
3 9 4 12 15 3 20 6
4 12 5 15 20 6 10 3
5 15 1 3 25 9 15 6
1 3 2 6 30 12 20 9
2 6 3 9 20 3 25 12
3 9 4 12 25 6 15 3
4 12 5 15 15 3 20 6
5 15 1 3 20 6 25 9
1 3 2 6 25 9 30 12
2 6 3 9 30 12 20 3
3 9 4 12 20 3 25 6
4 12 5 15 25 6 15 3
5 15 1 3 30 9 20 6
1 3 2 6 35 12 25 9
2 6 3 9 25 3 30 12
3 9 4 12 30 6 20 3
4 12 5 15 20 3 25 6
5 15 1 3 25 6 30 9
1 3 2 6 30 9 35 12
2 6 3 9 35 12 25 3
3 9 4 12 25 3 30 6
4 12 5 15 30 6 20 3
5 15 1 3 35 9 25 6
1 3 2 6 40 12 30 9
2 6 3 9 30 3 35 12
3 9 4 12 35 6 25 3
4 12 5 15 25 3 30 6
5 15 1 3 30 6 35 9
1 3 2 6 35 9 40 12
2 6 3 9 40 12 30 3
3 9 4 12 30 3 35 6
4 12 5 15 35 6 25 3
5 15 1 3 40 9 30 6
1 3 2 6 45 12 35 9
2 6 3 9 35 3 40 12
3 9 4 12 40 6 30 3
4 12 5 15 30 3 35 6
5 15 1 3 35 6 40 9
1 3 2 6 40 9 45 12
2 6 3 9 45 12 35 3
3 9 4 12 35 3 40 6
4 12 5 15 40 6 30 3
5 15 1 3 45 9 35 6
1 3 2 6 50 12 40 9
2 6 3 9 40 3 45 12
3 9 4 12 45 6 35 3
4 12 5 15 35 3 40 6
5 15 1 3 40 6 45 9
1 3 2 6 45 9 50 12
2 6 3 9 50 12 40 3
3 9 4 12 40 3 45 6
4 12 5 15 45 6 35 3
5 15 1 3 50 9 40 6
1 3 2 6 55 12 45 9
2 6 3 9 45 3 50 12
3 9 4 12 50 6 40 3
4 12 5 15 40 3 45 6
5 15 1 3 45 6 50 9
1 3 2 6 50 9 55 12
2 6 3 9 55 12 45 3
3 9 4 12 45 3 50 6
4 12 5 15 50 6 40 3
5 15 1 3 55 9 45 6
1 3 2 6 60 12 50 9
2 6 3 9 50 3 55 12
3 9 4 12 55 6 45 3
4 12 5 15 45 3 50 6
5 15 1 3 50 6 55 9
1 3 2 6 55 9 60 12
2 6 3 9 60 12 50 3
3 9 4 12 50 3 55 6
4 12 5 15 55 6 45 3
5 15 1 3 60 9 50 6
1 3 2 6 65 12 55 9
2 6 3 9 55 3 60 12
3 9 4 12 60 6 50 3
4 12 5 15 50 3 55 6
5 15 1 3 55 6 60 9
1 3 2 6 60 9 65 12
2 6 3 9 65 12 55 3
3 9 4 12 55 3 60 6
4 12 5 15 60 6 50 3
5 15 1 3 65 9 55 6
1 3 2 6 70 12 60 9
*
waitingTimeCarsGone
363
0
380
337
361
0
246
91
90
0
90
90
90
0
75
50
20
0
5
*
waitingTimeCarsLeft
0
21
0
17
13
10
0
10
10
10
0
10
10
10
0
10
5
