10
2 1 2 0 3 6 6 4
15
101
2349
7999.005
carsInLane
2 1 2 0 3 6 6 4
4 2 4 0 6 12 6 4
6 3 6 0 3 6 12 8
8 4 8 0 6 12 6 4
10 5 10 0 3 6 12 8
12 6 2 0 6 12 6 12
2 7 4 0 3 18 12 16
4 8 6 0 6 24 6 5
6 1 8 0 9 15 12 9
8 2 10 0 3 6 18 13
10 3 12 0 6 12 9 4
12 4 2 0 9 18 15 8
14 5 4 0 3 9 21 12
16 6 6 0 6 15 12 4
3 7 8 0 3 21 18 8
5 1 10 0 6 12 24 12
7 2 12 0 9 18 15 4
9 3 2 0 12 24 6 8
11 4 4 0 3 15 12 12
13 5 6 0 6 21 6 4
15 6 8 0 3 12 12 8
2 1 10 0 6 18 18 12
4 2 2 0 9 24 24 16
6 3 4 0 12 30 15 5
8 4 6 0 3 21 21 9
10 5 8 0 6 27 12 4
12 6 10 0 3 18 18 8
14 7 2 0 6 24 9 12
16 1 4 0 9 15 15 16
18 2 6 0 12 21 6 5
20 3 8 0 3 12 12 9
7 4 10 0 3 18 18 13
9 5 12 0 6 24 9 4
11 6 2 0 9 30 15 8
13 7 4 0 3 21 21 12
15 8 6 0 6 27 12 4
17 1 8 0 9 18 18 8
19 2 10 0 3 9 24 12
21 3 12 0 6 15 15 4
8 4 14 0 3 21 21 8
10 5 2 0 6 27 12 12
12 6 4 0 3 18 18 16
14 7 6 0 6 24 9 5
16 1 8 0 9 15 15 9
18 2 2 0 12 21 21 13
20 3 4 0 15 27 12 4
22 4 6 0 3 18 18 8
9 1 8 0 6 24 24 12
11 2 10 0 9 30 15 4
13 3 12 0 3 21 21 8
15 4 2 0 6 27 12 12
17 5 4 0 3 18 18 16
19 6 6 0 6 24 9 5
21 1 8 0 9 15 15 9
8 2 10 0 3 21 21 13
10 3 2 0 6 27 27 17
12 4 4 0 9 33 18 6
14 5 6 0 3 24 24 10
16 6 8 0 6 30 15 4
18 1 10 0 9 21 21 8
20 2 2 0 12 27 12 12
22 3 4 0 3 18 18 16
24 4 6 0 6 24 9 5
11 5 8 0 3 30 15 9
13 1 10 0 6 21 21 13
15 2 12 0 9 27 12 4
17 3 2 0 12 33 18 8
19 4 4 0 3 24 24 12
21 5 6 0 6 30 15 4
23 6 8 0 3 21 21 8
25 7 2 0 6 27 12 12
27 1 4 0 9 18 18 16
14 2 6 0 3 24 24 20
16 3 8 0 6 30 15 9
18 4 10 0 3 21 21 13
20 5 12 0 6 27 12 4
22 6 14 0 3 18 18 8
24 7 2 0 6 24 24 12
26 8 4 0 9 30 15 4
28 9 6 0 3 21 21 8
15 1 8 0 6 27 27 12
17 2 10 0 9 33 18 4
19 3 12 0 3 24 24 8
21 4 2 0 6 30 15 12
23 5 4 0 3 21 21 16
25 6 6 0 6 27 12 5
27 1 8 0 9 18 18 9
14 2 10 0 3 24 24 13
16 3 2 0 6 30 30 17
18 4 4 0 9 36 21 6
20 5 6 0 3 27 27 10
22 6 8 0 6 33 18 4
24 1 10 0 9 24 24 8
26 2 2 0 12 30 15 12
28 3 4 0 3 21 21 16
30 4 6 0 6 27 12 5
17 5 8 0 3 33 18 9
19 1 10 0 6 24 24 13
21 2 12 0 9 30 15 4
23 3 2 0 12 36 21 8
25 4 4 0 3 27 27 12
*
waitingTimeCarsGone
360
0
525
585
459
0
217
73
30
0
23
19
18
0
14
10
8
0
6
2
*
waitingTimeCarsLeft
0
20
0
17
9
9
0
5
2
2
0
2
2
2
0
2
2
1
