4
3 1 4 2 2 5 3 4
15
101
2283
11759.67
carsInLane
3 1 4 2 2 5 3 4
6 2 4 4 4 10 3 8
9 3 8 6 2 5 6 12
12 4 12 2 4 10 9 4
15 5 4 4 6 15 3 8
3 1 8 6 8 20 6 12
6 2 12 8 2 10 9 16
9 3 16 10 4 15 3 5
12 4 5 2 6 20 6 9
15 5 9 4 2 10 9 13
3 1 13 6 4 15 12 17
6 2 17 8 6 20 3 6
9 3 21 10 2 10 6 10
12 4 10 2 4 15 9 14
15 5 14 4 6 20 3 4
3 1 18 6 8 25 6 8
6 2 22 8 2 15 9 12
9 3 11 10 4 20 3 16
12 4 15 2 6 25 6 5
15 5 19 4 2 15 9 9
3 1 23 6 4 20 12 13
6 2 12 8 6 25 3 17
9 3 16 10 2 15 6 21
12 4 20 2 4 20 9 10
15 5 9 4 6 25 3 14
3 1 13 6 8 30 6 18
6 2 17 8 2 20 9 22
9 3 21 10 4 25 3 11
12 4 10 2 6 30 6 15
15 5 14 4 2 20 9 19
3 1 18 6 4 25 12 23
6 2 22 8 6 30 3 12
9 3 26 10 2 20 6 16
12 4 15 2 4 25 9 20
15 1 19 4 6 15 12 24
3 2 23 6 2 20 15 28
6 3 27 8 4 25 3 17
9 4 16 2 6 30 6 21
12 5 20 4 2 20 9 25
3 1 24 6 4 25 12 29
6 2 28 8 6 30 3 18
9 3 17 2 8 35 6 22
12 4 21 4 2 25 9 26
15 5 25 6 4 30 3 15
3 1 29 8 6 35 6 19
6 2 33 10 2 25 9 23
9 3 22 2 4 30 12 27
12 4 26 4 6 35 3 16
15 5 30 6 2 25 6 20
3 1 34 8 4 30 9 24
6 2 23 10 6 35 3 28
9 3 27 2 8 40 6 17
12 4 31 4 2 30 9 21
15 5 20 6 4 35 3 25
3 1 24 8 6 40 6 29
6 2 28 10 2 30 9 33
9 3 32 2 4 35 12 22
12 4 21 4 6 40 3 26
15 5 25 6 2 30 6 30
3 1 29 8 4 35 9 34
6 2 33 10 6 40 3 23
9 3 22 2 8 45 6 27
12 4 26 4 2 35 9 31
15 5 30 6 4 40 3 20
3 1 34 8 6 45 6 24
6 2 38 10 2 35 9 28
9 3 27 2 4 40 12 32
12 4 31 4 2 30 15 36
15 5 35 6 4 35 3 25
3 1 39 8 6 40 6 29
6 2 28 2 8 45 9 33
9 3 32 4 2 35 12 37
12 4 36 6 4 40 3 26
15 1 40 8 6 30 6 30
3 2 44 10 2 35 9 34
6 3 33 2 4 40 12 38
9 4 37 4 6 45 3 27
12 5 41 6 2 35 6 31
3 1 45 8 4 40 9 35
6 2 34 10 6 45 3 39
9 3 38 2 8 50 6 28
12 4 42 4 2 40 9 32
15 5 31 6 4 45 3 36
3 1 35 8 6 50 6 40
6 2 39 10 2 40 9 44
9 3 43 2 4 45 12 33
12 4 32 4 6 50 3 37
15 5 36 6 2 40 6 41
3 1 40 8 4 45 9 45
6 2 44 10 6 50 3 34
9 3 33 2 8 55 6 38
12 4 37 4 2 45 9 42
15 5 41 6 4 50 3 31
3 1 45 8 6 55 6 35
6 2 49 10 2 45 9 39
9 3 38 2 4 50 12 43
12 4 42 4 6 55 3 32
15 5 46 6 2 45 6 36
3 1 50 8 4 50 9 40
6 2 39 10 6 55 3 44
9 3 43 2 8 60 6 33
*
waitingTimeCarsGone
303
0
327
361
308
0
251
144
144
0
147
124
94
0
62
15
3
*
waitingTimeCarsLeft
0
22
0
20
17
13
0
13
13
13
0
13
10
4
0
3
