7
3 3 0 8 0 3 4 3
15
92
2075
20906.67
4565.667
349
33.33334
3346.934
carsInLane
3 3 0 8 0 3 4 3
6 6 0 8 0 6 8 3
9 3 0 16 0 3 12 6
12 6 0 9 0 6 16 3
15 9 0 17 0 9 5 3
3 3 0 25 0 12 9 6
6 6 0 18 0 15 13 3
9 3 0 26 0 3 17 6
12 6 0 34 0 6 6 9
3 9 0 42 0 9 10 12
6 12 0 35 0 12 14 3
9 15 0 28 0 15 18 3
12 18 0 21 0 18 22 3
15 6 0 29 0 6 26 6
18 9 0 22 0 9 30 3
21 12 0 30 0 12 19 3
24 15 0 23 0 15 23 6
12 18 0 31 0 18 27 9
15 21 0 24 0 21 31 3
18 9 0 32 0 9 35 6
21 12 0 40 0 12 24 3
24 15 0 33 0 15 28 3
12 3 0 41 0 18 32 6
15 6 0 34 0 21 36 3
18 9 0 42 0 24 25 6
21 12 0 50 0 12 29 9
24 15 0 43 0 15 33 3
27 18 0 36 0 18 37 3
15 6 0 44 0 21 41 6
18 9 0 37 0 24 45 3
21 12 0 45 0 27 34 3
24 15 0 38 0 30 38 3
27 18 0 46 0 33 27 6
30 21 0 54 0 21 31 9
33 24 0 47 0 24 35 3
21 12 0 55 0 27 39 6
24 15 0 48 0 30 43 3
27 18 0 41 0 33 47 3
30 6 0 49 0 21 51 6
33 9 0 57 0 24 40 3
36 12 0 50 0 27 44 6
24 15 0 58 0 30 48 9
27 18 0 51 0 33 52 3
30 21 0 59 0 36 41 3
33 24 0 52 0 39 45 3
36 12 0 60 0 27 49 6
39 15 0 53 0 30 53 3
42 18 0 46 0 33 57 3
45 21 0 54 0 36 46 6
33 24 0 62 0 39 50 9
36 27 0 55 0 42 54 3
39 15 0 63 0 30 58 6
42 18 0 56 0 33 62 3
45 21 0 64 0 36 51 3
48 24 0 57 0 39 55 3
36 12 0 65 0 42 59 6
39 15 0 73 0 45 48 9
42 18 0 81 0 33 52 12
45 21 0 74 0 36 56 3
48 24 0 67 0 39 60 3
36 12 0 75 0 42 64 6
39 15 0 68 0 45 68 3
42 18 0 61 0 48 72 3
45 21 0 69 0 51 61 3
48 24 0 62 0 54 65 6
51 27 0 70 0 42 69 9
54 30 0 63 0 45 73 3
42 18 0 71 0 48 77 6
45 21 0 79 0 51 66 3
48 24 0 72 0 54 70 3
51 12 0 80 0 42 74 6
54 15 0 73 0 45 78 3
57 18 0 81 0 48 67 6
45 21 0 89 0 51 71 9
48 24 0 82 0 54 75 3
51 27 0 75 0 57 79 3
54 15 0 83 0 45 83 6
57 18 0 76 0 48 87 3
60 21 0 84 0 51 76 3
63 24 0 77 0 54 80 3
66 27 0 85 0 57 69 6
54 30 0 93 0 60 73 9
57 33 0 86 0 63 77 3
60 21 0 94 0 51 81 6
63 24 0 87 0 54 85 3
66 27 0 80 0 57 89 3
54 15 0 88 0 60 93 6
57 18 0 96 0 63 82 3
60 21 0 89 0 66 86 6
63 24 0 97 0 54 90 9
66 27 0 90 0 57 94 3
69 30 0 98 0 60 83 3
72 33 0 91 0 63 87 3
60 21 0 99 0 66 91 6
63 24 0 92 0 69 95 3
66 27 0 100 0 72 84 3
69 30 0 93 0 75 88 6
72 33 0 101 0 63 92 9
75 36 0 94 0 66 96 3
63 24 0 102 0 69 100 6
66 27 0 95 0 72 104 3
*
waitingTimeCarsGone
215
15
153
107
127
67
77
133
157
98
60
100
112
98
22
106
58
36
25
13
30
33
33
13
31
29
28
12
30
24
12
7
10
4
*
waitingTimeCarsLeft
0
21
0
21
21
21
0
21
21
21
0
21
21
18
0
18
17
10
0
10
10
10
10
0
10
10
10
0
10
10
4
0
3
