2
4 3 1 3 5 1 4 3
15
101
2217
14380.31
2573.333
207
carsInLane
4 3 1 3 5 1 4 3
4 6 2 6 5 2 8 6
8 9 3 9 10 3 4 3
12 3 4 12 15 1 8 6
16 6 1 3 20 2 12 9
5 9 2 6 10 3 16 12
9 12 3 9 15 4 5 3
13 3 4 12 20 1 9 6
17 6 1 3 25 2 13 9
6 9 2 6 15 3 17 12
10 12 3 9 20 4 6 3
14 3 4 12 25 1 10 6
18 6 1 3 30 2 14 9
7 9 2 6 20 3 18 12
11 12 3 9 25 4 7 3
15 3 4 12 30 1 11 6
19 6 1 3 35 2 15 9
8 9 2 6 25 3 19 12
12 12 3 9 30 4 8 3
16 3 4 12 35 1 12 6
20 6 1 3 40 2 16 9
9 9 2 6 30 3 20 12
13 12 3 9 35 4 9 3
17 3 4 12 40 1 13 6
21 6 1 3 45 2 17 9
10 9 2 6 35 3 21 12
14 12 3 9 40 4 10 3
18 3 4 12 45 1 14 6
22 6 1 3 50 2 18 9
11 9 2 6 40 3 22 12
15 12 3 9 45 4 11 3
19 3 4 12 50 1 15 6
23 6 1 3 55 2 19 9
12 9 2 6 45 3 23 12
16 12 3 9 50 4 12 3
20 3 4 12 55 1 16 6
24 6 1 3 60 2 20 9
13 9 2 6 50 3 24 12
17 12 3 9 55 4 13 3
21 3 4 12 60 1 17 6
25 6 1 3 65 2 21 9
14 9 2 6 55 3 25 12
18 12 3 9 60 4 14 3
22 3 4 12 65 1 18 6
26 6 1 3 70 2 22 9
15 9 2 6 60 3 26 12
19 12 3 9 65 4 15 3
23 3 4 12 70 1 19 6
27 6 1 3 75 2 23 9
16 9 2 6 65 3 27 12
20 12 3 9 70 4 16 3
24 3 4 12 75 1 20 6
28 6 1 3 80 2 24 9
17 9 2 6 70 3 28 12
21 12 3 9 75 4 17 3
25 3 4 12 80 1 21 6
29 6 1 3 85 2 25 9
18 9 2 6 75 3 29 12
22 12 3 9 80 4 18 3
26 3 4 12 85 1 22 6
30 6 1 3 90 2 26 9
19 9 2 6 80 3 30 12
23 12 3 9 85 4 19 3
27 3 4 12 90 1 23 6
31 6 1 3 95 2 27 9
20 9 2 6 85 3 31 12
24 12 3 9 90 4 20 3
28 3 4 12 95 1 24 6
32 6 1 3 100 2 28 9
21 9 2 6 90 3 32 12
25 12 3 9 95 4 21 3
29 3 4 12 100 1 25 6
33 6 1 3 105 2 29 9
22 9 2 6 95 3 33 12
26 12 3 9 100 4 22 3
30 3 4 12 105 1 26 6
34 6 1 3 110 2 30 9
23 9 2 6 100 3 34 12
27 12 3 9 105 4 23 3
31 3 4 12 110 1 27 6
35 6 1 3 115 2 31 9
24 9 2 6 105 3 35 12
28 12 3 9 110 4 24 3
32 3 4 12 115 1 28 6
36 6 1 3 120 2 32 9
25 9 2 6 110 3 36 12
29 12 3 9 115 4 25 3
33 3 4 12 120 1 29 6
37 6 1 3 125 2 33 9
26 9 2 6 115 3 37 12
30 12 3 9 120 4 26 3
34 3 4 12 125 1 30 6
38 6 1 3 130 2 34 9
27 9 2 6 120 3 38 12
31 12 3 9 125 4 27 3
35 3 4 12 130 1 31 6
39 6 1 3 135 2 35 9
28 9 2 6 125 3 39 12
32 12 3 9 130 4 28 3
36 3 4 12 135 1 32 6
40 6 1 3 140 2 36 9
*
waitingTimeCarsGone
300
0
328
358
391
0
135
135
126
0
95
63
31
0
15
15
15
0
15
15
15
0
15
15
15
0
15
15
15
0
15
15
15
0
15
10
5
*
waitingTimeCarsLeft
0
24
0
20
16
13
0
13
13
10
0
9
9
5
0
5
5
5
0
5
5
5
0
5
5
5
0
5
5
5
0
5
5
5
