6
3 6 3 3 1 4 3 1
15
101
2389
5585.67
carsInLane
3 6 3 3 1 4 3 1
6 6 6 6 2 4 6 2
9 12 3 9 3 8 3 3
3 6 6 12 4 12 6 4
6 6 9 15 5 4 9 5
9 12 3 3 6 8 12 6
3 6 6 6 7 12 15 7
6 12 9 9 8 16 3 1
9 18 12 12 1 5 6 2
3 9 15 15 2 9 9 3
6 15 3 3 3 13 12 4
9 6 6 6 4 4 15 5
12 12 3 9 5 8 3 6
3 6 6 12 6 12 6 7
6 12 9 3 7 16 9 1
9 18 12 6 1 5 12 2
3 9 15 9 2 9 15 3
6 15 3 12 3 13 3 4
9 6 6 15 4 4 6 5
12 12 3 3 5 8 9 6
3 6 6 6 6 12 12 7
6 12 9 9 7 16 3 1
9 18 12 12 1 5 6 2
3 9 15 15 2 9 9 3
6 15 3 3 3 13 12 4
9 6 6 6 4 4 15 5
12 12 3 9 5 8 3 6
3 6 6 12 6 12 6 7
6 12 9 3 7 16 9 1
9 18 12 6 1 5 12 2
3 9 15 9 2 9 15 3
6 15 3 12 3 13 3 4
9 6 6 15 4 4 6 5
12 12 3 3 5 8 9 6
3 6 6 6 6 12 12 7
6 12 9 9 7 16 3 1
9 18 12 12 1 5 6 2
3 9 15 15 2 9 9 3
6 15 3 3 3 13 12 4
9 6 6 6 4 4 15 5
12 12 3 9 5 8 3 6
3 6 6 12 6 12 6 7
6 12 9 3 7 16 9 1
9 18 12 6 1 5 12 2
3 9 15 9 2 9 15 3
6 15 3 12 3 13 3 4
9 6 6 15 4 4 6 5
12 12 3 3 5 8 9 6
3 6 6 6 6 12 12 7
6 12 9 9 7 16 3 1
9 18 12 12 1 5 6 2
3 9 15 15 2 9 9 3
6 15 3 3 3 13 12 4
9 6 6 6 4 4 15 5
12 12 3 9 5 8 3 6
3 6 6 12 6 12 6 7
6 12 9 3 7 16 9 1
9 18 12 6 1 5 12 2
3 9 15 9 2 9 15 3
6 15 3 12 3 13 3 4
9 6 6 15 4 4 6 5
12 12 3 3 5 8 9 6
3 6 6 6 6 12 12 7
6 12 9 9 7 16 3 1
9 18 12 12 1 5 6 2
3 9 15 15 2 9 9 3
6 15 3 3 3 13 12 4
9 6 6 6 4 4 15 5
12 12 3 9 5 8 3 6
3 6 6 12 6 12 6 7
6 12 9 3 7 16 9 1
9 18 12 6 1 5 12 2
3 9 15 9 2 9 15 3
6 15 3 12 3 13 3 4
9 6 6 15 4 4 6 5
12 12 3 3 5 8 9 6
3 6 6 6 6 12 12 7
6 12 9 9 7 16 3 1
9 18 12 12 1 5 6 2
3 9 15 15 2 9 9 3
6 15 3 3 3 13 12 4
9 6 6 6 4 4 15 5
12 12 3 9 5 8 3 6
3 6 6 12 6 12 6 7
6 12 9 3 7 16 9 1
9 18 12 6 1 5 12 2
3 9 15 9 2 9 15 3
6 15 3 12 3 13 3 4
9 6 6 15 4 4 6 5
12 12 3 3 5 8 9 6
3 6 6 6 6 12 12 7
6 12 9 9 7 16 3 1
9 18 12 12 1 5 6 2
3 9 15 15 2 9 9 3
6 15 3 3 3 13 12 4
9 6 6 6 4 4 15 5
12 12 3 9 5 8 3 6
3 6 6 12 6 12 6 7
6 12 9 3 7 16 9 1
9 18 12 6 1 5 12 2
3 9 15 9 2 9 15 3
*
waitingTimeCarsGone
655
0
695
521
304
0
157
28
28
0
1
*
waitingTimeCarsLeft
0
18
0
12
5
