1
2 1 2 0 3 6 6 4
15
101
1924
24264.02
carsInLane
2 1 2 0 3 6 6 4
4 2 4 0 6 12 6 4
2 3 6 0 3 18 12 8
4 1 8 0 6 9 18 12
6 2 2 0 9 15 24 16
8 3 4 0 12 21 15 5
2 4 6 0 3 27 21 9
4 1 8 0 6 18 27 13
6 2 2 0 9 24 33 17
8 3 4 0 12 30 24 6
2 4 6 0 3 36 30 10
4 1 8 0 6 27 36 14
6 2 2 0 9 33 42 18
8 3 4 0 12 39 33 7
2 4 6 0 3 45 39 11
4 1 8 0 6 36 45 15
6 2 2 0 9 42 51 19
8 3 4 0 12 48 42 8
2 4 6 0 3 54 48 12
4 1 8 0 6 45 54 16
6 2 2 0 9 51 60 20
8 3 4 0 12 57 51 9
2 4 6 0 3 63 57 13
4 1 8 0 6 54 63 17
6 2 2 0 9 60 69 21
8 3 4 0 12 66 60 10
2 4 6 0 3 72 66 14
4 1 8 0 6 63 72 18
6 2 2 0 9 69 78 22
8 3 4 0 12 75 69 11
2 4 6 0 3 81 75 15
4 1 8 0 6 72 81 19
6 2 2 0 9 78 87 23
8 3 4 0 12 84 78 12
2 4 6 0 3 90 84 16
4 1 8 0 6 81 90 20
6 2 2 0 9 87 96 24
8 3 4 0 12 93 87 13
2 4 6 0 3 99 93 17
4 1 8 0 6 90 99 21
6 2 2 0 9 96 105 25
8 3 4 0 12 102 96 14
2 4 6 0 3 108 102 18
4 1 8 0 6 99 108 22
6 2 2 0 9 105 114 26
8 3 4 0 12 111 105 15
2 4 6 0 3 117 111 19
4 1 8 0 6 108 117 23
6 2 2 0 9 114 123 27
8 3 4 0 12 120 114 16
2 4 6 0 3 126 120 20
4 1 8 0 6 117 126 24
6 2 2 0 9 123 132 28
8 3 4 0 12 129 123 17
2 4 6 0 3 135 129 21
4 1 8 0 6 126 135 25
6 2 2 0 9 132 141 29
8 3 4 0 12 138 132 18
2 4 6 0 3 144 138 22
4 1 8 0 6 135 144 26
6 2 2 0 9 141 150 30
8 3 4 0 12 147 141 19
2 4 6 0 3 153 147 23
4 1 8 0 6 144 153 27
6 2 2 0 9 150 159 31
8 3 4 0 12 156 150 20
2 4 6 0 3 162 156 24
4 1 8 0 6 153 162 28
6 2 2 0 9 159 168 32
8 3 4 0 12 165 159 21
2 4 6 0 3 171 165 25
4 1 8 0 6 162 171 29
6 2 2 0 9 168 177 33
8 3 4 0 12 174 168 22
2 4 6 0 3 180 174 26
4 1 8 0 6 171 180 30
6 2 2 0 9 177 186 34
8 3 4 0 12 183 177 23
2 4 6 0 3 189 183 27
4 1 8 0 6 180 189 31
6 2 2 0 9 186 195 35
8 3 4 0 12 192 186 24
2 4 6 0 3 198 192 28
4 1 8 0 6 189 198 32
6 2 2 0 9 195 204 36
8 3 4 0 12 201 195 25
2 4 6 0 3 207 201 29
4 1 8 0 6 198 207 33
6 2 2 0 9 204 213 37
8 3 4 0 12 210 204 26
2 4 6 0 3 216 210 30
4 1 8 0 6 207 216 34
6 2 2 0 9 213 222 38
8 3 4 0 12 219 213 27
2 4 6 0 3 225 219 31
4 1 8 0 6 216 225 35
6 2 2 0 9 222 231 39
8 3 4 0 12 228 222 28
2 4 6 0 3 234 228 32
4 1 8 0 6 225 234 36
6 2 2 0 9 231 240 40
*
waitingTimeCarsGone
219
0
231
251
269
0
78
81
78
0
60
47
31
0
18
21
21
0
18
21
21
0
18
21
21
0
18
21
21
0
18
21
21
0
18
21
21
0
18
21
21
0
18
21
21
0
18
21
21
0
18
15
6
*
waitingTimeCarsLeft
0
24
0
22
21
16
0
16
16
13
0
12
12
12
0
12
12
12
0
12
12
12
0
12
12
12
0
12
12
12
0
12
12
12
0
12
12
12
0
12
12
12
0
12
12
12
0
12
12
12
0
9
3
