9
2 1 2 0 3 6 6 4
15
101
2326
8947.337
carsInLane
2 1 2 0 3 6 6 4
4 2 4 0 6 12 6 4
6 3 6 0 3 6 12 8
8 4 8 0 6 12 6 4
10 5 10 0 3 6 12 8
12 6 2 0 6 12 6 12
2 7 4 0 3 18 12 16
4 8 6 0 6 24 6 5
6 1 8 0 9 15 12 9
8 2 10 0 3 6 18 13
10 3 2 0 6 12 24 17
12 4 4 0 9 18 15 6
14 5 6 0 3 9 21 10
16 6 8 0 6 15 12 4
3 7 10 0 3 21 18 8
5 1 12 0 6 12 24 12
7 2 2 0 9 18 15 16
9 3 4 0 12 24 6 5
11 4 6 0 3 15 12 9
13 5 8 0 6 21 6 4
15 6 2 0 9 27 12 8
17 7 4 0 3 18 18 12
19 8 6 0 6 24 9 4
21 1 8 0 9 15 15 8
8 2 10 0 3 21 21 12
10 3 12 0 6 27 12 4
12 4 14 0 3 18 18 8
14 5 2 0 6 24 9 12
16 6 4 0 3 15 15 16
18 7 6 0 6 21 6 5
20 8 2 0 9 27 12 9
22 9 4 0 3 18 18 13
9 1 6 0 6 24 24 17
11 2 8 0 9 30 15 6
13 3 10 0 3 21 21 10
15 4 2 0 6 27 12 14
17 5 4 0 3 18 18 18
19 6 6 0 6 24 9 7
21 1 8 0 9 15 15 11
8 2 10 0 3 21 21 15
10 3 2 0 6 27 27 19
12 4 4 0 9 33 18 8
14 5 6 0 3 24 24 12
16 6 8 0 6 30 15 4
18 1 10 0 9 21 21 8
20 2 2 0 12 27 12 12
22 3 4 0 3 18 18 16
24 4 6 0 6 24 9 5
11 5 8 0 3 30 15 9
13 1 10 0 6 21 21 13
15 2 2 0 9 27 27 17
17 3 4 0 12 33 18 6
19 4 6 0 3 24 24 10
21 5 8 0 6 30 15 4
23 6 10 0 3 21 21 8
25 7 2 0 6 27 12 12
27 1 4 0 9 18 18 16
14 2 6 0 3 24 24 20
16 3 8 0 6 30 15 9
18 4 10 0 3 21 21 13
20 5 2 0 6 27 27 17
22 6 4 0 9 33 18 6
24 7 6 0 3 24 24 10
26 8 8 0 6 30 15 4
28 1 10 0 9 21 21 8
15 2 12 0 3 27 27 12
17 3 2 0 6 33 18 16
19 4 4 0 3 24 24 20
21 5 6 0 6 30 15 9
23 6 8 0 3 21 21 13
25 7 2 0 6 27 27 17
27 8 4 0 9 33 18 6
29 9 6 0 3 24 24 10
16 1 8 0 6 30 30 14
18 2 10 0 9 36 21 4
20 3 12 0 3 27 27 8
22 4 2 0 6 33 18 12
24 5 4 0 3 24 24 16
26 6 6 0 6 30 15 5
28 1 8 0 9 21 21 9
30 2 2 0 12 27 27 13
17 3 4 0 3 33 33 17
19 4 6 0 6 39 24 6
21 5 8 0 3 30 30 10
23 6 10 0 6 36 21 4
25 1 12 0 9 27 27 8
27 2 2 0 12 33 18 12
29 3 4 0 3 24 24 16
31 4 6 0 6 30 15 5
18 5 8 0 3 36 21 9
20 6 2 0 6 42 27 13
22 1 4 0 9 33 33 17
24 2 6 0 12 39 24 6
26 3 8 0 3 30 30 10
28 4 10 0 6 36 21 4
30 5 12 0 3 27 27 8
32 6 2 0 6 33 18 12
34 1 4 0 9 24 24 16
21 2 6 0 3 30 30 20
23 3 8 0 6 36 21 9
25 4 2 0 9 42 27 13
*
waitingTimeCarsGone
324
0
447
505
486
0
287
109
40
0
22
20
19
0
18
14
12
0
11
7
3
0
2
*
waitingTimeCarsLeft
0
21
0
19
19
16
0
8
2
2
0
2
2
2
0
2
2
1
