3
3 3 3 1 9 2 2 1
15
101
1876
17790.66
20590.67
548
77.33334
carsInLane
3 3 3 1 9 2 2 1
3 6 6 2 9 4 4 2
6 9 9 3 9 2 6 3
3 12 12 4 9 4 8 4
6 15 3 5 18 6 2 5
9 18 6 1 27 8 4 1
12 6 9 2 36 2 6 2
3 9 12 3 30 4 8 3
6 12 3 4 39 6 2 4
9 15 6 1 48 8 4 1
12 3 9 2 57 2 6 2
3 6 12 3 51 4 8 3
6 9 3 4 60 6 2 4
9 12 6 1 69 8 4 1
12 3 9 2 78 2 6 2
3 6 12 3 72 4 8 3
6 9 3 4 81 6 2 4
9 12 6 1 90 8 4 1
12 3 9 2 99 2 6 2
3 6 12 3 93 4 8 3
6 9 3 4 102 6 2 4
9 12 6 1 111 8 4 1
12 3 9 2 120 2 6 2
3 6 12 3 114 4 8 3
6 9 3 4 123 6 2 4
9 12 6 1 132 8 4 1
12 3 9 2 141 2 6 2
3 6 12 3 135 4 8 3
6 9 3 4 144 6 2 4
9 12 6 1 153 8 4 1
12 3 9 2 162 2 6 2
3 6 12 3 156 4 8 3
6 9 3 4 165 6 2 4
9 12 6 1 174 8 4 1
12 3 9 2 183 2 6 2
3 6 12 3 177 4 8 3
6 9 3 4 186 6 2 4
9 12 6 1 195 8 4 1
12 3 9 2 204 2 6 2
3 6 12 3 198 4 8 3
6 9 3 4 207 6 2 4
9 12 6 1 216 8 4 1
12 3 9 2 225 2 6 2
3 6 12 3 219 4 8 3
6 9 3 4 228 6 2 4
9 12 6 1 237 8 4 1
12 3 9 2 246 2 6 2
3 6 12 3 240 4 8 3
6 9 3 4 249 6 2 4
9 12 6 1 258 8 4 1
12 3 9 2 267 2 6 2
3 6 12 3 261 4 8 3
6 9 3 4 270 6 2 4
9 12 6 1 279 8 4 1
12 3 9 2 288 2 6 2
3 6 12 3 282 4 8 3
6 9 3 4 291 6 2 4
9 12 6 1 300 8 4 1
12 3 9 2 309 2 6 2
3 6 12 3 303 4 8 3
6 9 3 4 312 6 2 4
9 12 6 1 321 8 4 1
12 3 9 2 330 2 6 2
3 6 12 3 324 4 8 3
6 9 3 4 333 6 2 4
9 12 6 1 342 8 4 1
12 3 9 2 351 2 6 2
3 6 12 3 345 4 8 3
6 9 3 4 354 6 2 4
9 12 6 1 363 8 4 1
12 3 9 2 372 2 6 2
3 6 12 3 366 4 8 3
6 9 3 4 375 6 2 4
9 12 6 1 384 8 4 1
12 3 9 2 393 2 6 2
3 6 12 3 387 4 8 3
6 9 3 4 396 6 2 4
9 12 6 1 405 8 4 1
12 3 9 2 414 2 6 2
3 6 12 3 408 4 8 3
6 9 3 4 417 6 2 4
9 12 6 1 426 8 4 1
12 3 9 2 435 2 6 2
3 6 12 3 429 4 8 3
6 9 3 4 438 6 2 4
9 12 6 1 447 8 4 1
12 3 9 2 456 2 6 2
3 6 12 3 450 4 8 3
6 9 3 4 459 6 2 4
9 12 6 1 468 8 4 1
12 3 9 2 477 2 6 2
3 6 12 3 471 4 8 3
6 9 3 4 480 6 2 4
9 12 6 1 489 8 4 1
12 3 9 2 498 2 6 2
3 6 12 3 492 4 8 3
6 9 3 4 501 6 2 4
9 12 6 1 510 8 4 1
12 3 9 2 519 2 6 2
3 6 12 3 513 4 8 3
6 9 3 4 522 6 2 4
*
waitingTimeCarsGone
399
0
372
373
376
0
11
12
3
0
9
6
6
0
9
3
9
0
3
9
6
0
6
9
3
0
9
3
9
0
6
6
9
0
3
9
3
0
9
6
6
0
9
3
9
0
3
9
6
0
6
9
3
0
9
3
9
0
6
6
9
0
3
9
3
0
9
6
6
0
9
3
9
0
3
9
6
*
waitingTimeCarsLeft
0
22
0
17
14
9
0
9
9
9
0
9
9
9
0
9
9
9
0
9
9
9
0
9
9
9
0
9
9
9
0
9
9
9
0
9
9
9
0
9
9
9
0
9
9
9
0
9
9
9
0
9
9
9
0
9
9
9
0
9
9
9
0
9
9
9
0
9
9
9
0
9
9
9
0
9
9
9
