10
4 3 4 4 0 3 3 3
15
101
2388
6352.003
77.33335
36
carsInLane
4 3 4 4 0 3 3 3
8 6 4 4 0 6 6 6
4 3 8 8 0 9 9 9
8 6 12 12 0 12 3 3
12 9 4 4 0 15 6 6
16 3 8 8 0 3 9 9
5 3 12 12 0 6 12 12
9 6 4 16 0 9 3 15
13 9 8 5 0 12 6 3
4 3 12 9 0 15 9 6
8 6 4 13 0 18 3 9
12 9 8 17 0 6 6 12
16 12 12 6 0 9 9 3
5 3 16 10 0 12 12 6
9 6 5 14 0 15 3 9
13 9 9 4 0 18 6 3
17 3 13 8 0 6 9 6
21 6 4 12 0 9 3 9
10 3 8 16 0 12 6 12
14 6 12 5 0 15 9 3
18 3 16 9 0 3 12 6
22 6 5 13 0 6 3 9
11 9 9 17 0 9 6 12
15 12 13 6 0 12 9 3
4 3 17 10 0 15 12 6
8 6 6 14 0 18 3 9
12 3 10 18 0 6 6 12
16 6 14 7 0 9 9 3
20 9 4 11 0 12 3 6
9 3 8 15 0 15 6 9
13 6 12 4 0 18 9 3
17 3 16 8 0 6 12 6
21 6 5 12 0 9 3 9
10 9 9 16 0 12 6 12
14 12 13 5 0 15 9 3
18 3 17 9 0 3 12 6
22 6 6 13 0 6 3 9
11 3 10 17 0 9 6 12
15 6 14 6 0 12 9 3
19 9 4 10 0 15 3 6
8 3 8 14 0 18 6 9
12 6 12 4 0 21 9 3
16 3 16 8 0 9 12 6
20 6 5 12 0 12 3 9
9 9 9 16 0 15 6 12
13 12 13 5 0 18 9 3
17 3 17 9 0 6 12 6
21 6 6 13 0 9 3 9
10 3 10 17 0 12 6 12
14 6 14 6 0 15 9 3
18 9 4 10 0 18 3 6
22 3 8 14 0 6 6 9
11 3 12 18 0 9 9 12
15 6 16 7 0 12 12 3
19 9 5 11 0 15 3 6
23 12 9 15 0 3 6 9
12 3 13 19 0 6 9 12
16 6 4 8 0 9 12 15
20 9 8 12 0 12 3 3
9 3 12 16 0 15 6 6
13 6 4 5 0 18 9 9
17 3 8 9 0 6 12 12
21 6 12 13 0 9 3 3
10 3 16 17 0 12 6 6
14 6 5 6 0 15 9 9
18 3 9 10 0 3 12 12
7 6 13 14 0 6 15 15
11 9 17 18 0 9 3 3
15 12 6 7 0 12 6 6
4 3 10 11 0 15 9 9
8 6 4 4 0 18 12 12
12 3 8 8 0 6 15 15
16 6 12 12 0 9 3 3
20 9 4 4 0 12 6 6
9 3 8 8 0 15 9 9
13 3 12 12 0 3 12 12
17 6 4 16 0 6 3 15
6 9 8 20 0 9 6 18
10 12 12 9 0 12 9 6
14 3 16 13 0 3 12 9
18 6 5 4 0 6 15 12
22 9 9 8 0 9 3 3
11 3 13 12 0 12 6 6
15 6 4 4 0 15 9 9
19 3 8 8 0 3 12 12
23 6 12 12 0 6 3 3
12 3 16 16 0 9 6 6
16 6 5 5 0 12 9 9
20 9 9 9 0 3 12 12
9 3 13 13 0 6 15 15
13 6 17 17 0 9 3 3
17 9 6 6 0 12 6 6
6 3 10 10 0 15 9 9
10 6 4 4 0 18 12 12
14 3 8 8 0 6 15 15
18 6 12 12 0 9 3 3
7 3 16 16 0 12 6 6
11 6 5 5 0 15 9 9
15 3 9 9 0 3 12 12
4 6 13 13 0 6 15 15
8 9 17 17 0 9 3 3
*
waitingTimeCarsGone
497
0
611
586
449
0
191
51
3
*
waitingTimeCarsLeft
0
20
0
10
6
