1
2 1 6 5 2 1 3 4
15
101
2026
21876.68
carsInLane
2 1 6 5 2 1 3 4
4 2 6 5 4 2 6 8
2 3 12 10 2 3 9 12
4 1 18 15 4 1 12 16
6 2 24 20 6 2 3 5
8 3 15 10 8 3 6 9
2 4 21 15 2 4 9 13
4 1 27 20 4 1 12 17
6 2 33 25 6 2 3 6
8 3 24 15 8 3 6 10
2 4 30 20 2 4 9 14
4 1 36 25 4 1 12 18
6 2 42 30 6 2 3 7
8 3 33 20 8 3 6 11
2 4 39 25 2 4 9 15
4 1 45 30 4 1 12 19
6 2 51 35 6 2 3 8
8 3 42 25 8 3 6 12
2 4 48 30 2 4 9 16
4 1 54 35 4 1 12 20
6 2 60 40 6 2 3 9
8 3 51 30 8 3 6 13
2 4 57 35 2 4 9 17
4 1 63 40 4 1 12 21
6 2 69 45 6 2 3 10
8 3 60 35 8 3 6 14
2 4 66 40 2 4 9 18
4 1 72 45 4 1 12 22
6 2 78 50 6 2 3 11
8 3 69 40 8 3 6 15
2 4 75 45 2 4 9 19
4 1 81 50 4 1 12 23
6 2 87 55 6 2 3 12
8 3 78 45 8 3 6 16
2 4 84 50 2 4 9 20
4 1 90 55 4 1 12 24
6 2 96 60 6 2 3 13
8 3 87 50 8 3 6 17
2 4 93 55 2 4 9 21
4 1 99 60 4 1 12 25
6 2 105 65 6 2 3 14
8 3 96 55 8 3 6 18
2 4 102 60 2 4 9 22
4 1 108 65 4 1 12 26
6 2 114 70 6 2 3 15
8 3 105 60 8 3 6 19
2 4 111 65 2 4 9 23
4 1 117 70 4 1 12 27
6 2 123 75 6 2 3 16
8 3 114 65 8 3 6 20
2 4 120 70 2 4 9 24
4 1 126 75 4 1 12 28
6 2 132 80 6 2 3 17
8 3 123 70 8 3 6 21
2 4 129 75 2 4 9 25
4 1 135 80 4 1 12 29
6 2 141 85 6 2 3 18
8 3 132 75 8 3 6 22
2 4 138 80 2 4 9 26
4 1 144 85 4 1 12 30
6 2 150 90 6 2 3 19
8 3 141 80 8 3 6 23
2 4 147 85 2 4 9 27
4 1 153 90 4 1 12 31
6 2 159 95 6 2 3 20
8 3 150 85 8 3 6 24
2 4 156 90 2 4 9 28
4 1 162 95 4 1 12 32
6 2 168 100 6 2 3 21
8 3 159 90 8 3 6 25
2 4 165 95 2 4 9 29
4 1 171 100 4 1 12 33
6 2 177 105 6 2 3 22
8 3 168 95 8 3 6 26
2 4 174 100 2 4 9 30
4 1 180 105 4 1 12 34
6 2 186 110 6 2 3 23
8 3 177 100 8 3 6 27
2 4 183 105 2 4 9 31
4 1 189 110 4 1 12 35
6 2 195 115 6 2 3 24
8 3 186 105 8 3 6 28
2 4 192 110 2 4 9 32
4 1 198 115 4 1 12 36
6 2 204 120 6 2 3 25
8 3 195 110 8 3 6 29
2 4 201 115 2 4 9 33
4 1 207 120 4 1 12 37
6 2 213 125 6 2 3 26
8 3 204 115 8 3 6 30
2 4 210 120 2 4 9 34
4 1 216 125 4 1 12 38
6 2 222 130 6 2 3 27
8 3 213 120 8 3 6 31
2 4 219 125 2 4 9 35
4 1 225 130 4 1 12 39
6 2 231 135 6 2 3 28
8 3 222 125 8 3 6 32
2 4 228 130 2 4 9 36
4 1 234 135 4 1 12 40
6 2 240 140 6 2 3 29
*
waitingTimeCarsGone
242
0
255
275
300
0
84
84
84
0
66
50
37
0
24
24
27
0
24
24
27
0
24
24
27
0
24
24
27
0
24
24
27
0
24
19
17
0
9
9
12
0
9
9
12
0
9
9
12
0
9
9
6
*
waitingTimeCarsLeft
0
24
0
21
19
15
0
15
15
15
0
12
11
11
0
11
11
11
0
11
11
11
0
11
11
11
0
11
11
11
0
11
11
11
0
6
6
6
0
6
6
6
0
6
6
6
0
6
6
6
0
3
