3
0 7 8 4 0 2 1 2
15
101
1628
28166.68
26328
796
71.99999
carsInLane
0 7 8 4 0 2 1 2
0 14 8 4 0 4 2 4
0 7 16 8 0 2 3 6
0 14 9 4 0 4 4 8
0 21 17 8 0 6 5 10
0 28 25 12 0 8 1 2
0 20 33 16 0 2 2 4
0 27 26 5 0 4 3 6
0 34 34 9 0 6 4 8
0 41 42 13 0 8 1 2
0 33 50 17 0 2 2 4
0 40 43 6 0 4 3 6
0 47 51 10 0 6 4 8
0 54 59 14 0 8 1 2
0 46 67 18 0 2 2 4
0 53 60 7 0 4 3 6
0 60 68 11 0 6 4 8
0 67 76 15 0 8 1 2
0 59 84 19 0 2 2 4
0 66 77 8 0 4 3 6
0 73 85 12 0 6 4 8
0 80 93 16 0 8 1 2
0 72 101 20 0 2 2 4
0 79 94 9 0 4 3 6
0 86 102 13 0 6 4 8
0 93 110 17 0 8 1 2
0 85 118 21 0 2 2 4
0 92 111 10 0 4 3 6
0 99 119 14 0 6 4 8
0 106 127 18 0 8 1 2
0 98 135 22 0 2 2 4
0 105 128 11 0 4 3 6
0 112 136 15 0 6 4 8
0 119 144 19 0 8 1 2
0 111 152 23 0 2 2 4
0 118 145 12 0 4 3 6
0 125 153 16 0 6 4 8
0 132 161 20 0 8 1 2
0 124 169 24 0 2 2 4
0 131 162 13 0 4 3 6
0 138 170 17 0 6 4 8
0 145 178 21 0 8 1 2
0 137 186 25 0 2 2 4
0 144 179 14 0 4 3 6
0 151 187 18 0 6 4 8
0 158 195 22 0 8 1 2
0 150 203 26 0 2 2 4
0 157 196 15 0 4 3 6
0 164 204 19 0 6 4 8
0 171 212 23 0 8 1 2
0 163 220 27 0 2 2 4
0 170 213 16 0 4 3 6
0 177 221 20 0 6 4 8
0 184 229 24 0 8 1 2
0 176 237 28 0 2 2 4
0 183 230 17 0 4 3 6
0 190 238 21 0 6 4 8
0 197 246 25 0 8 1 2
0 189 254 29 0 2 2 4
0 196 247 18 0 4 3 6
0 203 255 22 0 6 4 8
0 210 263 26 0 8 1 2
0 202 271 30 0 2 2 4
0 209 264 19 0 4 3 6
0 216 272 23 0 6 4 8
0 223 280 27 0 8 1 2
0 215 288 31 0 2 2 4
0 222 281 20 0 4 3 6
0 229 289 24 0 6 4 8
0 236 297 28 0 8 1 2
0 228 305 32 0 2 2 4
0 235 298 21 0 4 3 6
0 242 306 25 0 6 4 8
0 249 314 29 0 8 1 2
0 241 322 33 0 2 2 4
0 248 315 22 0 4 3 6
0 255 323 26 0 6 4 8
0 262 331 30 0 8 1 2
0 254 339 34 0 2 2 4
0 261 332 23 0 4 3 6
0 268 340 27 0 6 4 8
0 275 348 31 0 8 1 2
0 267 356 35 0 2 2 4
0 274 349 24 0 4 3 6
0 281 357 28 0 6 4 8
0 288 365 32 0 8 1 2
0 280 373 36 0 2 2 4
0 287 366 25 0 4 3 6
0 294 374 29 0 6 4 8
0 301 382 33 0 8 1 2
0 293 390 37 0 2 2 4
0 300 383 26 0 4 3 6
0 307 391 30 0 6 4 8
0 314 399 34 0 8 1 2
0 306 407 38 0 2 2 4
0 313 400 27 0 4 3 6
0 320 408 31 0 6 4 8
0 327 416 35 0 8 1 2
0 319 424 39 0 2 2 4
0 326 417 28 0 4 3 6
0 333 425 32 0 6 4 8
*
waitingTimeCarsGone
161
0
167
174
194
0
76
77
67
0
55
35
23
0
13
17
13
0
17
14
16
0
16
14
17
0
13
17
13
0
17
13
17
0
13
17
14
0
16
15
15
0
15
15
16
0
14
17
13
0
17
13
17
0
14
16
15
0
15
15
15
0
11
8
6
0
8
7
7
0
8
*
waitingTimeCarsLeft
0
21
0
21
21
19
0
19
19
19
0
19
15
15
0
15
15
15
0
15
15
15
0
15
15
15
0
15
15
15
0
15
15
15
0
15
15
15
0
15
15
15
0
15
15
15
0
15
15
15
0
15
15
15
0
15
15
15
0
15
15
15
0
15
12
8
0
8
8
8
0
8
1
