9
3 2 4 2 5 6 2 0
15
101
2385
5396.333
carsInLane
3 2 4 2 5 6 2 0
6 4 8 4 5 6 4 0
9 6 4 6 10 12 2 0
12 8 8 8 5 6 4 0
3 2 12 10 10 12 6 0
6 4 4 2 15 18 8 0
9 6 8 4 5 9 10 0
12 8 4 6 10 15 2 0
15 10 8 8 5 6 4 0
3 2 12 10 10 12 6 0
6 4 16 2 15 18 8 0
9 6 20 4 5 9 10 0
12 8 9 6 10 15 2 0
15 10 13 8 5 6 4 0
3 2 17 10 10 12 6 0
6 4 6 2 15 18 8 0
9 6 10 4 5 9 10 0
12 8 4 6 10 15 2 0
15 10 8 8 5 6 4 0
3 2 12 10 10 12 6 0
6 4 16 2 15 18 8 0
9 6 20 4 5 9 10 0
12 8 9 6 10 15 2 0
15 10 13 8 5 6 4 0
3 2 17 10 10 12 6 0
6 4 6 2 15 18 8 0
9 6 10 4 5 9 10 0
12 8 4 6 10 15 2 0
15 10 8 8 5 6 4 0
3 2 12 10 10 12 6 0
6 4 16 2 15 18 8 0
9 6 20 4 5 9 10 0
12 8 9 6 10 15 2 0
15 10 13 8 5 6 4 0
3 2 17 10 10 12 6 0
6 4 6 2 15 18 8 0
9 6 10 4 5 9 10 0
12 8 4 6 10 15 2 0
15 10 8 8 5 6 4 0
3 2 12 10 10 12 6 0
6 4 16 2 15 18 8 0
9 6 20 4 5 9 10 0
12 8 9 6 10 15 2 0
15 10 13 8 5 6 4 0
3 2 17 10 10 12 6 0
6 4 6 2 15 18 8 0
9 6 10 4 5 9 10 0
12 8 4 6 10 15 2 0
15 10 8 8 5 6 4 0
3 2 12 10 10 12 6 0
6 4 16 2 15 18 8 0
9 6 20 4 5 9 10 0
12 8 9 6 10 15 2 0
15 10 13 8 5 6 4 0
3 2 17 10 10 12 6 0
6 4 6 2 15 18 8 0
9 6 10 4 5 9 10 0
12 8 4 6 10 15 2 0
15 10 8 8 5 6 4 0
3 2 12 10 10 12 6 0
6 4 16 2 15 18 8 0
9 6 20 4 5 9 10 0
12 8 9 6 10 15 2 0
15 10 13 8 5 6 4 0
3 2 17 10 10 12 6 0
6 4 6 2 15 18 8 0
9 6 10 4 5 9 10 0
12 8 4 6 10 15 2 0
15 10 8 8 5 6 4 0
3 2 12 10 10 12 6 0
6 4 16 2 15 18 8 0
9 6 20 4 5 9 10 0
12 8 9 6 10 15 2 0
15 10 13 8 5 6 4 0
3 2 17 10 10 12 6 0
6 4 6 2 15 18 8 0
9 6 10 4 5 9 10 0
12 8 4 6 10 15 2 0
15 10 8 8 5 6 4 0
3 2 12 10 10 12 6 0
6 4 16 2 15 18 8 0
9 6 20 4 5 9 10 0
12 8 9 6 10 15 2 0
15 10 13 8 5 6 4 0
3 2 17 10 10 12 6 0
6 4 6 2 15 18 8 0
9 6 10 4 5 9 10 0
12 8 4 6 10 15 2 0
15 10 8 8 5 6 4 0
3 2 12 10 10 12 6 0
6 4 16 2 15 18 8 0
9 6 20 4 5 9 10 0
12 8 9 6 10 15 2 0
15 10 13 8 5 6 4 0
3 2 17 10 10 12 6 0
6 4 6 2 15 18 8 0
9 6 10 4 5 9 10 0
12 8 4 6 10 15 2 0
15 10 8 8 5 6 4 0
3 2 12 10 10 12 6 0
6 4 16 2 15 18 8 0
*
waitingTimeCarsGone
637
0
731
549
250
0
218
*
waitingTimeCarsLeft
0
16
0
11
6
6
