1
4 3 1 3 5 1 4 3
15
101
2222
14397.98
2524
202
carsInLane
4 3 1 3 5 1 4 3
4 6 2 6 5 2 8 6
8 3 3 9 10 1 12 9
12 6 1 12 15 2 4 12
16 9 2 3 20 3 8 3
5 12 3 6 10 4 12 6
9 3 4 9 15 1 16 9
13 6 1 12 20 2 5 12
17 9 2 3 25 3 9 3
6 12 3 6 15 4 13 6
10 3 4 9 20 1 17 9
14 6 1 12 25 2 6 12
18 9 2 3 30 3 10 3
7 12 3 6 20 4 14 6
11 3 4 9 25 1 18 9
15 6 1 12 30 2 7 12
19 9 2 3 35 3 11 3
8 12 3 6 25 4 15 6
12 3 4 9 30 1 19 9
16 6 1 12 35 2 8 12
20 9 2 3 40 3 12 3
9 12 3 6 30 4 16 6
13 3 4 9 35 1 20 9
17 6 1 12 40 2 9 12
21 9 2 3 45 3 13 3
10 12 3 6 35 4 17 6
14 3 4 9 40 1 21 9
18 6 1 12 45 2 10 12
22 9 2 3 50 3 14 3
11 12 3 6 40 4 18 6
15 3 4 9 45 1 22 9
19 6 1 12 50 2 11 12
23 9 2 3 55 3 15 3
12 12 3 6 45 4 19 6
16 3 4 9 50 1 23 9
20 6 1 12 55 2 12 12
24 9 2 3 60 3 16 3
13 12 3 6 50 4 20 6
17 3 4 9 55 1 24 9
21 6 1 12 60 2 13 12
25 9 2 3 65 3 17 3
14 12 3 6 55 4 21 6
18 3 4 9 60 1 25 9
22 6 1 12 65 2 14 12
26 9 2 3 70 3 18 3
15 12 3 6 60 4 22 6
19 3 4 9 65 1 26 9
23 6 1 12 70 2 15 12
27 9 2 3 75 3 19 3
16 12 3 6 65 4 23 6
20 3 4 9 70 1 27 9
24 6 1 12 75 2 16 12
28 9 2 3 80 3 20 3
17 12 3 6 70 4 24 6
21 3 4 9 75 1 28 9
25 6 1 12 80 2 17 12
29 9 2 3 85 3 21 3
18 12 3 6 75 4 25 6
22 3 4 9 80 1 29 9
26 6 1 12 85 2 18 12
30 9 2 3 90 3 22 3
19 12 3 6 80 4 26 6
23 3 4 9 85 1 30 9
27 6 1 12 90 2 19 12
31 9 2 3 95 3 23 3
20 12 3 6 85 4 27 6
24 3 4 9 90 1 31 9
28 6 1 12 95 2 20 12
32 9 2 3 100 3 24 3
21 12 3 6 90 4 28 6
25 3 4 9 95 1 32 9
29 6 1 12 100 2 21 12
33 9 2 3 105 3 25 3
22 12 3 6 95 4 29 6
26 3 4 9 100 1 33 9
30 6 1 12 105 2 22 12
34 9 2 3 110 3 26 3
23 12 3 6 100 4 30 6
27 3 4 9 105 1 34 9
31 6 1 12 110 2 23 12
35 9 2 3 115 3 27 3
24 12 3 6 105 4 31 6
28 3 4 9 110 1 35 9
32 6 1 12 115 2 24 12
36 9 2 3 120 3 28 3
25 12 3 6 110 4 32 6
29 3 4 9 115 1 36 9
33 6 1 12 120 2 25 12
37 9 2 3 125 3 29 3
26 12 3 6 115 4 33 6
30 3 4 9 120 1 37 9
34 6 1 12 125 2 26 12
38 9 2 3 130 3 30 3
27 12 3 6 120 4 34 6
31 3 4 9 125 1 38 9
35 6 1 12 130 2 27 12
39 9 2 3 135 3 31 3
28 12 3 6 125 4 35 6
32 3 4 9 130 1 39 9
36 6 1 12 135 2 28 12
40 9 2 3 140 3 32 3
*
waitingTimeCarsGone
300
0
328
361
393
0
135
135
126
0
95
63
31
0
15
15
15
0
15
15
15
0
15
15
15
0
15
15
15
0
15
15
15
0
15
10
5
*
waitingTimeCarsLeft
0
24
0
18
17
13
0
13
13
10
0
9
5
5
0
5
5
5
0
5
5
5
0
5
5
5
0
5
5
5
0
5
5
5
