1
3 1 6 5 3 3 0 3
15
101
2045
20349.66
8010.668
379
52.33332
carsInLane
3 1 6 5 3 3 0 3
6 2 6 5 6 6 0 6
3 3 12 10 3 9 0 9
6 1 18 15 6 3 0 12
9 2 24 20 9 6 0 3
12 3 15 10 12 9 0 6
3 4 21 15 3 12 0 9
6 1 27 20 6 3 0 12
9 2 33 25 9 6 0 3
12 3 24 15 12 9 0 6
3 4 30 20 3 12 0 9
6 1 36 25 6 3 0 12
9 2 42 30 9 6 0 3
12 3 33 20 12 9 0 6
3 4 39 25 3 12 0 9
6 1 45 30 6 3 0 12
9 2 51 35 9 6 0 3
12 3 42 25 12 9 0 6
3 4 48 30 3 12 0 9
6 1 54 35 6 3 0 12
9 2 60 40 9 6 0 3
12 3 51 30 12 9 0 6
3 4 57 35 3 12 0 9
6 1 63 40 6 3 0 12
9 2 69 45 9 6 0 3
12 3 60 35 12 9 0 6
3 4 66 40 3 12 0 9
6 1 72 45 6 3 0 12
9 2 78 50 9 6 0 3
12 3 69 40 12 9 0 6
3 4 75 45 3 12 0 9
6 1 81 50 6 3 0 12
9 2 87 55 9 6 0 3
12 3 78 45 12 9 0 6
3 4 84 50 3 12 0 9
6 1 90 55 6 3 0 12
9 2 96 60 9 6 0 3
12 3 87 50 12 9 0 6
3 4 93 55 3 12 0 9
6 1 99 60 6 3 0 12
9 2 105 65 9 6 0 3
12 3 96 55 12 9 0 6
3 4 102 60 3 12 0 9
6 1 108 65 6 3 0 12
9 2 114 70 9 6 0 3
12 3 105 60 12 9 0 6
3 4 111 65 3 12 0 9
6 1 117 70 6 3 0 12
9 2 123 75 9 6 0 3
12 3 114 65 12 9 0 6
3 4 120 70 3 12 0 9
6 1 126 75 6 3 0 12
9 2 132 80 9 6 0 3
12 3 123 70 12 9 0 6
3 4 129 75 3 12 0 9
6 1 135 80 6 3 0 12
9 2 141 85 9 6 0 3
12 3 132 75 12 9 0 6
3 4 138 80 3 12 0 9
6 1 144 85 6 3 0 12
9 2 150 90 9 6 0 3
12 3 141 80 12 9 0 6
3 4 147 85 3 12 0 9
6 1 153 90 6 3 0 12
9 2 159 95 9 6 0 3
12 3 150 85 12 9 0 6
3 4 156 90 3 12 0 9
6 1 162 95 6 3 0 12
9 2 168 100 9 6 0 3
12 3 159 90 12 9 0 6
3 4 165 95 3 12 0 9
6 1 171 100 6 3 0 12
9 2 177 105 9 6 0 3
12 3 168 95 12 9 0 6
3 4 174 100 3 12 0 9
6 1 180 105 6 3 0 12
9 2 186 110 9 6 0 3
12 3 177 100 12 9 0 6
3 4 183 105 3 12 0 9
6 1 189 110 6 3 0 12
9 2 195 115 9 6 0 3
12 3 186 105 12 9 0 6
3 4 192 110 3 12 0 9
6 1 198 115 6 3 0 12
9 2 204 120 9 6 0 3
12 3 195 110 12 9 0 6
3 4 201 115 3 12 0 9
6 1 207 120 6 3 0 12
9 2 213 125 9 6 0 3
12 3 204 115 12 9 0 6
3 4 210 120 3 12 0 9
6 1 216 125 6 3 0 12
9 2 222 130 9 6 0 3
12 3 213 120 12 9 0 6
3 4 219 125 3 12 0 9
6 1 225 130 6 3 0 12
9 2 231 135 9 6 0 3
12 3 222 125 12 9 0 6
3 4 228 130 3 12 0 9
6 1 234 135 6 3 0 12
9 2 240 140 9 6 0 3
*
waitingTimeCarsGone
336
0
333
335
342
0
24
24
27
0
24
24
27
0
24
24
27
0
24
24
27
0
24
24
27
0
24
24
27
0
24
24
27
0
24
19
17
0
9
9
12
0
9
9
12
0
9
9
12
0
9
9
6
*
waitingTimeCarsLeft
0
24
0
21
17
11
0
11
11
11
0
11
11
11
0
11
11
11
0
11
11
11
0
11
11
11
0
11
11
11
0
11
11
11
0
6
6
6
0
6
6
6
0
6
6
6
0
6
6
6
0
3
