8
6 3 4 0 2 2 4 3
15
101
2365
7477.666
168
59
15
carsInLane
6 3 4 0 2 2 4 3
6 3 8 0 4 4 8 6
12 6 4 0 6 6 4 9
6 9 8 0 2 8 8 12
12 12 12 0 4 10 4 3
6 3 16 0 6 12 8 6
12 6 5 0 8 14 4 9
18 9 9 0 2 2 8 12
9 3 13 0 4 4 12 15
15 6 17 0 6 6 16 3
21 9 6 0 8 8 5 6
12 3 10 0 10 10 9 9
6 6 14 0 2 12 13 12
12 9 4 0 4 14 4 15
18 3 8 0 6 2 8 18
24 6 12 0 8 4 4 6
15 9 16 0 2 6 8 9
21 12 5 0 4 8 4 12
27 15 9 0 6 10 8 3
18 3 13 0 8 12 12 6
9 6 17 0 2 14 16 9
15 9 6 0 4 16 5 12
21 3 10 0 6 3 9 15
12 6 14 0 2 5 13 18
18 9 18 0 4 7 4 6
9 3 22 0 6 9 8 9
15 6 11 0 8 11 4 12
21 9 15 0 10 13 8 3
12 12 19 0 2 15 12 6
18 15 8 0 4 17 4 9
9 3 12 0 6 19 8 12
15 6 16 0 2 6 12 15
21 9 5 0 4 8 4 18
12 3 9 0 6 10 8 21
18 6 13 0 8 12 4 9
9 9 17 0 2 14 8 12
15 12 6 0 4 16 12 15
21 3 10 0 6 3 16 18
27 6 14 0 8 5 5 6
18 9 18 0 2 7 9 9
24 12 7 0 4 9 4 12
15 3 11 0 6 11 8 15
21 6 15 0 8 13 4 3
12 9 19 0 2 15 8 6
18 12 8 0 4 17 4 9
24 15 12 0 6 19 8 3
30 3 16 0 8 6 12 6
21 6 20 0 2 8 16 9
27 9 9 0 4 10 5 12
18 3 13 0 6 12 9 15
9 6 17 0 2 14 13 18
15 9 21 0 4 16 4 6
21 3 25 0 6 3 8 9
27 6 14 0 8 5 4 12
33 9 18 0 10 7 8 3
24 12 22 0 2 9 12 6
15 3 26 0 4 11 16 9
21 6 15 0 6 13 5 12
12 9 19 0 2 15 9 15
18 12 8 0 4 17 4 18
9 3 12 0 6 19 8 21
15 6 16 0 2 6 12 24
21 9 20 0 4 8 4 12
27 12 9 0 6 10 8 15
18 3 13 0 8 12 12 18
24 6 17 0 10 14 4 6
15 9 21 0 2 16 8 9
21 12 10 0 4 18 4 12
12 3 14 0 6 20 8 15
18 6 18 0 2 7 12 18
24 9 7 0 4 9 4 21
15 3 11 0 6 11 8 24
21 6 15 0 8 13 12 12
12 9 19 0 2 15 16 15
18 12 8 0 4 17 5 18
9 3 12 0 6 19 9 21
15 6 16 0 8 21 4 9
21 9 20 0 2 8 8 12
12 3 24 0 4 10 12 15
18 6 13 0 6 12 4 18
9 9 17 0 2 14 8 21
15 12 21 0 4 16 12 9
21 15 10 0 6 18 4 12
12 3 14 0 8 20 8 15
18 6 18 0 2 7 12 18
24 9 7 0 4 9 4 21
15 3 11 0 6 11 8 24
21 6 15 0 8 13 4 12
12 9 19 0 2 15 8 15
18 12 8 0 4 17 4 18
24 15 12 0 6 19 8 6
15 3 16 0 8 21 12 9
21 6 20 0 2 8 16 12
27 9 9 0 4 10 5 15
18 3 13 0 6 12 9 18
24 6 17 0 8 14 4 6
15 9 21 0 2 16 8 9
21 12 10 0 4 18 4 12
12 3 14 0 6 20 8 15
18 6 18 0 8 22 12 3
24 9 7 0 10 24 4 6
*
waitingTimeCarsGone
383
0
585
587
421
0
191
85
47
0
31
16
13
0
4
2
*
waitingTimeCarsLeft
0
22
0
17
11
8
0
1
