4
5 3 4 4 4 2 1 1
15
101
2373
7027.001
carsInLane
5 3 4 4 4 2 1 1
5 6 8 8 4 4 2 2
10 9 4 4 8 6 3 3
5 3 8 8 12 8 4 4
10 6 12 12 4 2 5 5
15 9 16 16 8 4 1 1
20 12 5 5 12 6 2 2
10 15 9 9 4 8 3 3
15 3 13 13 8 2 4 4
20 6 4 4 12 4 5 5
25 9 8 8 16 6 1 1
15 12 12 12 5 8 2 2
5 3 16 16 9 10 3 3
10 6 20 20 4 2 4 4
15 9 9 9 8 4 5 5
20 12 13 13 12 6 1 1
10 15 17 17 4 8 2 2
15 3 21 21 8 2 3 3
20 6 10 10 12 4 4 4
10 9 14 14 4 6 5 5
15 12 18 18 8 8 1 1
20 15 7 7 12 10 2 2
25 3 11 11 16 2 3 3
15 6 15 15 5 4 4 4
20 9 4 4 9 6 5 5
25 12 8 8 13 8 1 1
15 15 12 12 4 10 2 2
20 3 16 16 8 2 3 3
25 6 5 5 12 4 4 4
15 9 9 9 4 6 5 5
20 12 13 13 8 8 1 1
10 3 17 17 12 10 2 2
15 6 21 21 4 2 3 3
20 9 10 10 8 4 4 4
10 3 14 14 12 6 5 5
15 6 18 18 16 8 1 1
20 9 7 7 20 10 2 2
25 12 11 11 9 2 3 3
15 3 15 15 13 4 4 4
20 6 4 4 17 6 5 5
25 9 8 8 21 8 1 1
15 12 12 12 10 10 2 2
20 3 16 16 14 2 3 3
10 6 20 20 4 4 4 4
15 9 9 9 8 6 5 5
20 12 13 13 12 8 1 1
10 15 17 17 4 10 2 2
15 3 21 21 8 2 3 3
20 6 10 10 12 4 4 4
10 9 14 14 4 6 5 5
15 12 18 18 8 8 1 1
20 15 7 7 12 10 2 2
25 3 11 11 16 2 3 3
15 6 15 15 5 4 4 4
20 9 4 4 9 6 5 5
25 12 8 8 13 8 1 1
15 15 12 12 4 10 2 2
20 3 16 16 8 2 3 3
25 6 5 5 12 4 4 4
15 9 9 9 4 6 5 5
20 12 13 13 8 8 1 1
10 3 17 17 12 10 2 2
15 6 21 21 4 2 3 3
20 9 10 10 8 4 4 4
10 3 14 14 12 6 5 5
15 6 18 18 16 8 1 1
20 9 7 7 20 10 2 2
25 12 11 11 9 2 3 3
15 3 15 15 13 4 4 4
20 6 4 4 17 6 5 5
25 9 8 8 21 8 1 1
15 12 12 12 10 10 2 2
20 3 16 16 14 2 3 3
10 6 20 20 4 4 4 4
15 9 9 9 8 6 5 5
20 12 13 13 12 8 1 1
10 15 17 17 4 10 2 2
15 3 21 21 8 2 3 3
20 6 10 10 12 4 4 4
10 9 14 14 4 6 5 5
15 12 18 18 8 8 1 1
20 15 7 7 12 10 2 2
25 3 11 11 16 2 3 3
15 6 15 15 5 4 4 4
20 9 4 4 9 6 5 5
25 12 8 8 13 8 1 1
15 15 12 12 4 10 2 2
20 3 16 16 8 2 3 3
25 6 5 5 12 4 4 4
15 9 9 9 4 6 5 5
20 12 13 13 8 8 1 1
10 3 17 17 12 10 2 2
15 6 21 21 4 2 3 3
20 9 10 10 8 4 4 4
10 3 14 14 12 6 5 5
15 6 18 18 16 8 1 1
20 9 7 7 20 10 2 2
25 12 11 11 9 2 3 3
15 3 15 15 13 4 4 4
20 6 4 4 17 6 5 5
25 9 8 8 21 8 1 1
*
waitingTimeCarsGone
360
0
531
634
529
0
304
15
*
waitingTimeCarsLeft
0
24
0
20
5
2
