100
0 7 8 4 0 2 1 2
15
101
2181
13975.02
2853.333
243
46.99999
carsInLane
0 7 8 4 0 2 1 2
0 14 8 4 0 4 2 4
0 7 16 8 0 2 3 6
0 14 9 4 0 4 4 8
0 7 17 8 0 2 5 10
0 14 10 4 0 4 6 12
0 7 18 8 0 2 7 14
0 14 11 4 0 4 8 16
0 21 19 8 0 6 1 3
0 13 27 12 0 2 2 5
0 20 20 4 0 4 3 7
0 12 28 8 0 2 4 9
0 19 21 4 0 4 5 11
0 26 14 8 0 6 1 13
0 18 22 12 0 2 2 15
0 25 15 4 0 4 3 17
0 17 23 8 0 2 4 19
0 24 16 4 0 4 5 21
0 16 24 8 0 2 6 23
0 23 17 4 0 4 7 25
0 30 25 8 0 6 1 12
0 22 33 12 0 2 2 14
0 29 26 4 0 4 3 16
0 21 34 8 0 2 4 18
0 28 27 4 0 4 5 20
0 20 35 8 0 2 6 22
0 27 28 4 0 4 7 24
0 34 21 8 0 6 1 26
0 26 29 12 0 2 2 28
0 33 22 4 0 4 3 30
0 25 30 8 0 2 4 32
0 32 38 4 0 4 5 19
0 39 31 8 0 6 1 21
0 31 39 12 0 2 2 23
0 38 32 4 0 4 3 25
0 30 40 8 0 2 4 27
0 37 33 4 0 4 5 29
0 29 41 8 0 2 6 31
0 36 34 4 0 4 7 33
0 43 27 8 0 6 1 35
0 35 35 12 0 2 2 37
0 42 43 4 0 4 3 24
0 49 36 4 0 6 4 26
0 41 44 8 0 2 5 28
0 48 37 4 0 4 6 30
0 40 45 8 0 2 7 32
0 47 38 4 0 4 8 34
0 39 46 8 0 2 9 36
0 46 39 12 0 4 1 38
0 53 32 4 0 6 2 40
0 45 40 8 0 2 3 42
0 52 48 4 0 4 4 29
0 44 56 8 0 2 5 31
0 51 49 4 0 4 6 33
0 43 57 8 0 2 7 35
0 50 50 4 0 4 8 37
0 57 43 8 0 6 1 39
0 49 51 12 0 2 2 41
0 56 44 4 0 4 3 43
0 48 52 8 0 2 4 45
0 55 45 4 0 4 5 47
0 47 53 8 0 2 6 49
0 54 46 4 0 4 7 51
0 46 54 8 0 2 8 53
0 53 47 12 0 4 1 55
0 60 55 4 0 6 2 42
0 52 63 8 0 2 3 44
0 59 56 4 0 4 4 46
0 51 64 8 0 2 5 48
0 58 57 4 0 4 6 50
0 65 50 8 0 6 1 52
0 57 58 12 0 2 2 54
0 64 51 4 0 4 3 56
0 56 59 8 0 2 4 58
0 63 52 4 0 4 5 60
0 55 60 8 0 2 6 62
0 62 68 4 0 4 7 49
0 69 61 8 0 6 1 51
0 61 69 12 0 2 2 53
0 68 62 4 0 4 3 55
0 60 70 8 0 2 4 57
0 67 63 4 0 4 5 59
0 59 71 8 0 2 6 61
0 66 64 4 0 4 7 63
0 73 57 8 0 6 1 65
0 65 65 12 0 2 2 67
0 72 73 4 0 4 3 54
0 79 66 4 0 6 4 56
0 71 74 8 0 2 5 58
0 78 67 4 0 4 6 60
0 70 75 8 0 2 7 62
0 77 68 4 0 4 8 64
0 69 76 8 0 2 9 66
0 76 69 12 0 4 1 68
0 83 62 4 0 6 2 70
0 75 70 8 0 2 3 72
0 82 78 4 0 4 4 59
0 74 86 8 0 2 5 61
0 81 79 4 0 4 6 63
0 73 87 8 0 2 7 65
0 80 80 4 0 4 8 67
*
waitingTimeCarsGone
331
0
382
238
172
0
154
160
182
0
174
121
84
0
62
24
5
0
5
6
6
0
4
4
3
0
2
4
2
0
2
3
4
0
4
6
5
0
5
6
6
0
4
4
3
0
2
2
*
waitingTimeCarsLeft
0
24
0
20
18
18
0
18
18
18
0
18
17
17
0
9
5
2
0
2
2
2
0
2
2
2
0
2
2
2
0
2
2
2
0
2
2
2
0
2
2
2
0
2
2
1
