4
4 3 3 3 2 4 4 1
15
101
2384
6034.675
90.66668
40
carsInLane
4 3 3 3 2 4 4 1
8 3 6 6 4 4 8 2
12 6 3 9 6 8 4 3
4 9 6 12 2 12 8 4
8 3 9 15 4 4 12 5
12 6 12 3 6 8 16 1
16 9 3 6 8 12 5 2
5 3 6 9 10 16 9 3
9 6 9 12 2 5 13 4
13 9 3 15 4 9 4 5
17 12 6 3 6 13 8 1
6 3 9 6 8 17 12 2
10 6 12 9 2 6 16 3
14 9 3 12 4 10 5 4
4 3 6 15 6 14 9 5
8 6 9 3 8 18 13 1
12 9 12 6 2 7 17 2
16 12 3 9 4 11 6 3
5 3 6 12 6 15 10 4
9 6 9 15 2 4 14 5
13 9 12 3 4 8 18 1
17 12 3 6 6 12 7 2
6 3 6 9 8 16 11 3
10 6 9 12 2 5 15 4
14 9 3 15 4 9 4 5
18 12 6 3 6 13 8 1
7 3 9 6 8 17 12 2
11 6 12 9 2 6 16 3
15 9 3 12 4 10 5 4
4 3 6 15 6 14 9 5
8 6 9 3 8 18 13 1
12 9 12 6 2 7 17 2
16 12 3 9 4 11 6 3
5 3 6 12 6 15 10 4
9 6 9 15 2 4 14 5
13 9 12 3 4 8 18 1
17 12 3 6 6 12 7 2
6 3 6 9 8 16 11 3
10 6 9 12 2 5 15 4
14 9 3 15 4 9 4 5
18 12 6 3 6 13 8 1
7 3 9 6 8 17 12 2
11 6 12 9 2 6 16 3
15 9 3 12 4 10 5 4
4 3 6 15 6 14 9 5
8 6 9 3 8 18 13 1
12 9 12 6 2 7 17 2
16 12 3 9 4 11 6 3
5 3 6 12 6 15 10 4
9 6 9 15 2 4 14 5
13 9 12 3 4 8 18 1
17 12 3 6 6 12 7 2
6 3 6 9 8 16 11 3
10 6 9 12 2 5 15 4
14 9 3 15 4 9 4 5
18 12 6 3 6 13 8 1
7 3 9 6 8 17 12 2
11 6 12 9 2 6 16 3
15 9 3 12 4 10 5 4
4 3 6 15 6 14 9 5
8 6 9 3 8 18 13 1
12 9 12 6 2 7 17 2
16 12 3 9 4 11 6 3
5 3 6 12 6 15 10 4
9 6 9 15 2 4 14 5
13 9 12 3 4 8 18 1
17 12 3 6 6 12 7 2
6 3 6 9 8 16 11 3
10 6 9 12 2 5 15 4
14 9 3 15 4 9 4 5
18 12 6 3 6 13 8 1
7 3 9 6 8 17 12 2
11 6 12 9 2 6 16 3
15 9 3 12 4 10 5 4
4 3 6 15 6 14 9 5
8 6 9 3 8 18 13 1
12 9 12 6 2 7 17 2
16 12 3 9 4 11 6 3
5 3 6 12 6 15 10 4
9 6 9 15 2 4 14 5
13 9 12 3 4 8 18 1
17 12 3 6 6 12 7 2
6 3 6 9 8 16 11 3
10 6 9 12 2 5 15 4
14 9 3 15 4 9 4 5
18 12 6 3 6 13 8 1
7 3 9 6 8 17 12 2
11 6 12 9 2 6 16 3
15 9 3 12 4 10 5 4
4 3 6 15 6 14 9 5
8 6 9 3 8 18 13 1
12 9 12 6 2 7 17 2
16 12 3 9 4 11 6 3
5 3 6 12 6 15 10 4
9 6 9 15 2 4 14 5
13 9 12 3 4 8 18 1
17 12 3 6 6 12 7 2
6 3 6 9 8 16 11 3
10 6 9 12 2 5 15 4
14 9 3 15 4 9 4 5
18 12 6 3 6 13 8 1
*
waitingTimeCarsGone
508
0
614
607
518
0
137
*
waitingTimeCarsLeft
0
20
0
13
6
1
