3
3 1 6 5 3 3 0 3
15
101
2044
19112
8321.332
380
50.99999
carsInLane
3 1 6 5 3 3 0 3
6 2 6 5 6 6 0 6
3 3 12 10 3 9 0 9
6 4 6 5 6 12 0 12
9 1 12 10 9 3 0 15
12 2 18 15 12 6 0 3
3 3 24 20 3 9 0 6
6 4 15 10 6 12 0 9
9 1 21 15 9 3 0 12
12 2 27 20 12 6 0 3
3 3 33 25 3 9 0 6
6 4 24 15 6 12 0 9
9 1 30 20 9 3 0 12
12 2 36 25 12 6 0 3
3 3 42 30 3 9 0 6
6 4 33 20 6 12 0 9
9 1 39 25 9 3 0 12
12 2 45 30 12 6 0 3
3 3 51 35 3 9 0 6
6 4 42 25 6 12 0 9
9 1 48 30 9 3 0 12
12 2 54 35 12 6 0 3
3 3 60 40 3 9 0 6
6 4 51 30 6 12 0 9
9 1 57 35 9 3 0 12
12 2 63 40 12 6 0 3
3 3 69 45 3 9 0 6
6 4 60 35 6 12 0 9
9 1 66 40 9 3 0 12
12 2 72 45 12 6 0 3
3 3 78 50 3 9 0 6
6 4 69 40 6 12 0 9
9 1 75 45 9 3 0 12
12 2 81 50 12 6 0 3
3 3 87 55 3 9 0 6
6 4 78 45 6 12 0 9
9 1 84 50 9 3 0 12
12 2 90 55 12 6 0 3
3 3 96 60 3 9 0 6
6 4 87 50 6 12 0 9
9 1 93 55 9 3 0 12
12 2 99 60 12 6 0 3
3 3 105 65 3 9 0 6
6 4 96 55 6 12 0 9
9 1 102 60 9 3 0 12
12 2 108 65 12 6 0 3
3 3 114 70 3 9 0 6
6 4 105 60 6 12 0 9
9 1 111 65 9 3 0 12
12 2 117 70 12 6 0 3
3 3 123 75 3 9 0 6
6 4 114 65 6 12 0 9
9 1 120 70 9 3 0 12
12 2 126 75 12 6 0 3
3 3 132 80 3 9 0 6
6 4 123 70 6 12 0 9
9 1 129 75 9 3 0 12
12 2 135 80 12 6 0 3
3 3 141 85 3 9 0 6
6 4 132 75 6 12 0 9
9 1 138 80 9 3 0 12
12 2 144 85 12 6 0 3
3 3 150 90 3 9 0 6
6 4 141 80 6 12 0 9
9 1 147 85 9 3 0 12
12 2 153 90 12 6 0 3
3 3 159 95 3 9 0 6
6 4 150 85 6 12 0 9
9 1 156 90 9 3 0 12
12 2 162 95 12 6 0 3
3 3 168 100 3 9 0 6
6 4 159 90 6 12 0 9
9 1 165 95 9 3 0 12
12 2 171 100 12 6 0 3
3 3 177 105 3 9 0 6
6 4 168 95 6 12 0 9
9 1 174 100 9 3 0 12
12 2 180 105 12 6 0 3
3 3 186 110 3 9 0 6
6 4 177 100 6 12 0 9
9 1 183 105 9 3 0 12
12 2 189 110 12 6 0 3
3 3 195 115 3 9 0 6
6 4 186 105 6 12 0 9
9 1 192 110 9 3 0 12
12 2 198 115 12 6 0 3
3 3 204 120 3 9 0 6
6 4 195 110 6 12 0 9
9 1 201 115 9 3 0 12
12 2 207 120 12 6 0 3
3 3 213 125 3 9 0 6
6 4 204 115 6 12 0 9
9 1 210 120 9 3 0 12
12 2 216 125 12 6 0 3
3 3 222 130 3 9 0 6
6 4 213 120 6 12 0 9
9 1 219 125 9 3 0 12
12 2 225 130 12 6 0 3
3 3 231 135 3 9 0 6
6 4 222 125 6 12 0 9
9 1 228 130 9 3 0 12
*
waitingTimeCarsGone
347
0
344
335
346
0
27
24
27
0
24
24
27
0
24
24
27
0
24
24
27
0
24
24
27
0
24
24
27
0
24
24
27
0
19
14
12
0
9
9
12
0
9
9
12
0
9
9
12
0
6
3
*
waitingTimeCarsLeft
0
21
0
17
17
11
0
11
11
11
0
11
11
11
0
11
11
11
0
11
11
11
0
11
11
11
0
11
11
11
0
11
11
11
0
11
6
6
0
6
6
6
0
6
6
6
0
6
6
6
0
6
