9
3 3 3 1 9 2 2 1
15
101
2236
13894.63
1918.667
188
28
carsInLane
3 3 3 1 9 2 2 1
3 6 6 2 9 4 4 2
6 9 9 3 9 2 6 3
3 12 12 4 9 4 8 4
6 15 3 5 18 6 2 5
3 18 6 6 12 8 4 6
6 6 9 7 21 2 6 7
3 9 12 8 15 4 8 8
6 12 3 9 24 6 2 9
3 15 6 10 18 8 4 10
6 18 9 1 27 10 6 1
9 21 12 2 21 2 8 2
3 24 15 3 15 4 10 3
6 12 18 4 24 2 12 4
3 15 21 5 18 4 14 5
6 18 9 6 27 6 2 6
3 21 12 7 21 8 4 7
6 9 15 8 30 2 6 8
3 12 18 9 24 4 8 9
6 15 21 10 18 2 10 10
9 18 24 1 27 4 12 1
3 21 27 2 21 6 14 2
6 24 15 3 30 8 2 3
9 27 18 4 24 2 4 4
3 15 21 5 33 4 6 5
6 18 24 6 27 2 8 6
3 21 27 7 21 4 10 7
6 24 15 8 30 6 2 8
3 27 18 9 24 8 4 9
6 15 21 10 33 2 6 10
9 18 24 1 42 4 8 1
3 21 27 2 36 6 10 2
6 24 30 3 30 2 12 3
9 27 18 4 39 4 2 4
3 30 21 5 33 6 4 5
6 33 24 6 27 2 6 6
3 21 27 7 36 4 8 7
6 24 30 8 30 2 10 8
9 27 18 9 39 4 2 9
3 30 21 10 33 6 4 10
6 33 24 1 42 8 6 1
9 36 27 2 36 2 8 2
3 39 30 3 30 4 10 3
6 27 33 4 39 2 12 4
3 30 36 5 33 4 14 5
6 33 24 6 42 6 2 6
3 36 27 7 36 8 4 7
6 24 30 8 45 2 6 8
3 27 33 9 39 4 8 9
6 30 36 10 33 2 10 10
9 33 39 1 42 4 12 1
3 36 42 2 36 6 14 2
6 39 30 3 45 8 2 3
9 42 33 4 39 2 4 4
3 30 36 5 48 4 6 5
6 33 39 6 42 2 8 6
3 36 42 7 36 4 10 7
6 39 30 8 45 6 2 8
3 42 33 9 39 8 4 9
6 30 36 10 48 2 6 10
9 33 39 1 57 4 8 1
3 36 42 2 51 6 10 2
6 39 45 3 45 2 12 3
9 42 33 4 54 4 2 4
3 45 36 5 48 6 4 5
6 48 39 6 42 2 6 6
3 36 42 7 51 4 8 7
6 39 45 8 45 2 10 8
9 42 33 9 54 4 2 9
3 45 36 10 48 6 4 10
6 48 39 1 57 8 6 1
9 51 42 2 51 2 8 2
3 54 45 3 45 4 10 3
6 42 48 4 54 2 12 4
3 45 51 5 48 4 14 5
6 48 39 6 57 6 2 6
3 51 42 7 51 8 4 7
6 39 45 8 60 2 6 8
3 42 48 9 54 4 8 9
6 45 51 10 48 2 10 10
9 48 54 1 57 4 12 1
3 51 57 2 51 6 14 2
6 54 45 3 60 8 2 3
9 57 48 4 54 2 4 4
3 45 51 5 63 4 6 5
6 48 54 6 57 2 8 6
3 51 57 7 51 4 10 7
6 54 45 8 60 6 2 8
3 57 48 9 54 8 4 9
6 45 51 10 63 2 6 10
9 48 54 1 72 4 8 1
3 51 57 2 66 6 10 2
6 54 60 3 60 2 12 3
9 57 48 4 69 4 2 4
3 60 51 5 63 6 4 5
6 63 54 6 57 2 6 6
3 51 57 7 66 4 8 7
6 54 60 8 60 2 10 8
9 57 48 9 69 4 2 9
3 60 51 10 63 6 4 10
6 63 54 1 72 8 6 1
*
waitingTimeCarsGone
288
0
336
298
253
0
229
218
161
0
86
50
50
0
30
30
30
0
30
30
30
0
30
24
21
0
9
3
*
waitingTimeCarsLeft
0
22
0
20
17
15
0
15
15
9
0
6
6
6
0
6
6
6
0
6
6
6
0
6
6
3
0
3
3
