5
2 3 4 5 2 4 3 1
15
101
2379
6454.335
113.3334
45
7
carsInLane
2 3 4 5 2 4 3 1
4 6 4 5 4 8 6 2
6 3 8 10 6 4 9 3
8 6 4 5 8 8 12 4
2 9 8 10 2 12 15 5
4 12 4 15 4 16 3 6
6 15 8 5 6 20 6 1
8 3 12 10 8 9 9 2
10 6 4 5 10 13 12 3
12 9 8 10 2 4 15 4
2 3 12 15 4 8 18 5
4 6 16 20 6 12 6 1
6 9 5 10 8 16 9 2
8 3 9 15 10 5 12 3
10 6 4 5 12 9 15 4
2 9 8 10 2 13 18 5
4 12 4 15 4 17 6 6
6 15 8 5 6 21 9 1
8 3 12 10 8 10 12 2
10 6 4 15 10 14 3 3
12 9 8 20 2 4 6 4
2 3 12 25 4 8 9 5
4 6 4 15 6 12 12 6
6 9 8 20 8 16 3 1
8 12 4 10 10 20 6 2
10 3 8 15 12 9 9 3
2 6 12 20 2 13 12 4
4 9 4 10 4 17 15 5
6 3 8 15 6 6 18 6
8 6 12 20 8 10 6 1
10 9 4 10 10 14 9 2
12 12 8 15 2 4 12 3
2 3 12 20 4 8 15 4
4 6 4 10 6 12 18 5
6 9 8 15 8 16 6 1
8 3 12 20 10 5 9 2
10 6 4 10 12 9 12 3
2 9 8 15 2 13 15 4
4 12 4 20 4 17 3 5
6 3 8 25 6 6 6 6
8 6 12 15 8 10 9 1
10 9 4 5 10 14 12 2
12 12 8 10 2 4 15 3
2 3 12 15 4 8 18 4
4 6 16 20 6 12 6 1
6 9 5 10 8 16 9 2
8 3 9 15 10 5 12 3
10 6 4 5 12 9 15 4
2 9 8 10 2 13 18 5
4 12 4 15 4 17 6 6
6 15 8 5 6 21 9 1
8 3 12 10 8 10 12 2
10 6 4 15 10 14 3 3
12 9 8 20 2 4 6 4
2 3 12 25 4 8 9 5
4 6 4 15 6 12 12 6
6 9 8 20 8 16 3 1
8 12 4 10 10 20 6 2
10 3 8 15 12 9 9 3
2 6 12 20 2 13 12 4
4 9 4 10 4 17 15 5
6 3 8 15 6 6 18 6
8 6 12 20 8 10 6 1
10 9 4 10 10 14 9 2
12 12 8 15 2 4 12 3
2 3 12 20 4 8 15 4
4 6 4 10 6 12 18 5
6 9 8 15 8 16 6 1
8 3 12 20 10 5 9 2
10 6 4 10 12 9 12 3
2 9 8 15 2 13 15 4
4 12 4 20 4 17 3 5
6 3 8 25 6 6 6 6
8 6 12 15 8 10 9 1
10 9 4 5 10 14 12 2
12 12 8 10 2 4 15 3
2 3 12 15 4 8 18 4
4 6 16 20 6 12 6 1
6 9 5 10 8 16 9 2
8 3 9 15 10 5 12 3
10 6 4 5 12 9 15 4
2 9 8 10 2 13 18 5
4 12 4 15 4 17 6 6
6 15 8 5 6 21 9 1
8 3 12 10 8 10 12 2
10 6 4 15 10 14 3 3
12 9 8 20 2 4 6 4
2 3 12 25 4 8 9 5
4 6 4 15 6 12 12 6
6 9 8 20 8 16 3 1
8 12 4 10 10 20 6 2
10 3 8 15 12 9 9 3
2 6 12 20 2 13 12 4
4 9 4 10 4 17 15 5
6 3 8 15 6 6 18 6
8 6 12 20 8 10 6 1
10 9 4 10 10 14 9 2
12 12 8 15 2 4 12 3
2 3 12 20 4 8 15 4
4 6 4 10 6 12 18 5
6 9 8 15 8 16 6 1
*
waitingTimeCarsGone
474
0
623
592
406
0
199
85
*
waitingTimeCarsLeft
0
18
0
16
9
2
