1
4 3 3 3 2 4 4 1
15
101
2315
9799.653
586.6666
109
carsInLane
4 3 3 3 2 4 4 1
8 3 6 6 4 4 8 2
4 6 9 9 2 8 12 3
8 9 3 12 4 12 4 4
12 12 6 3 6 16 8 1
16 3 9 6 8 5 12 2
5 6 12 9 2 9 16 3
9 9 3 12 4 13 5 4
13 12 6 3 6 17 9 1
17 3 9 6 8 6 13 2
6 6 12 9 2 10 17 3
10 9 3 12 4 14 6 4
14 12 6 3 6 18 10 1
18 3 9 6 8 7 14 2
7 6 12 9 2 11 18 3
11 9 3 12 4 15 7 4
15 12 6 3 6 19 11 1
19 3 9 6 8 8 15 2
8 6 12 9 2 12 19 3
12 9 3 12 4 16 8 4
16 12 6 3 6 20 12 1
20 3 9 6 8 9 16 2
9 6 12 9 2 13 20 3
13 9 3 12 4 17 9 4
17 12 6 3 6 21 13 1
21 3 9 6 8 10 17 2
10 6 12 9 2 14 21 3
14 9 3 12 4 18 10 4
18 12 6 3 6 22 14 1
22 3 9 6 8 11 18 2
11 6 12 9 2 15 22 3
15 9 3 12 4 19 11 4
19 12 6 3 6 23 15 1
23 3 9 6 8 12 19 2
12 6 12 9 2 16 23 3
16 9 3 12 4 20 12 4
20 12 6 3 6 24 16 1
24 3 9 6 8 13 20 2
13 6 12 9 2 17 24 3
17 9 3 12 4 21 13 4
21 12 6 3 6 25 17 1
25 3 9 6 8 14 21 2
14 6 12 9 2 18 25 3
18 9 3 12 4 22 14 4
22 12 6 3 6 26 18 1
26 3 9 6 8 15 22 2
15 6 12 9 2 19 26 3
19 9 3 12 4 23 15 4
23 12 6 3 6 27 19 1
27 3 9 6 8 16 23 2
16 6 12 9 2 20 27 3
20 9 3 12 4 24 16 4
24 12 6 3 6 28 20 1
28 3 9 6 8 17 24 2
17 6 12 9 2 21 28 3
21 9 3 12 4 25 17 4
25 12 6 3 6 29 21 1
29 3 9 6 8 18 25 2
18 6 12 9 2 22 29 3
22 9 3 12 4 26 18 4
26 12 6 3 6 30 22 1
30 3 9 6 8 19 26 2
19 6 12 9 2 23 30 3
23 9 3 12 4 27 19 4
27 12 6 3 6 31 23 1
31 3 9 6 8 20 27 2
20 6 12 9 2 24 31 3
24 9 3 12 4 28 20 4
28 12 6 3 6 32 24 1
32 3 9 6 8 21 28 2
21 6 12 9 2 25 32 3
25 9 3 12 4 29 21 4
29 12 6 3 6 33 25 1
33 3 9 6 8 22 29 2
22 6 12 9 2 26 33 3
26 9 3 12 4 30 22 4
30 12 6 3 6 34 26 1
34 3 9 6 8 23 30 2
23 6 12 9 2 27 34 3
27 9 3 12 4 31 23 4
31 12 6 3 6 35 27 1
35 3 9 6 8 24 31 2
24 6 12 9 2 28 35 3
28 9 3 12 4 32 24 4
32 12 6 3 6 36 28 1
36 3 9 6 8 25 32 2
25 6 12 9 2 29 36 3
29 9 3 12 4 33 25 4
33 12 6 3 6 37 29 1
37 3 9 6 8 26 33 2
26 6 12 9 2 30 37 3
30 9 3 12 4 34 26 4
34 12 6 3 6 38 30 1
38 3 9 6 8 27 34 2
27 6 12 9 2 31 38 3
31 9 3 12 4 35 27 4
35 12 6 3 6 39 31 1
39 3 9 6 8 28 35 2
28 6 12 9 2 32 39 3
32 9 3 12 4 36 28 4
36 12 6 3 6 40 32 1
*
waitingTimeCarsGone
333
0
374
416
457
0
180
180
165
0
118
70
22
*
waitingTimeCarsLeft
0
21
0
17
14
12
0
12
12
9
0
8
4
