4
3 6 3 3 1 4 3 1
15
101
2378
5956.67
carsInLane
3 6 3 3 1 4 3 1
6 6 6 6 2 4 6 2
9 12 3 9 3 8 3 3
3 6 6 12 4 12 6 4
6 6 9 15 5 4 9 5
9 12 12 3 6 8 12 1
3 18 15 6 1 12 15 2
6 24 3 9 2 16 3 3
9 15 6 12 3 5 6 4
3 6 9 15 4 9 9 5
6 12 12 3 5 13 12 1
9 18 15 6 1 4 15 2
12 24 3 9 2 8 3 3
3 15 6 12 3 12 6 4
6 6 9 15 4 4 9 5
9 12 12 3 5 8 12 1
3 18 15 6 1 12 15 2
6 24 3 9 2 16 3 3
9 15 6 12 3 5 6 4
3 6 9 15 4 9 9 5
6 12 12 3 5 13 12 1
9 18 15 6 1 4 15 2
12 24 3 9 2 8 3 3
3 15 6 12 3 12 6 4
6 6 9 15 4 4 9 5
9 12 12 3 5 8 12 1
3 18 15 6 1 12 15 2
6 24 3 9 2 16 3 3
9 15 6 12 3 5 6 4
3 6 9 15 4 9 9 5
6 12 12 3 5 13 12 1
9 18 15 6 1 4 15 2
12 24 3 9 2 8 3 3
3 15 6 12 3 12 6 4
6 6 9 15 4 4 9 5
9 12 12 3 5 8 12 1
3 18 15 6 1 12 15 2
6 24 3 9 2 16 3 3
9 15 6 12 3 5 6 4
3 6 9 15 4 9 9 5
6 12 12 3 5 13 12 1
9 18 15 6 1 4 15 2
12 24 3 9 2 8 3 3
3 15 6 12 3 12 6 4
6 6 9 15 4 4 9 5
9 12 12 3 5 8 12 1
3 18 15 6 1 12 15 2
6 24 3 9 2 16 3 3
9 15 6 12 3 5 6 4
3 6 9 15 4 9 9 5
6 12 12 3 5 13 12 1
9 18 15 6 1 4 15 2
12 24 3 9 2 8 3 3
3 15 6 12 3 12 6 4
6 6 9 15 4 4 9 5
9 12 12 3 5 8 12 1
3 18 15 6 1 12 15 2
6 24 3 9 2 16 3 3
9 15 6 12 3 5 6 4
3 6 9 15 4 9 9 5
6 12 12 3 5 13 12 1
9 18 15 6 1 4 15 2
12 24 3 9 2 8 3 3
3 15 6 12 3 12 6 4
6 6 9 15 4 4 9 5
9 12 12 3 5 8 12 1
3 18 15 6 1 12 15 2
6 24 3 9 2 16 3 3
9 15 6 12 3 5 6 4
3 6 9 15 4 9 9 5
6 12 12 3 5 13 12 1
9 18 15 6 1 4 15 2
12 24 3 9 2 8 3 3
3 15 6 12 3 12 6 4
6 6 9 15 4 4 9 5
9 12 12 3 5 8 12 1
3 18 15 6 1 12 15 2
6 24 3 9 2 16 3 3
9 15 6 12 3 5 6 4
3 6 9 15 4 9 9 5
6 12 12 3 5 13 12 1
9 18 15 6 1 4 15 2
12 24 3 9 2 8 3 3
3 15 6 12 3 12 6 4
6 6 9 15 4 4 9 5
9 12 12 3 5 8 12 1
3 18 15 6 1 12 15 2
6 24 3 9 2 16 3 3
9 15 6 12 3 5 6 4
3 6 9 15 4 9 9 5
6 12 12 3 5 13 12 1
9 18 15 6 1 4 15 2
12 24 3 9 2 8 3 3
3 15 6 12 3 12 6 4
6 6 9 15 4 4 9 5
9 12 12 3 5 8 12 1
3 18 15 6 1 12 15 2
6 24 3 9 2 16 3 3
9 15 6 12 3 5 6 4
3 6 9 15 4 9 9 5
6 12 12 3 5 13 12 1
*
waitingTimeCarsGone
556
0
607
595
405
0
214
1
*
waitingTimeCarsLeft
0
19
0
15
6
6
