3
4 3 3 3 2 4 4 1
15
101
2314
9796.657
590.6666
110
carsInLane
4 3 3 3 2 4 4 1
8 3 6 6 4 4 8 2
12 6 3 9 6 8 4 3
4 9 6 12 2 12 8 4
8 12 9 3 4 16 12 1
12 3 12 6 6 5 16 2
16 6 3 9 8 9 5 3
5 9 6 12 2 13 9 4
9 12 9 3 4 17 13 1
13 3 12 6 6 6 17 2
17 6 3 9 8 10 6 3
6 9 6 12 2 14 10 4
10 12 9 3 4 18 14 1
14 3 12 6 6 7 18 2
18 6 3 9 8 11 7 3
7 9 6 12 2 15 11 4
11 12 9 3 4 19 15 1
15 3 12 6 6 8 19 2
19 6 3 9 8 12 8 3
8 9 6 12 2 16 12 4
12 12 9 3 4 20 16 1
16 3 12 6 6 9 20 2
20 6 3 9 8 13 9 3
9 9 6 12 2 17 13 4
13 12 9 3 4 21 17 1
17 3 12 6 6 10 21 2
21 6 3 9 8 14 10 3
10 9 6 12 2 18 14 4
14 12 9 3 4 22 18 1
18 3 12 6 6 11 22 2
22 6 3 9 8 15 11 3
11 9 6 12 2 19 15 4
15 12 9 3 4 23 19 1
19 3 12 6 6 12 23 2
23 6 3 9 8 16 12 3
12 9 6 12 2 20 16 4
16 12 9 3 4 24 20 1
20 3 12 6 6 13 24 2
24 6 3 9 8 17 13 3
13 9 6 12 2 21 17 4
17 12 9 3 4 25 21 1
21 3 12 6 6 14 25 2
25 6 3 9 8 18 14 3
14 9 6 12 2 22 18 4
18 12 9 3 4 26 22 1
22 3 12 6 6 15 26 2
26 6 3 9 8 19 15 3
15 9 6 12 2 23 19 4
19 12 9 3 4 27 23 1
23 3 12 6 6 16 27 2
27 6 3 9 8 20 16 3
16 9 6 12 2 24 20 4
20 12 9 3 4 28 24 1
24 3 12 6 6 17 28 2
28 6 3 9 8 21 17 3
17 9 6 12 2 25 21 4
21 12 9 3 4 29 25 1
25 3 12 6 6 18 29 2
29 6 3 9 8 22 18 3
18 9 6 12 2 26 22 4
22 12 9 3 4 30 26 1
26 3 12 6 6 19 30 2
30 6 3 9 8 23 19 3
19 9 6 12 2 27 23 4
23 12 9 3 4 31 27 1
27 3 12 6 6 20 31 2
31 6 3 9 8 24 20 3
20 9 6 12 2 28 24 4
24 12 9 3 4 32 28 1
28 3 12 6 6 21 32 2
32 6 3 9 8 25 21 3
21 9 6 12 2 29 25 4
25 12 9 3 4 33 29 1
29 3 12 6 6 22 33 2
33 6 3 9 8 26 22 3
22 9 6 12 2 30 26 4
26 12 9 3 4 34 30 1
30 3 12 6 6 23 34 2
34 6 3 9 8 27 23 3
23 9 6 12 2 31 27 4
27 12 9 3 4 35 31 1
31 3 12 6 6 24 35 2
35 6 3 9 8 28 24 3
24 9 6 12 2 32 28 4
28 12 9 3 4 36 32 1
32 3 12 6 6 25 36 2
36 6 3 9 8 29 25 3
25 9 6 12 2 33 29 4
29 12 9 3 4 37 33 1
33 3 12 6 6 26 37 2
37 6 3 9 8 30 26 3
26 9 6 12 2 34 30 4
30 12 9 3 4 38 34 1
34 3 12 6 6 27 38 2
38 6 3 9 8 31 27 3
27 9 6 12 2 35 31 4
31 12 9 3 4 39 35 1
35 3 12 6 6 28 39 2
39 6 3 9 8 32 28 3
28 9 6 12 2 36 32 4
32 12 9 3 4 40 36 1
*
waitingTimeCarsGone
333
0
374
415
457
0
180
180
165
0
118
70
22
*
waitingTimeCarsLeft
0
21
0
17
15
12
0
12
12
9
0
8
4
