4
6 2 1 2 6 1 3 3
15
100
2379
5480.998
100
45
carsInLane
6 2 1 2 6 1 3 3
6 4 2 4 6 2 6 6
6 6 3 6 6 3 9 9
12 8 4 8 12 4 3 3
6 10 5 10 6 5 6 6
12 2 6 12 12 1 9 9
18 4 1 2 18 2 12 12
9 6 2 4 9 3 15 15
15 8 3 6 15 4 3 3
6 10 4 8 6 5 6 6
12 2 5 10 12 1 9 9
18 4 1 2 18 2 12 12
9 6 2 4 9 3 15 15
15 8 3 6 15 4 3 3
6 10 4 8 6 5 6 6
12 2 5 10 12 1 9 9
18 4 1 2 18 2 12 12
9 6 2 4 9 3 15 15
15 8 3 6 15 4 3 3
6 10 4 8 6 5 6 6
12 2 5 10 12 1 9 9
18 4 1 2 18 2 12 12
9 6 2 4 9 3 15 15
15 8 3 6 15 4 3 3
6 10 4 8 6 5 6 6
12 2 5 10 12 1 9 9
18 4 1 2 18 2 12 12
9 6 2 4 9 3 15 15
15 8 3 6 15 4 3 3
6 10 4 8 6 5 6 6
12 2 5 10 12 1 9 9
18 4 1 2 18 2 12 12
9 6 2 4 9 3 15 15
15 8 3 6 15 4 3 3
6 10 4 8 6 5 6 6
12 2 5 10 12 1 9 9
18 4 1 2 18 2 12 12
9 6 2 4 9 3 15 15
15 8 3 6 15 4 3 3
6 10 4 8 6 5 6 6
12 2 5 10 12 1 9 9
18 4 1 2 18 2 12 12
9 6 2 4 9 3 15 15
15 8 3 6 15 4 3 3
6 10 4 8 6 5 6 6
12 2 5 10 12 1 9 9
18 4 1 2 18 2 12 12
9 6 2 4 9 3 15 15
15 8 3 6 15 4 3 3
6 10 4 8 6 5 6 6
12 2 5 10 12 1 9 9
18 4 1 2 18 2 12 12
9 6 2 4 9 3 15 15
15 8 3 6 15 4 3 3
6 10 4 8 6 5 6 6
12 2 5 10 12 1 9 9
18 4 1 2 18 2 12 12
9 6 2 4 9 3 15 15
15 8 3 6 15 4 3 3
6 10 4 8 6 5 6 6
12 2 5 10 12 1 9 9
18 4 1 2 18 2 12 12
9 6 2 4 9 3 15 15
15 8 3 6 15 4 3 3
6 10 4 8 6 5 6 6
12 2 5 10 12 1 9 9
18 4 1 2 18 2 12 12
9 6 2 4 9 3 15 15
15 8 3 6 15 4 3 3
6 10 4 8 6 5 6 6
12 2 5 10 12 1 9 9
18 4 1 2 18 2 12 12
9 6 2 4 9 3 15 15
15 8 3 6 15 4 3 3
6 10 4 8 6 5 6 6
12 2 5 10 12 1 9 9
18 4 1 2 18 2 12 12
9 6 2 4 9 3 15 15
15 8 3 6 15 4 3 3
6 10 4 8 6 5 6 6
12 2 5 10 12 1 9 9
18 4 1 2 18 2 12 12
9 6 2 4 9 3 15 15
15 8 3 6 15 4 3 3
6 10 4 8 6 5 6 6
12 2 5 10 12 1 9 9
18 4 1 2 18 2 12 12
9 6 2 4 9 3 15 15
15 8 3 6 15 4 3 3
6 10 4 8 6 5 6 6
12 2 5 10 12 1 9 9
18 4 1 2 18 2 12 12
9 6 2 4 9 3 15 15
15 8 3 6 15 4 3 3
6 10 4 8 6 5 6 6
12 2 5 10 12 1 9 9
18 4 1 2 18 2 12 12
9 6 2 4 9 3 15 15
15 8 3 6 15 4 3 3
6 10 4 8 6 5 6 6
12 2 5 10 12 1 9 9
*
waitingTimeCarsGone
618
6
702
582
234
6
228
3
*
waitingTimeCarsLeft
0
21
0
18
6
