6
3 2 0 5 5 3 3 3
15
101
2358
8078.004
carsInLane
3 2 0 5 5 3 3 3
3 4 0 10 5 6 6 6
6 6 0 5 10 9 9 3
9 8 0 10 5 3 12 6
12 10 0 15 10 6 3 3
3 12 0 20 5 9 6 6
6 14 0 10 10 12 9 3
9 2 0 15 15 3 12 6
12 4 0 20 20 6 3 9
3 6 0 25 10 9 6 12
6 8 0 15 15 12 9 3
9 10 0 20 5 3 12 6
12 12 0 10 10 6 15 3
3 2 0 15 15 9 18 6
6 4 0 20 5 3 21 9
9 6 0 25 10 6 9 12
12 8 0 15 15 9 12 3
3 10 0 20 5 12 15 6
6 12 0 10 10 15 18 3
9 2 0 15 15 3 21 6
12 4 0 20 20 6 9 3
3 6 0 25 10 9 12 6
6 8 0 15 15 12 15 9
9 10 0 20 5 3 18 12
12 12 0 10 10 6 21 3
3 2 0 15 15 9 24 6
6 4 0 20 20 12 12 3
9 6 0 25 10 3 15 6
12 8 0 15 15 6 18 3
15 10 0 20 20 9 6 6
3 12 0 25 10 12 9 9
6 14 0 15 15 15 12 3
9 2 0 20 20 3 15 6
3 4 0 25 10 6 18 9
6 6 0 15 15 9 21 3
9 8 0 20 5 3 24 6
12 10 0 25 10 6 12 9
15 12 0 15 15 9 15 3
3 14 0 20 5 12 18 6
6 2 0 25 10 3 21 9
9 4 0 15 15 6 24 3
12 6 0 20 20 9 12 3
3 8 0 25 10 12 15 6
6 10 0 15 15 15 18 9
9 12 0 20 5 3 21 12
12 14 0 25 10 6 9 3
3 2 0 30 15 9 12 6
6 4 0 20 20 12 15 3
9 6 0 25 10 3 18 6
12 8 0 15 15 6 21 3
15 10 0 20 20 9 9 6
3 12 0 25 10 12 12 9
6 14 0 15 15 15 15 3
9 2 0 20 20 3 18 6
3 4 0 25 10 6 21 9
6 6 0 15 15 9 24 3
9 8 0 20 20 12 12 3
12 10 0 10 25 15 15 6
15 12 0 15 15 3 18 9
3 14 0 20 5 6 21 12
6 2 0 25 10 3 24 15
9 4 0 15 15 6 27 3
12 6 0 20 20 9 15 3
3 8 0 25 10 12 18 6
6 10 0 15 15 15 21 9
9 12 0 20 5 3 24 12
12 14 0 25 10 6 12 3
3 2 0 30 15 9 15 6
6 4 0 20 20 12 18 3
9 6 0 25 10 3 21 6
12 8 0 15 15 6 24 3
15 10 0 20 20 9 12 6
3 12 0 25 10 12 15 9
6 14 0 15 15 15 18 3
9 2 0 20 20 3 21 6
3 4 0 25 10 6 24 9
6 6 0 15 15 9 27 3
9 8 0 20 20 12 15 3
12 10 0 10 25 15 18 6
15 12 0 15 15 3 21 9
3 14 0 20 5 6 24 12
6 2 0 25 10 3 27 15
9 4 0 30 15 6 15 3
12 6 0 20 20 9 18 3
3 8 0 25 10 12 21 6
6 10 0 30 15 15 9 9
9 12 0 20 20 18 12 3
12 14 0 25 10 6 15 6
3 2 0 30 15 9 18 9
6 4 0 20 20 12 21 3
9 6 0 25 10 3 24 6
12 8 0 15 15 6 27 3
15 10 0 20 20 9 15 6
3 12 0 25 10 12 18 9
6 14 0 15 15 15 21 3
9 2 0 20 20 3 24 6
12 4 0 25 25 6 12 3
3 6 0 30 15 9 15 6
6 8 0 20 20 12 18 3
9 10 0 25 25 15 6 6
12 12 0 30 15 3 9 9
*
waitingTimeCarsGone
362
0
463
527
479
0
292
120
70
0
33
12
*
waitingTimeCarsLeft
0
21
0
18
18
5
0
2
2
