100
0 4 3 8 1 5 2 1
15
101
2358
7643.333
carsInLane
0 4 3 8 1 5 2 1
0 8 3 8 2 10 4 2
0 4 6 16 3 5 6 3
0 8 3 9 4 10 8 4
0 4 6 17 5 5 10 5
0 8 3 10 6 10 12 6
0 4 6 18 7 5 14 7
0 8 9 11 8 10 16 1
0 12 3 19 9 15 3 2
0 4 6 27 10 5 5 3
0 8 3 20 11 10 7 4
0 12 6 13 12 15 9 1
0 4 9 21 13 5 11 2
0 8 3 14 14 10 13 3
0 12 6 22 1 5 15 4
0 16 3 15 2 10 17 5
0 5 6 23 3 5 19 6
0 9 9 16 4 10 21 1
0 13 3 24 5 15 8 2
0 4 6 32 6 5 10 3
0 8 3 25 7 10 12 4
0 12 6 18 8 15 14 1
0 4 9 26 9 5 16 2
0 8 3 19 10 10 18 3
0 12 6 12 11 15 20 1
0 4 9 20 12 5 22 2
0 8 3 28 13 10 9 3
0 12 6 21 14 15 11 1
0 16 9 29 1 5 13 2
0 20 3 22 2 10 15 3
0 9 6 30 3 5 17 4
0 13 3 23 4 10 19 5
0 17 6 16 5 15 21 1
0 6 9 24 6 5 23 2
0 10 3 17 7 10 25 3
0 14 3 25 8 15 12 4
0 4 6 33 9 5 14 5
0 8 3 26 10 10 16 6
0 12 6 19 11 15 18 1
0 4 9 27 12 5 20 2
0 8 3 20 13 10 22 3
0 12 3 28 14 15 9 4
0 16 6 21 15 20 11 1
0 5 9 29 16 10 13 2
0 9 3 22 17 15 15 3
0 13 6 30 3 5 17 4
0 17 3 23 4 10 19 5
0 21 6 16 5 15 21 1
0 10 9 24 6 5 23 2
0 14 3 17 7 10 25 3
0 18 3 25 8 15 12 4
0 7 6 33 9 5 14 5
0 11 3 26 10 10 16 6
0 15 6 19 11 15 18 1
0 4 9 27 12 5 20 2
0 8 3 20 13 10 22 3
0 12 3 28 14 15 9 4
0 16 6 21 15 20 11 1
0 5 9 29 16 10 13 2
0 9 3 22 17 15 15 3
0 13 6 30 3 5 17 4
0 17 3 23 4 10 19 5
0 21 6 16 5 15 21 1
0 10 9 24 6 5 23 2
0 14 3 17 7 10 25 3
0 18 3 25 8 15 12 4
0 7 6 33 9 5 14 5
0 11 3 26 10 10 16 6
0 15 6 19 11 15 18 1
0 4 9 27 12 5 20 2
0 8 3 20 13 10 22 3
0 12 3 28 14 15 9 4
0 16 6 21 15 20 11 1
0 5 9 29 16 10 13 2
0 9 3 22 17 15 15 3
0 13 6 30 3 5 17 4
0 17 3 23 4 10 19 5
0 21 6 16 5 15 21 1
0 10 9 24 6 5 23 2
0 14 3 17 7 10 25 3
0 18 3 25 8 15 12 4
0 7 6 33 9 5 14 5
0 11 3 26 10 10 16 6
0 15 6 19 11 15 18 1
0 4 9 27 12 5 20 2
0 8 3 20 13 10 22 3
0 12 3 28 14 15 9 4
0 16 6 21 15 20 11 1
0 5 9 29 16 10 13 2
0 9 3 22 17 15 15 3
0 13 6 30 3 5 17 4
0 17 3 23 4 10 19 5
0 21 6 16 5 15 21 1
0 10 9 24 6 5 23 2
0 14 3 17 7 10 25 3
0 18 3 25 8 15 12 4
0 7 6 33 9 5 14 5
0 11 3 26 10 10 16 6
0 15 6 19 11 15 18 1
0 4 9 27 12 5 20 2
0 8 3 20 13 10 22 3
*
waitingTimeCarsGone
427
0
641
702
283
0
67
42
32
0
31
29
29
0
28
17
12
0
6
4
4
0
4
*
waitingTimeCarsLeft
0
23
0
20
7
2
0
2
2
2
0
2
2
2
0
2
