100
2 4 3 6 2 4 0 3
15
101
2378
4975.334
105.3334
46
carsInLane
2 4 3 6 2 4 0 3
4 8 6 6 4 8 0 3
6 4 9 12 6 4 0 6
8 8 3 6 8 8 0 9
2 12 6 12 2 12 0 12
4 4 9 18 4 4 0 15
6 8 12 9 6 8 0 3
8 12 3 6 8 12 0 6
10 4 6 12 10 4 0 9
12 8 9 6 12 8 0 3
2 12 12 12 2 12 0 6
4 4 15 18 4 4 0 9
6 8 3 9 6 8 0 12
8 12 6 6 8 12 0 3
10 4 9 12 10 4 0 6
12 8 3 6 12 8 0 9
2 12 6 12 2 12 0 12
4 4 9 18 4 4 0 15
6 8 12 9 6 8 0 3
8 12 3 6 8 12 0 6
10 4 6 12 10 4 0 9
12 8 9 6 12 8 0 3
2 12 12 12 2 12 0 6
4 4 15 18 4 4 0 9
6 8 3 9 6 8 0 12
8 12 6 6 8 12 0 3
10 4 9 12 10 4 0 6
12 8 3 6 12 8 0 9
2 12 6 12 2 12 0 12
4 4 9 18 4 4 0 15
6 8 12 9 6 8 0 3
8 12 3 6 8 12 0 6
10 4 6 12 10 4 0 9
12 8 9 6 12 8 0 3
2 12 12 12 2 12 0 6
4 4 15 18 4 4 0 9
6 8 3 9 6 8 0 12
8 12 6 6 8 12 0 3
10 4 9 12 10 4 0 6
12 8 3 6 12 8 0 9
2 12 6 12 2 12 0 12
4 4 9 18 4 4 0 15
6 8 12 9 6 8 0 3
8 12 3 6 8 12 0 6
10 4 6 12 10 4 0 9
12 8 9 6 12 8 0 3
2 12 12 12 2 12 0 6
4 4 15 18 4 4 0 9
6 8 3 9 6 8 0 12
8 12 6 6 8 12 0 3
10 4 9 12 10 4 0 6
12 8 3 6 12 8 0 9
2 12 6 12 2 12 0 12
4 4 9 18 4 4 0 15
6 8 12 9 6 8 0 3
8 12 3 6 8 12 0 6
10 4 6 12 10 4 0 9
12 8 9 6 12 8 0 3
2 12 12 12 2 12 0 6
4 4 15 18 4 4 0 9
6 8 3 9 6 8 0 12
8 12 6 6 8 12 0 3
10 4 9 12 10 4 0 6
12 8 3 6 12 8 0 9
2 12 6 12 2 12 0 12
4 4 9 18 4 4 0 15
6 8 12 9 6 8 0 3
8 12 3 6 8 12 0 6
10 4 6 12 10 4 0 9
12 8 9 6 12 8 0 3
2 12 12 12 2 12 0 6
4 4 15 18 4 4 0 9
6 8 3 9 6 8 0 12
8 12 6 6 8 12 0 3
10 4 9 12 10 4 0 6
12 8 3 6 12 8 0 9
2 12 6 12 2 12 0 12
4 4 9 18 4 4 0 15
6 8 12 9 6 8 0 3
8 12 3 6 8 12 0 6
10 4 6 12 10 4 0 9
12 8 9 6 12 8 0 3
2 12 12 12 2 12 0 6
4 4 15 18 4 4 0 9
6 8 3 9 6 8 0 12
8 12 6 6 8 12 0 3
10 4 9 12 10 4 0 6
12 8 3 6 12 8 0 9
2 12 6 12 2 12 0 12
4 4 9 18 4 4 0 15
6 8 12 9 6 8 0 3
8 12 3 6 8 12 0 6
10 4 6 12 10 4 0 9
12 8 9 6 12 8 0 3
2 12 12 12 2 12 0 6
4 4 15 18 4 4 0 9
6 8 3 9 6 8 0 12
8 12 6 6 8 12 0 3
10 4 9 12 10 4 0 6
12 8 3 6 12 8 0 9
2 12 6 12 2 12 0 12
*
waitingTimeCarsGone
737
0
728
570
167
0
112
64
*
waitingTimeCarsLeft
0
21
0
17
8
