5
1 4 4 4 3 3 3 2
15
101
2381
6057.671
94.66667
43
carsInLane
1 4 4 4 3 3 3 2
2 8 4 4 6 6 6 4
3 4 8 8 9 3 9 6
4 8 4 12 12 6 3 8
5 12 8 4 15 9 6 2
6 16 12 8 3 3 9 4
1 5 16 12 6 6 12 6
2 9 5 16 9 9 3 8
3 13 9 5 12 12 6 2
4 4 13 9 15 3 9 4
5 8 4 13 18 6 3 6
1 12 8 17 6 9 6 8
2 16 12 6 9 12 9 2
3 5 16 10 12 3 12 4
4 9 5 14 15 6 3 6
5 13 9 18 3 3 6 8
6 17 4 7 6 6 9 10
1 6 8 11 9 9 12 12
2 10 12 15 12 12 3 2
3 14 4 4 15 15 6 4
4 18 8 8 3 3 9 6
1 7 12 12 6 6 12 8
2 11 4 16 9 9 3 10
3 15 8 5 12 12 6 2
4 4 12 9 15 3 9 4
5 8 4 13 18 6 3 6
1 12 8 17 6 9 6 8
2 16 12 6 9 12 9 2
3 5 16 10 12 3 12 4
4 9 5 14 15 6 3 6
5 13 9 18 3 3 6 8
6 17 4 7 6 6 9 10
1 6 8 11 9 9 12 12
2 10 12 15 12 12 3 2
3 14 4 4 15 15 6 4
4 18 8 8 3 3 9 6
1 7 12 12 6 6 12 8
2 11 4 16 9 9 3 10
3 15 8 5 12 12 6 2
4 4 12 9 15 3 9 4
5 8 4 13 18 6 3 6
1 12 8 17 6 9 6 8
2 16 12 6 9 12 9 2
3 5 16 10 12 3 12 4
4 9 5 14 15 6 3 6
5 13 9 18 3 3 6 8
6 17 4 7 6 6 9 10
1 6 8 11 9 9 12 12
2 10 12 15 12 12 3 2
3 14 4 4 15 15 6 4
4 18 8 8 3 3 9 6
1 7 12 12 6 6 12 8
2 11 4 16 9 9 3 10
3 15 8 5 12 12 6 2
4 4 12 9 15 3 9 4
5 8 4 13 18 6 3 6
1 12 8 17 6 9 6 8
2 16 12 6 9 12 9 2
3 5 16 10 12 3 12 4
4 9 5 14 15 6 3 6
5 13 9 18 3 3 6 8
6 17 4 7 6 6 9 10
1 6 8 11 9 9 12 12
2 10 12 15 12 12 3 2
3 14 4 4 15 15 6 4
4 18 8 8 3 3 9 6
1 7 12 12 6 6 12 8
2 11 4 16 9 9 3 10
3 15 8 5 12 12 6 2
4 4 12 9 15 3 9 4
5 8 4 13 18 6 3 6
1 12 8 17 6 9 6 8
2 16 12 6 9 12 9 2
3 5 16 10 12 3 12 4
4 9 5 14 15 6 3 6
5 13 9 18 3 3 6 8
6 17 4 7 6 6 9 10
1 6 8 11 9 9 12 12
2 10 12 15 12 12 3 2
3 14 4 4 15 15 6 4
4 18 8 8 3 3 9 6
1 7 12 12 6 6 12 8
2 11 4 16 9 9 3 10
3 15 8 5 12 12 6 2
4 4 12 9 15 3 9 4
5 8 4 13 18 6 3 6
1 12 8 17 6 9 6 8
2 16 12 6 9 12 9 2
3 5 16 10 12 3 12 4
4 9 5 14 15 6 3 6
5 13 9 18 3 3 6 8
6 17 4 7 6 6 9 10
1 6 8 11 9 9 12 12
2 10 12 15 12 12 3 2
3 14 4 4 15 15 6 4
4 18 8 8 3 3 9 6
1 7 12 12 6 6 12 8
2 11 4 16 9 9 3 10
3 15 8 5 12 12 6 2
4 4 12 9 15 3 9 4
5 8 4 13 18 6 3 6
*
waitingTimeCarsGone
532
0
626
579
452
0
152
40
*
waitingTimeCarsLeft
0
23
0
13
6
1
