3
2 3 4 5 2 4 3 1
15
101
2213
13756.31
2801.333
211
35
carsInLane
2 3 4 5 2 4 3 1
4 6 4 5 4 8 6 2
6 3 8 10 6 4 9 3
8 6 4 5 8 8 12 4
2 9 8 10 2 12 15 5
4 12 12 15 4 16 3 1
6 3 16 20 6 5 6 2
8 6 5 10 8 9 9 3
2 9 9 15 2 13 12 4
4 12 13 20 4 17 3 1
6 3 17 25 6 6 6 2
8 6 6 15 8 10 9 3
2 9 10 20 2 14 12 4
4 12 14 25 4 18 3 1
6 3 18 30 6 7 6 2
8 6 7 20 8 11 9 3
2 9 11 25 2 15 12 4
4 12 15 30 4 19 3 1
6 3 19 35 6 8 6 2
8 6 8 25 8 12 9 3
2 9 12 30 2 16 12 4
4 12 16 35 4 20 3 1
6 3 20 40 6 9 6 2
8 6 9 30 8 13 9 3
2 9 13 35 2 17 12 4
4 12 17 40 4 21 3 1
6 3 21 45 6 10 6 2
8 6 10 35 8 14 9 3
2 9 14 40 2 18 12 4
4 12 18 45 4 22 3 1
6 3 22 50 6 11 6 2
8 6 11 40 8 15 9 3
2 9 15 45 2 19 12 4
4 12 19 50 4 23 3 1
6 3 23 55 6 12 6 2
8 6 12 45 8 16 9 3
2 9 16 50 2 20 12 4
4 12 20 55 4 24 3 1
6 3 24 60 6 13 6 2
8 6 13 50 8 17 9 3
2 9 17 55 2 21 12 4
4 12 21 60 4 25 3 1
6 3 25 65 6 14 6 2
8 6 14 55 8 18 9 3
2 9 18 60 2 22 12 4
4 12 22 65 4 26 3 1
6 3 26 70 6 15 6 2
8 6 15 60 8 19 9 3
2 9 19 65 2 23 12 4
4 12 23 70 4 27 3 1
6 3 27 75 6 16 6 2
8 6 16 65 8 20 9 3
2 9 20 70 2 24 12 4
4 12 24 75 4 28 3 1
6 3 28 80 6 17 6 2
8 6 17 70 8 21 9 3
2 9 21 75 2 25 12 4
4 12 25 80 4 29 3 1
6 3 29 85 6 18 6 2
8 6 18 75 8 22 9 3
2 9 22 80 2 26 12 4
4 12 26 85 4 30 3 1
6 3 30 90 6 19 6 2
8 6 19 80 8 23 9 3
2 9 23 85 2 27 12 4
4 12 27 90 4 31 3 1
6 3 31 95 6 20 6 2
8 6 20 85 8 24 9 3
2 9 24 90 2 28 12 4
4 12 28 95 4 32 3 1
6 3 32 100 6 21 6 2
8 6 21 90 8 25 9 3
2 9 25 95 2 29 12 4
4 12 29 100 4 33 3 1
6 3 33 105 6 22 6 2
8 6 22 95 8 26 9 3
2 9 26 100 2 30 12 4
4 12 30 105 4 34 3 1
6 3 34 110 6 23 6 2
8 6 23 100 8 27 9 3
2 9 27 105 2 31 12 4
4 12 31 110 4 35 3 1
6 3 35 115 6 24 6 2
8 6 24 105 8 28 9 3
2 9 28 110 2 32 12 4
4 12 32 115 4 36 3 1
6 3 36 120 6 25 6 2
8 6 25 110 8 29 9 3
2 9 29 115 2 33 12 4
4 12 33 120 4 37 3 1
6 3 37 125 6 26 6 2
8 6 26 115 8 30 9 3
2 9 30 120 2 34 12 4
4 12 34 125 4 38 3 1
6 3 38 130 6 27 6 2
8 6 27 120 8 31 9 3
2 9 31 125 2 35 12 4
4 12 35 130 4 39 3 1
6 3 39 135 6 28 6 2
8 6 28 125 8 32 9 3
2 9 32 130 2 36 12 4
*
waitingTimeCarsGone
309
0
337
358
395
0
139
135
123
0
91
59
27
0
15
15
15
0
15
15
15
0
15
15
15
0
15
15
15
0
15
15
15
0
10
5
*
waitingTimeCarsLeft
0
20
0
16
16
13
0
13
13
13
0
13
9
5
0
5
5
5
0
5
5
5
0
5
5
5
0
5
5
5
0
5
5
5
0
5
