8
4 2 4 0 5 4 1 4
15
101
2279
12659.67
874.6666
145
carsInLane
4 2 4 0 5 4 1 4
4 4 8 0 5 8 2 8
8 6 12 0 5 4 3 12
12 8 4 0 10 8 1 16
4 10 8 0 5 12 2 20
8 2 12 0 10 4 3 24
12 4 16 0 15 8 1 13
4 6 20 0 5 12 2 17
8 8 9 0 10 16 1 21
12 10 13 0 15 20 2 10
16 12 17 0 5 9 3 14
5 2 21 0 10 13 4 18
9 4 10 0 15 17 1 22
13 6 14 0 5 6 2 26
17 8 18 0 10 10 1 15
6 10 22 0 5 14 2 19
10 2 26 0 10 4 3 23
14 4 15 0 15 8 1 27
18 6 19 0 20 12 2 16
7 8 23 0 10 16 3 20
11 10 12 0 15 20 1 24
15 12 16 0 5 9 2 28
19 14 20 0 10 13 1 17
8 2 24 0 15 17 2 21
12 4 28 0 5 6 3 25
16 6 17 0 10 10 1 29
20 8 21 0 15 14 1 18
24 10 10 0 20 18 2 22
13 12 14 0 10 22 3 26
17 2 18 0 15 11 4 30
21 4 22 0 20 15 1 19
10 6 26 0 10 19 2 23
14 8 30 0 5 8 3 27
18 10 19 0 10 12 1 31
22 12 23 0 15 16 1 20
11 14 27 0 5 20 2 24
15 16 16 0 10 24 3 28
19 3 20 0 15 13 4 32
23 5 24 0 20 17 1 21
12 7 28 0 10 21 2 25
16 9 32 0 5 10 3 29
20 11 21 0 10 14 1 33
24 13 25 0 15 18 1 22
13 15 29 0 5 22 2 26
17 2 33 0 10 11 3 30
21 4 22 0 15 15 4 34
25 6 26 0 20 19 1 23
14 8 30 0 10 23 2 27
18 10 34 0 5 12 3 31
22 12 23 0 10 16 1 35
26 14 27 0 15 20 1 24
15 16 31 0 5 24 2 28
19 3 35 0 10 13 3 32
23 5 24 0 15 17 1 36
27 7 28 0 20 21 2 25
16 9 32 0 10 25 3 29
20 11 21 0 15 29 1 33
24 13 25 0 5 18 2 37
28 15 29 0 10 22 1 26
17 2 33 0 15 26 2 30
21 4 37 0 5 15 3 34
25 6 26 0 10 19 1 38
29 8 30 0 15 23 1 27
33 10 19 0 20 27 2 31
22 12 23 0 10 31 3 35
26 2 27 0 15 20 4 39
30 4 31 0 20 24 1 28
19 6 35 0 10 28 2 32
23 8 39 0 5 17 3 36
27 10 28 0 10 21 1 40
31 12 32 0 15 25 1 29
20 14 36 0 5 29 2 33
24 16 25 0 10 33 3 37
28 3 29 0 15 22 4 41
32 5 33 0 20 26 1 30
21 7 37 0 10 30 2 34
25 9 41 0 5 19 3 38
29 11 30 0 10 23 1 42
33 13 34 0 15 27 1 31
22 15 38 0 5 31 2 35
26 2 42 0 10 20 3 39
30 4 31 0 15 24 4 43
34 6 35 0 20 28 1 32
23 8 39 0 10 32 2 36
27 10 43 0 5 21 3 40
31 12 32 0 10 25 1 44
35 14 36 0 15 29 1 33
24 16 40 0 5 33 2 37
28 3 44 0 10 22 3 41
32 5 33 0 15 26 1 45
36 7 37 0 20 30 2 34
25 9 41 0 10 34 3 38
29 11 30 0 15 38 1 42
33 13 34 0 5 27 2 46
37 15 38 0 10 31 1 35
26 2 42 0 15 35 2 39
30 4 46 0 5 24 3 43
34 6 35 0 10 28 1 47
38 8 39 0 15 32 1 36
42 10 28 0 20 36 2 40
31 12 32 0 10 40 3 44
*
waitingTimeCarsGone
227
0
308
314
256
0
239
247
227
0
202
132
80
0
39
8
*
waitingTimeCarsLeft
0
22
0
22
17
16
0
16
16
13
0
11
4
4
0
4
