2
2 6 2 3 2 4 1 4
15
101
2118
17271.31
6181.334
306
52.33332
carsInLane
2 6 2 3 2 4 1 4
4 6 4 6 4 4 2 8
6 12 6 3 6 8 3 4
2 18 8 6 2 12 4 8
4 24 2 9 4 16 1 12
6 15 4 12 6 5 2 16
8 21 6 3 8 9 3 5
2 27 8 6 2 13 4 9
4 33 2 9 4 17 1 13
6 24 4 12 6 6 2 17
8 30 6 3 8 10 3 6
2 36 8 6 2 14 4 10
4 42 2 9 4 18 1 14
6 33 4 12 6 7 2 18
8 39 6 3 8 11 3 7
2 45 8 6 2 15 4 11
4 51 2 9 4 19 1 15
6 42 4 12 6 8 2 19
8 48 6 3 8 12 3 8
2 54 8 6 2 16 4 12
4 60 2 9 4 20 1 16
6 51 4 12 6 9 2 20
8 57 6 3 8 13 3 9
2 63 8 6 2 17 4 13
4 69 2 9 4 21 1 17
6 60 4 12 6 10 2 21
8 66 6 3 8 14 3 10
2 72 8 6 2 18 4 14
4 78 2 9 4 22 1 18
6 69 4 12 6 11 2 22
8 75 6 3 8 15 3 11
2 81 8 6 2 19 4 15
4 87 2 9 4 23 1 19
6 78 4 12 6 12 2 23
8 84 6 3 8 16 3 12
2 90 8 6 2 20 4 16
4 96 2 9 4 24 1 20
6 87 4 12 6 13 2 24
8 93 6 3 8 17 3 13
2 99 8 6 2 21 4 17
4 105 2 9 4 25 1 21
6 96 4 12 6 14 2 25
8 102 6 3 8 18 3 14
2 108 8 6 2 22 4 18
4 114 2 9 4 26 1 22
6 105 4 12 6 15 2 26
8 111 6 3 8 19 3 15
2 117 8 6 2 23 4 19
4 123 2 9 4 27 1 23
6 114 4 12 6 16 2 27
8 120 6 3 8 20 3 16
2 126 8 6 2 24 4 20
4 132 2 9 4 28 1 24
6 123 4 12 6 17 2 28
8 129 6 3 8 21 3 17
2 135 8 6 2 25 4 21
4 141 2 9 4 29 1 25
6 132 4 12 6 18 2 29
8 138 6 3 8 22 3 18
2 144 8 6 2 26 4 22
4 150 2 9 4 30 1 26
6 141 4 12 6 19 2 30
8 147 6 3 8 23 3 19
2 153 8 6 2 27 4 23
4 159 2 9 4 31 1 27
6 150 4 12 6 20 2 31
8 156 6 3 8 24 3 20
2 162 8 6 2 28 4 24
4 168 2 9 4 32 1 28
6 159 4 12 6 21 2 32
8 165 6 3 8 25 3 21
2 171 8 6 2 29 4 25
4 177 2 9 4 33 1 29
6 168 4 12 6 22 2 33
8 174 6 3 8 26 3 22
2 180 8 6 2 30 4 26
4 186 2 9 4 34 1 30
6 177 4 12 6 23 2 34
8 183 6 3 8 27 3 23
2 189 8 6 2 31 4 27
4 195 2 9 4 35 1 31
6 186 4 12 6 24 2 35
8 192 6 3 8 28 3 24
2 198 8 6 2 32 4 28
4 204 2 9 4 36 1 32
6 195 4 12 6 25 2 36
8 201 6 3 8 29 3 25
2 207 8 6 2 33 4 29
4 213 2 9 4 37 1 33
6 204 4 12 6 26 2 37
8 210 6 3 8 30 3 26
2 216 8 6 2 34 4 30
4 222 2 9 4 38 1 34
6 213 4 12 6 27 2 38
8 219 6 3 8 31 3 27
2 225 8 6 2 35 4 31
4 231 2 9 4 39 1 35
6 222 4 12 6 28 2 39
8 228 6 3 8 32 3 28
2 234 8 6 2 36 4 32
4 240 2 9 4 40 1 36
*
waitingTimeCarsGone
276
0
301
329
363
0
129
129
123
0
89
57
28
0
9
9
12
0
9
9
12
0
9
9
12
0
9
9
12
0
9
9
12
0
9
9
12
0
9
9
12
0
9
9
12
0
9
9
12
0
9
9
6
*
waitingTimeCarsLeft
0
24
0
21
17
14
0
14
14
11
0
10
10
6
0
6
6
6
0
6
6
6
0
6
6
6
0
6
6
6
0
6
6
6
0
6
6
6
0
6
6
6
0
6
6
6
0
6
6
6
0
3
