6
0 3 3 5 2 3 4 4
15
101
2378
6126.005
carsInLane
0 3 3 5 2 3 4 4
0 6 6 5 4 6 8 4
0 9 3 10 6 9 4 8
0 3 6 15 8 3 8 12
0 6 9 5 10 6 12 4
0 9 3 10 12 9 4 8
0 12 6 15 2 3 8 12
0 3 9 20 4 6 12 16
0 6 12 10 6 9 16 5
0 9 3 15 8 12 5 9
0 12 6 5 10 15 9 4
0 3 9 10 12 3 13 8
0 6 3 15 14 6 4 12
0 9 6 20 2 9 8 16
0 12 9 10 4 12 12 5
0 3 12 15 6 3 16 9
0 6 3 20 8 6 5 13
0 9 6 10 10 9 9 4
0 12 9 15 2 3 13 8
0 15 3 5 4 6 17 12
0 3 6 10 6 9 21 16
0 6 9 15 8 12 10 5
0 9 3 5 10 15 14 9
0 12 6 10 2 3 18 13
0 15 9 15 4 6 7 4
0 18 3 5 6 9 11 8
0 6 6 10 8 3 15 12
0 9 9 15 2 6 19 16
0 12 12 20 4 9 8 5
0 15 3 10 6 12 12 9
0 3 6 15 8 3 16 13
0 6 9 20 10 6 5 4
0 9 3 10 12 9 9 8
0 12 6 15 2 3 13 12
0 3 9 20 4 6 17 16
0 6 12 10 6 9 21 5
0 9 3 15 8 12 10 9
0 12 6 5 10 15 14 4
0 3 9 10 12 3 18 8
0 6 3 15 14 6 7 12
0 9 6 20 2 9 11 16
0 12 9 10 4 12 15 5
0 3 12 15 6 3 19 9
0 6 3 20 8 6 8 13
0 9 6 10 10 9 12 4
0 12 9 15 2 3 16 8
0 15 3 20 4 6 5 12
0 3 6 25 6 9 9 16
0 6 9 15 8 12 13 5
0 9 3 5 10 15 17 9
0 12 6 10 12 18 6 4
0 3 9 15 14 6 10 8
0 6 12 20 2 9 14 12
0 9 15 10 4 12 18 4
0 12 3 15 6 15 7 8
0 3 6 20 8 3 11 12
0 6 9 10 10 6 15 4
0 9 3 15 12 9 4 8
0 12 6 5 14 12 8 4
0 15 9 10 2 15 12 8
0 3 12 15 4 3 16 12
0 6 3 20 6 6 5 16
0 9 6 10 8 9 9 5
0 3 9 15 10 3 13 9
0 6 12 5 12 6 17 4
0 9 3 10 14 9 6 8
0 12 6 15 2 12 10 12
0 15 9 5 4 15 14 4
0 3 12 10 6 3 18 8
0 6 3 15 8 6 7 12
0 9 6 5 10 9 11 4
0 12 9 10 2 3 15 8
0 15 3 15 4 6 4 12
0 3 6 20 6 9 8 16
0 6 9 10 8 12 12 5
0 9 3 15 10 15 4 9
0 12 6 20 2 3 8 13
0 15 9 10 4 6 12 4
0 3 12 15 6 3 16 8
0 6 3 20 8 6 5 12
0 9 6 25 2 9 9 16
0 12 9 15 4 12 13 5
0 3 12 20 6 3 17 9
0 6 3 10 8 6 21 13
0 9 6 15 10 9 10 4
0 12 3 5 12 12 14 8
0 3 6 10 14 3 18 12
0 6 9 15 2 6 22 16
0 9 12 20 4 9 11 5
0 12 3 10 6 12 15 9
0 3 6 15 8 3 19 13
0 6 9 20 10 6 8 4
0 9 3 10 12 9 12 8
0 12 6 15 2 3 16 12
0 3 9 20 4 6 20 16
0 6 12 10 6 9 24 5
0 9 3 15 8 12 13 9
0 12 6 5 10 15 17 4
0 3 9 10 12 3 21 8
0 6 3 15 14 6 10 12
0 9 6 20 2 9 14 16
*
waitingTimeCarsGone
494
0
637
629
431
0
137
36
14
*
waitingTimeCarsLeft
0
21
0
13
10
2
