7
3 2 4 2 5 6 2 0
15
101
2383
6026.329
carsInLane
3 2 4 2 5 6 2 0
6 4 8 4 5 6 4 0
9 6 4 6 10 12 2 0
12 8 8 8 5 6 4 0
3 2 12 10 10 12 6 0
6 4 4 2 15 18 8 0
9 6 8 4 5 9 10 0
12 8 4 6 10 15 2 0
15 10 8 2 15 21 4 0
18 12 12 4 5 12 6 0
6 2 16 6 10 18 8 0
9 4 20 8 5 9 10 0
12 6 9 10 10 15 2 0
15 8 13 12 5 6 4 0
18 10 4 2 10 12 6 0
6 12 8 4 5 18 8 0
9 14 12 6 10 24 2 0
12 2 16 8 15 15 4 0
15 4 20 10 5 6 6 0
18 6 9 2 10 12 8 0
6 8 13 4 5 18 10 0
9 2 17 6 10 9 12 0
12 4 6 8 15 15 2 0
15 6 10 10 5 6 4 0
18 8 14 2 10 12 6 0
6 10 18 4 5 18 8 0
9 2 22 6 10 9 10 0
12 4 11 8 15 15 2 0
15 6 15 10 5 6 4 0
18 8 4 2 10 12 6 0
6 10 8 4 5 18 8 0
9 2 12 6 10 9 10 0
12 4 16 8 15 15 2 0
15 6 20 10 5 6 4 0
18 8 9 2 10 12 6 0
6 10 13 4 5 18 8 0
9 2 17 6 10 9 10 0
12 4 6 8 15 15 2 0
15 6 10 10 5 6 4 0
3 2 14 12 10 12 6 0
6 4 18 2 15 18 8 0
9 6 22 4 5 9 10 0
12 8 11 6 10 15 2 0
15 10 15 8 5 6 4 0
3 2 19 10 10 12 6 0
6 4 8 2 15 18 8 0
9 6 12 4 5 9 10 0
12 8 4 6 10 15 2 0
15 10 8 2 15 21 4 0
18 12 12 4 5 12 6 0
6 2 16 6 10 18 8 0
9 4 20 8 5 9 10 0
12 6 9 10 10 15 2 0
15 8 13 12 5 6 4 0
18 10 4 2 10 12 6 0
6 12 8 4 5 18 8 0
9 14 12 6 10 24 2 0
12 2 16 8 15 15 4 0
15 4 20 10 5 6 6 0
18 6 9 2 10 12 8 0
6 8 13 4 5 18 10 0
9 2 17 6 10 9 12 0
12 4 6 8 15 15 2 0
15 6 10 10 5 6 4 0
18 8 14 2 10 12 6 0
6 10 18 4 5 18 8 0
9 2 22 6 10 9 10 0
12 4 11 8 15 15 2 0
15 6 15 10 5 6 4 0
18 8 4 2 10 12 6 0
6 10 8 4 5 18 8 0
9 2 12 6 10 9 10 0
12 4 16 8 15 15 2 0
15 6 20 10 5 6 4 0
18 8 9 2 10 12 6 0
6 10 13 4 5 18 8 0
9 2 17 6 10 9 10 0
12 4 6 8 15 15 2 0
15 6 10 10 5 6 4 0
3 2 14 12 10 12 6 0
6 4 18 2 15 18 8 0
9 6 22 4 5 9 10 0
12 8 11 6 10 15 2 0
15 10 15 8 5 6 4 0
3 2 19 10 10 12 6 0
6 4 8 2 15 18 8 0
9 6 12 4 5 9 10 0
12 8 4 6 10 15 2 0
15 10 8 2 15 21 4 0
18 12 12 4 5 12 6 0
6 2 16 6 10 18 8 0
9 4 20 8 5 9 10 0
12 6 9 10 10 15 2 0
15 8 13 12 5 6 4 0
18 10 4 2 10 12 6 0
6 12 8 4 5 18 8 0
9 14 12 6 10 24 2 0
12 2 16 8 15 15 4 0
15 4 20 10 5 6 6 0
18 6 9 2 10 12 8 0
6 8 13 4 5 18 10 0
*
waitingTimeCarsGone
547
0
703
563
276
0
209
79
6
*
waitingTimeCarsLeft
0
19
0
11
6
3
0
2
