3
1 3 1 3 5 3 5 3
15
101
2140
16467.98
4901.333
284
carsInLane
1 3 1 3 5 3 5 3
2 6 2 6 5 3 10 6
3 9 3 9 10 6 5 3
4 12 4 12 5 3 10 6
1 3 5 15 10 6 15 9
2 6 1 3 15 9 20 12
3 9 2 6 20 12 10 3
4 12 3 9 10 3 15 6
1 3 4 12 15 6 20 9
2 6 1 3 20 9 25 12
3 9 2 6 25 12 15 3
4 12 3 9 15 3 20 6
1 3 4 12 20 6 25 9
2 6 1 3 25 9 30 12
3 9 2 6 30 12 20 3
4 12 3 9 20 3 25 6
1 3 4 12 25 6 30 9
2 6 1 3 30 9 35 12
3 9 2 6 35 12 25 3
4 12 3 9 25 3 30 6
1 3 4 12 30 6 35 9
2 6 1 3 35 9 40 12
3 9 2 6 40 12 30 3
4 12 3 9 30 3 35 6
1 3 4 12 35 6 40 9
2 6 1 3 40 9 45 12
3 9 2 6 45 12 35 3
4 12 3 9 35 3 40 6
1 3 4 12 40 6 45 9
2 6 1 3 45 9 50 12
3 9 2 6 50 12 40 3
4 12 3 9 40 3 45 6
1 3 4 12 45 6 50 9
2 6 1 3 50 9 55 12
3 9 2 6 55 12 45 3
4 12 3 9 45 3 50 6
1 3 4 12 50 6 55 9
2 6 1 3 55 9 60 12
3 9 2 6 60 12 50 3
4 12 3 9 50 3 55 6
1 3 4 12 55 6 60 9
2 6 1 3 60 9 65 12
3 9 2 6 65 12 55 3
4 12 3 9 55 3 60 6
1 3 4 12 60 6 65 9
2 6 1 3 65 9 70 12
3 9 2 6 70 12 60 3
4 12 3 9 60 3 65 6
1 3 4 12 65 6 70 9
2 6 1 3 70 9 75 12
3 9 2 6 75 12 65 3
4 12 3 9 65 3 70 6
1 3 4 12 70 6 75 9
2 6 1 3 75 9 80 12
3 9 2 6 80 12 70 3
4 12 3 9 70 3 75 6
1 3 4 12 75 6 80 9
2 6 1 3 80 9 85 12
3 9 2 6 85 12 75 3
4 12 3 9 75 3 80 6
1 3 4 12 80 6 85 9
2 6 1 3 85 9 90 12
3 9 2 6 90 12 80 3
4 12 3 9 80 3 85 6
1 3 4 12 85 6 90 9
2 6 1 3 90 9 95 12
3 9 2 6 95 12 85 3
4 12 3 9 85 3 90 6
1 3 4 12 90 6 95 9
2 6 1 3 95 9 100 12
3 9 2 6 100 12 90 3
4 12 3 9 90 3 95 6
1 3 4 12 95 6 100 9
2 6 1 3 100 9 105 12
3 9 2 6 105 12 95 3
4 12 3 9 95 3 100 6
1 3 4 12 100 6 105 9
2 6 1 3 105 9 110 12
3 9 2 6 110 12 100 3
4 12 3 9 100 3 105 6
1 3 4 12 105 6 110 9
2 6 1 3 110 9 115 12
3 9 2 6 115 12 105 3
4 12 3 9 105 3 110 6
1 3 4 12 110 6 115 9
2 6 1 3 115 9 120 12
3 9 2 6 120 12 110 3
4 12 3 9 110 3 115 6
1 3 4 12 115 6 120 9
2 6 1 3 120 9 125 12
3 9 2 6 125 12 115 3
4 12 3 9 115 3 120 6
1 3 4 12 120 6 125 9
2 6 1 3 125 9 130 12
3 9 2 6 130 12 120 3
4 12 3 9 120 3 125 6
1 3 4 12 125 6 130 9
2 6 1 3 130 9 135 12
3 9 2 6 135 12 125 3
4 12 3 9 125 3 130 6
1 3 4 12 130 6 135 9
*
waitingTimeCarsGone
368
0
370
364
374
0
34
30
30
0
30
30
30
0
30
30
30
0
30
30
30
0
30
30
30
0
30
30
30
0
30
30
30
0
20
10
*
waitingTimeCarsLeft
0
20
0
16
13
10
0
10
10
10
0
10
10
10
0
10
10
10
0
10
10
10
0
10
10
10
0
10
10
10
0
10
10
10
0
10
5
