7
0 7 8 4 0 2 1 2
15
101
2025
22001.67
6958.668
399
38.66667
carsInLane
0 7 8 4 0 2 1 2
0 14 8 4 0 4 2 4
0 7 16 8 0 2 3 6
0 14 9 4 0 4 4 8
0 7 17 8 0 2 5 10
0 14 10 4 0 4 6 12
0 7 18 8 0 2 7 14
0 14 11 4 0 4 8 16
0 21 19 8 0 6 9 18
0 28 27 12 0 8 1 5
0 35 20 4 0 10 2 7
0 27 28 8 0 2 3 9
0 34 21 4 0 4 4 11
0 26 29 8 0 2 5 13
0 33 22 4 0 4 6 15
0 25 30 8 0 2 7 17
0 32 38 12 0 4 8 19
0 39 46 16 0 6 1 6
0 46 39 5 0 8 2 8
0 38 47 9 0 2 3 10
0 45 40 4 0 4 4 12
0 37 48 8 0 2 5 14
0 44 41 4 0 4 6 16
0 36 49 8 0 2 7 18
0 43 57 12 0 4 8 20
0 50 65 16 0 6 1 7
0 57 58 5 0 8 2 9
0 49 66 9 0 2 3 11
0 56 59 4 0 4 4 13
0 63 52 8 0 6 1 15
0 55 60 12 0 2 2 17
0 62 53 4 0 4 3 19
0 69 61 8 0 6 4 21
0 76 69 12 0 8 1 8
0 68 77 16 0 2 2 10
0 75 70 5 0 4 3 12
0 67 78 9 0 2 4 14
0 74 71 4 0 4 5 16
0 66 79 8 0 2 6 18
0 73 72 4 0 4 7 20
0 80 80 8 0 6 8 22
0 87 88 12 0 8 1 9
0 94 81 4 0 10 2 11
0 86 89 8 0 2 3 13
0 93 82 4 0 4 4 15
0 85 90 8 0 2 5 17
0 92 83 4 0 4 6 19
0 84 91 8 0 2 7 21
0 91 99 12 0 4 8 23
0 98 107 16 0 6 1 10
0 105 100 5 0 8 2 12
0 97 108 9 0 2 3 14
0 104 101 4 0 4 4 16
0 96 109 8 0 2 5 18
0 103 102 4 0 4 6 20
0 110 95 8 0 6 1 22
0 117 103 12 0 8 2 24
0 124 111 4 0 10 3 11
0 116 119 8 0 2 4 13
0 123 112 4 0 4 5 15
0 115 120 8 0 2 6 17
0 122 113 4 0 4 7 19
0 114 121 8 0 2 8 21
0 121 129 12 0 4 1 8
0 128 137 16 0 6 2 10
0 135 130 5 0 8 3 12
0 127 138 9 0 2 4 14
0 134 131 4 0 4 5 16
0 126 139 8 0 2 6 18
0 133 132 4 0 4 7 20
0 140 125 8 0 6 1 22
0 147 133 4 0 8 2 9
0 154 141 8 0 10 3 11
0 146 149 12 0 2 4 13
0 153 142 4 0 4 5 15
0 145 150 8 0 2 6 17
0 152 143 4 0 4 7 19
0 144 151 8 0 2 8 21
0 151 159 12 0 4 1 8
0 158 152 4 0 6 2 10
0 165 160 8 0 8 3 12
0 157 168 12 0 2 4 14
0 164 161 4 0 4 5 16
0 156 169 8 0 2 6 18
0 163 162 4 0 4 7 20
0 170 155 8 0 6 1 22
0 177 163 4 0 8 2 9
0 169 171 8 0 2 3 11
0 176 179 12 0 4 4 13
0 183 172 4 0 6 5 15
0 175 180 8 0 2 6 17
0 182 173 4 0 4 7 19
0 174 181 8 0 2 8 21
0 181 189 12 0 4 1 8
0 188 182 4 0 6 2 10
0 180 190 8 0 2 3 12
0 187 198 12 0 4 4 14
0 194 191 4 0 6 5 16
0 186 199 8 0 2 6 18
0 193 192 4 0 4 7 20
0 200 185 8 0 6 1 22
*
waitingTimeCarsGone
288
0
297
147
108
0
101
87
81
0
74
71
80
0
56
41
54
0
47
31
35
0
52
47
38
0
37
46
46
0
37
43
36
0
26
14
5
*
waitingTimeCarsLeft
0
20
0
19
19
16
0
15
15
15
0
15
15
15
0
15
15
15
0
15
15
15
0
15
15
15
0
15
15
15
0
15
8
7
0
7
7
7
0
4
