8
2 1 2 0 3 6 6 4
15
101
2319
9613.004
carsInLane
2 1 2 0 3 6 6 4
4 2 4 0 6 12 6 4
6 3 6 0 3 6 12 8
8 4 8 0 6 12 6 4
10 5 10 0 3 6 12 8
12 6 2 0 6 12 6 12
2 7 4 0 3 18 12 16
4 8 6 0 6 24 6 5
6 1 8 0 9 15 12 9
8 2 2 0 12 21 18 13
10 3 4 0 3 12 24 17
12 4 6 0 6 18 15 6
14 5 8 0 3 9 21 10
16 6 10 0 6 15 12 4
3 7 12 0 3 21 18 8
5 8 2 0 6 27 9 12
7 1 4 0 9 18 15 16
9 2 6 0 12 24 6 5
11 3 2 0 15 30 12 9
13 4 4 0 3 21 18 13
15 5 6 0 6 27 9 4
17 6 8 0 3 18 15 8
19 1 10 0 6 9 21 12
6 2 12 0 3 15 27 16
8 3 14 0 6 21 18 5
10 4 2 0 9 27 9 9
12 5 4 0 3 18 15 13
14 6 6 0 6 24 21 4
16 1 8 0 9 15 27 8
18 2 2 0 12 21 18 12
20 3 4 0 3 12 24 16
22 4 6 0 6 18 15 5
9 1 8 0 9 24 21 9
11 2 10 0 3 15 27 13
13 3 12 0 6 21 18 4
15 4 2 0 9 27 9 8
17 5 4 0 12 33 15 4
19 6 6 0 3 24 21 8
21 1 8 0 6 15 27 12
23 2 10 0 9 21 18 4
10 3 12 0 3 27 24 8
12 4 2 0 6 33 15 12
14 5 4 0 3 24 21 16
16 6 6 0 6 30 12 5
18 1 8 0 9 21 18 9
20 2 2 0 12 27 24 13
22 3 4 0 3 18 30 17
24 4 6 0 6 24 21 6
11 5 8 0 3 30 27 10
13 6 10 0 6 36 18 4
15 1 12 0 9 27 24 8
17 2 2 0 12 33 15 12
19 3 4 0 3 24 21 16
21 4 6 0 6 30 12 5
23 5 2 0 9 36 18 9
25 6 4 0 3 27 24 13
27 7 6 0 6 33 15 4
14 1 8 0 9 39 21 8
16 2 10 0 3 30 27 12
18 3 12 0 6 36 18 4
20 4 14 0 3 27 24 8
22 5 2 0 6 33 15 12
24 6 4 0 3 24 21 16
26 7 6 0 6 30 27 5
28 1 8 0 9 21 33 9
30 2 10 0 12 27 24 4
17 3 12 0 3 33 30 8
19 4 2 0 6 39 21 12
21 5 4 0 3 30 27 16
23 6 6 0 6 36 18 5
25 1 8 0 9 27 24 9
27 2 10 0 3 18 30 13
29 3 2 0 6 24 36 17
31 4 4 0 9 30 27 6
18 5 6 0 3 36 33 10
20 6 8 0 6 42 24 4
22 1 10 0 9 33 30 8
24 2 12 0 3 24 36 12
26 3 2 0 6 30 27 16
28 4 4 0 9 36 18 5
30 5 6 0 3 27 24 9
32 6 2 0 6 33 30 13
34 7 4 0 9 39 21 4
21 1 6 0 12 45 27 8
23 2 8 0 3 36 33 12
25 3 10 0 6 42 24 4
27 4 12 0 3 33 30 8
29 5 2 0 6 39 21 12
31 6 4 0 3 30 27 16
33 7 6 0 6 36 18 5
35 8 2 0 9 42 24 9
37 9 4 0 3 33 30 13
24 1 6 0 6 39 36 17
26 2 8 0 9 45 27 6
28 3 10 0 3 36 33 10
30 4 2 0 6 42 24 14
32 5 4 0 3 33 30 18
34 6 6 0 6 39 21 7
36 1 8 0 9 30 27 11
38 2 2 0 12 36 33 15
25 3 4 0 3 42 39 19
*
waitingTimeCarsGone
322
0
416
461
435
0
295
185
73
0
22
15
14
0
14
14
12
0
11
10
7
0
6
4
3
*
waitingTimeCarsLeft
0
24
0
17
15
14
0
8
8
8
0
2
2
2
0
2
2
1
