1
0 4 2 2 4 4 0 8
15
101
1897
21980.37
15962.67
527
carsInLane
0 4 2 2 4 4 0 8
0 8 4 2 8 8 0 8
0 12 6 4 4 12 0 16
0 4 8 6 8 4 0 24
0 8 2 8 12 8 0 32
0 12 4 2 16 12 0 25
0 16 6 4 5 16 0 33
0 5 8 6 9 5 0 41
0 9 2 8 13 9 0 49
0 13 4 2 17 13 0 42
0 17 6 4 6 17 0 50
0 6 8 6 10 6 0 58
0 10 2 8 14 10 0 66
0 14 4 2 18 14 0 59
0 18 6 4 7 18 0 67
0 7 8 6 11 7 0 75
0 11 2 8 15 11 0 83
0 15 4 2 19 15 0 76
0 19 6 4 8 19 0 84
0 8 8 6 12 8 0 92
0 12 2 8 16 12 0 100
0 16 4 2 20 16 0 93
0 20 6 4 9 20 0 101
0 9 8 6 13 9 0 109
0 13 2 8 17 13 0 117
0 17 4 2 21 17 0 110
0 21 6 4 10 21 0 118
0 10 8 6 14 10 0 126
0 14 2 8 18 14 0 134
0 18 4 2 22 18 0 127
0 22 6 4 11 22 0 135
0 11 8 6 15 11 0 143
0 15 2 8 19 15 0 151
0 19 4 2 23 19 0 144
0 23 6 4 12 23 0 152
0 12 8 6 16 12 0 160
0 16 2 8 20 16 0 168
0 20 4 2 24 20 0 161
0 24 6 4 13 24 0 169
0 13 8 6 17 13 0 177
0 17 2 8 21 17 0 185
0 21 4 2 25 21 0 178
0 25 6 4 14 25 0 186
0 14 8 6 18 14 0 194
0 18 2 8 22 18 0 202
0 22 4 2 26 22 0 195
0 26 6 4 15 26 0 203
0 15 8 6 19 15 0 211
0 19 2 8 23 19 0 219
0 23 4 2 27 23 0 212
0 27 6 4 16 27 0 220
0 16 8 6 20 16 0 228
0 20 2 8 24 20 0 236
0 24 4 2 28 24 0 229
0 28 6 4 17 28 0 237
0 17 8 6 21 17 0 245
0 21 2 8 25 21 0 253
0 25 4 2 29 25 0 246
0 29 6 4 18 29 0 254
0 18 8 6 22 18 0 262
0 22 2 8 26 22 0 270
0 26 4 2 30 26 0 263
0 30 6 4 19 30 0 271
0 19 8 6 23 19 0 279
0 23 2 8 27 23 0 287
0 27 4 2 31 27 0 280
0 31 6 4 20 31 0 288
0 20 8 6 24 20 0 296
0 24 2 8 28 24 0 304
0 28 4 2 32 28 0 297
0 32 6 4 21 32 0 305
0 21 8 6 25 21 0 313
0 25 2 8 29 25 0 321
0 29 4 2 33 29 0 314
0 33 6 4 22 33 0 322
0 22 8 6 26 22 0 330
0 26 2 8 30 26 0 338
0 30 4 2 34 30 0 331
0 34 6 4 23 34 0 339
0 23 8 6 27 23 0 347
0 27 2 8 31 27 0 355
0 31 4 2 35 31 0 348
0 35 6 4 24 35 0 356
0 24 8 6 28 24 0 364
0 28 2 8 32 28 0 372
0 32 4 2 36 32 0 365
0 36 6 4 25 36 0 373
0 25 8 6 29 25 0 381
0 29 2 8 33 29 0 389
0 33 4 2 37 33 0 382
0 37 6 4 26 37 0 390
0 26 8 6 30 26 0 398
0 30 2 8 34 30 0 406
0 34 4 2 38 34 0 399
0 38 6 4 27 38 0 407
0 27 8 6 31 27 0 415
0 31 2 8 35 31 0 423
0 35 4 2 39 35 0 416
0 39 6 4 28 39 0 424
0 28 8 6 32 28 0 432
0 32 2 8 36 32 0 440
*
waitingTimeCarsGone
140
0
178
229
270
0
186
188
168
0
122
72
26
0
6
8
6
0
8
6
8
0
6
8
7
0
7
8
6
0
8
6
8
0
6
8
6
0
8
6
8
0
6
8
6
0
8
7
7
0
8
6
8
0
6
8
6
0
8
6
8
0
6
8
6
0
8
6
8
0
7
7
8
*
waitingTimeCarsLeft
0
22
0
20
20
20
0
20
20
20
0
20
12
8
0
8
8
8
0
8
8
8
0
8
8
8
0
8
8
8
0
8
8
8
0
8
8
8
0
8
8
8
0
8
8
8
0
8
8
8
0
8
8
8
0
8
8
8
0
8
8
8
0
8
8
8
0
8
8
8
0
8
1
