9
0 7 8 4 0 2 1 2
15
101
2054
20844.68
5456
370
40.33333
carsInLane
0 7 8 4 0 2 1 2
0 14 8 4 0 4 2 4
0 7 16 8 0 2 3 6
0 14 9 4 0 4 4 8
0 7 17 8 0 2 5 10
0 14 10 4 0 4 6 12
0 7 18 8 0 2 7 14
0 14 11 4 0 4 8 16
0 21 19 8 0 6 1 3
0 13 27 12 0 2 2 5
0 20 35 16 0 4 3 7
0 27 28 5 0 6 4 9
0 19 36 9 0 2 5 11
0 26 29 4 0 4 6 13
0 33 22 8 0 6 1 15
0 25 30 12 0 2 2 17
0 32 23 4 0 4 3 19
0 24 31 8 0 2 4 21
0 31 39 12 0 4 1 8
0 38 32 4 0 6 2 10
0 45 40 8 0 8 3 12
0 37 48 12 0 2 4 14
0 44 41 4 0 4 5 16
0 36 49 8 0 2 6 18
0 43 42 4 0 4 7 20
0 50 35 8 0 6 1 22
0 42 43 12 0 2 2 24
0 49 36 4 0 4 3 26
0 56 44 8 0 6 1 13
0 48 52 12 0 2 2 15
0 55 60 16 0 4 3 17
0 62 53 5 0 6 4 19
0 54 61 9 0 2 5 21
0 61 54 4 0 4 6 23
0 53 62 8 0 2 7 25
0 60 55 4 0 4 8 27
0 52 63 8 0 2 9 29
0 59 56 12 0 4 1 31
0 66 64 4 0 6 2 18
0 58 72 8 0 2 3 20
0 65 80 12 0 4 4 22
0 72 73 4 0 6 5 24
0 64 81 8 0 2 6 26
0 71 74 4 0 4 7 28
0 78 67 8 0 6 1 30
0 70 75 12 0 2 2 32
0 77 68 4 0 4 3 34
0 69 76 8 0 2 4 36
0 76 84 12 0 4 1 23
0 83 77 4 0 6 2 25
0 90 85 8 0 8 3 27
0 82 93 12 0 2 4 29
0 89 86 4 0 4 5 31
0 81 94 8 0 2 6 33
0 88 87 4 0 4 7 35
0 95 80 8 0 6 1 37
0 87 88 12 0 2 2 39
0 94 81 4 0 4 3 41
0 101 89 8 0 6 1 28
0 93 97 12 0 2 2 30
0 100 105 16 0 4 3 32
0 107 98 5 0 6 4 34
0 99 106 9 0 2 5 36
0 106 99 4 0 4 6 38
0 98 107 8 0 2 7 40
0 105 100 4 0 4 8 42
0 97 108 8 0 2 9 44
0 104 101 12 0 4 1 46
0 111 109 4 0 6 2 33
0 103 117 8 0 2 3 35
0 110 125 12 0 4 4 37
0 117 118 4 0 6 5 39
0 109 126 8 0 2 6 41
0 116 119 4 0 4 7 43
0 123 112 8 0 6 1 45
0 115 120 12 0 2 2 47
0 122 113 4 0 4 3 49
0 114 121 8 0 2 4 51
0 121 129 12 0 4 1 38
0 128 122 4 0 6 2 40
0 135 130 8 0 8 3 42
0 127 138 12 0 2 4 44
0 134 131 4 0 4 5 46
0 126 139 8 0 2 6 48
0 133 132 4 0 4 7 50
0 140 125 8 0 6 1 52
0 132 133 12 0 2 2 54
0 139 126 4 0 4 3 56
0 146 134 8 0 6 1 43
0 138 142 12 0 2 2 45
0 145 150 16 0 4 3 47
0 152 143 5 0 6 4 49
0 144 151 9 0 2 5 51
0 151 144 4 0 4 6 53
0 143 152 8 0 2 7 55
0 150 145 4 0 4 8 57
0 142 153 8 0 2 9 59
0 149 146 12 0 4 1 61
0 156 154 4 0 6 2 48
0 148 162 8 0 2 3 50
0 155 170 12 0 4 4 52
*
waitingTimeCarsGone
287
0
297
201
103
0
77
64
76
0
75
70
77
0
63
54
62
0
67
82
75
0
52
61
58
0
41
47
27
0
8
6
6
0
5
4
4
0
2
2
1
*
waitingTimeCarsLeft
0
20
0
20
18
18
0
17
17
17
0
17
17
17
0
17
17
17
0
17
17
17
0
17
17
17
0
12
9
9
0
3
2
2
0
2
