5
0 3 3 5 2 3 4 4
15
101
2375
6113.002
carsInLane
0 3 3 5 2 3 4 4
0 6 6 5 4 6 8 4
0 9 3 10 6 9 4 8
0 3 6 15 8 3 8 12
0 6 9 5 10 6 12 4
0 9 3 10 12 9 4 8
0 12 6 15 2 12 8 12
0 15 9 5 4 15 12 4
0 3 12 10 6 3 16 8
0 6 3 15 8 6 5 12
0 9 6 5 10 9 9 4
0 12 9 10 2 3 13 8
0 3 12 15 4 6 17 12
0 6 3 20 6 9 6 16
0 9 6 10 8 12 10 5
0 3 9 15 10 3 14 9
0 6 12 5 12 6 18 4
0 9 15 10 2 9 22 8
0 12 3 15 4 12 11 12
0 15 6 5 6 15 15 4
0 3 9 10 8 3 19 8
0 6 3 15 10 6 8 12
0 9 6 5 12 9 12 4
0 12 9 10 2 12 16 8
0 15 3 15 4 15 5 12
0 3 6 20 6 3 9 16
0 6 9 10 8 6 13 5
0 9 3 15 10 9 4 9
0 12 6 5 12 12 8 4
0 15 9 10 2 15 12 8
0 3 12 15 4 3 16 12
0 6 3 20 6 6 5 16
0 9 6 10 8 9 9 5
0 3 9 15 10 3 13 9
0 6 12 5 12 6 17 4
0 9 15 10 2 9 21 8
0 12 3 15 4 12 10 12
0 15 6 5 6 15 14 4
0 3 9 10 8 3 18 8
0 6 3 15 10 6 7 12
0 9 6 5 12 9 11 4
0 12 9 10 2 12 15 8
0 3 12 15 4 3 19 12
0 6 3 20 6 6 8 16
0 9 6 10 8 9 12 5
0 3 9 15 10 3 16 9
0 6 3 20 12 6 5 13
0 9 6 25 2 9 9 17
0 12 9 15 4 12 13 6
0 3 12 20 6 3 17 10
0 6 3 10 8 6 21 14
0 9 6 15 10 9 10 4
0 12 3 5 12 12 14 8
0 15 6 10 2 15 18 12
0 3 9 15 4 3 22 16
0 6 12 20 6 6 11 5
0 9 3 10 8 9 15 9
0 12 6 15 10 12 4 4
0 3 9 20 12 3 8 8
0 6 12 25 2 6 12 12
0 9 15 15 4 9 16 4
0 12 3 20 6 12 5 8
0 15 6 10 8 15 9 4
0 3 9 15 10 3 13 8
0 6 3 5 12 6 17 12
0 9 6 10 2 9 21 16
0 12 9 15 4 12 10 5
0 3 12 20 6 3 14 9
0 6 3 10 8 6 18 13
0 9 6 15 10 9 7 4
0 12 3 5 12 12 11 8
0 15 6 10 2 15 15 12
0 3 9 15 4 3 19 16
0 6 12 20 6 6 8 5
0 9 3 10 8 9 12 9
0 12 6 15 10 12 4 4
0 3 9 20 12 3 8 8
0 6 12 25 2 6 12 12
0 9 15 15 4 9 16 4
0 12 3 20 6 12 5 8
0 15 6 10 8 15 9 4
0 3 9 15 10 3 13 8
0 6 3 5 12 6 17 12
0 9 6 10 2 9 21 16
0 12 9 15 4 12 10 5
0 3 12 20 6 3 14 9
0 6 3 10 8 6 18 13
0 9 6 15 10 9 7 4
0 12 3 5 12 12 11 8
0 15 6 10 2 15 15 12
0 3 9 15 4 3 19 16
0 6 12 20 6 6 8 5
0 9 3 10 8 9 12 9
0 12 6 15 10 12 4 4
0 3 9 20 12 3 8 8
0 6 12 25 2 6 12 12
0 9 15 15 4 9 16 4
0 12 3 20 6 12 5 8
0 15 6 10 8 15 9 4
0 3 9 15 10 3 13 8
0 6 3 5 12 6 17 12
*
waitingTimeCarsGone
512
0
623
611
410
0
179
40
*
waitingTimeCarsLeft
0
22
0
14
8
4
0
1
