100
2 2 3 0 4 6 4 3
15
101
2380
5021.333
110.6667
44
7
carsInLane
2 2 3 0 4 6 4 3
4 4 6 0 4 6 8 6
6 6 3 0 8 12 4 9
8 8 6 0 4 6 8 12
10 10 9 0 8 12 4 3
12 2 12 0 12 6 8 6
2 4 15 0 4 12 12 9
4 6 3 0 8 18 4 12
6 8 6 0 4 9 8 15
8 10 9 0 8 15 4 3
10 2 12 0 12 6 8 6
2 4 15 0 4 12 12 9
4 6 3 0 8 18 4 12
6 8 6 0 4 9 8 15
8 10 9 0 8 15 4 3
10 2 12 0 12 6 8 6
2 4 15 0 4 12 12 9
4 6 3 0 8 18 4 12
6 8 6 0 4 9 8 15
8 10 9 0 8 15 4 3
10 2 12 0 12 6 8 6
2 4 15 0 4 12 12 9
4 6 3 0 8 18 4 12
6 8 6 0 4 9 8 15
8 10 9 0 8 15 4 3
10 2 12 0 12 6 8 6
2 4 15 0 4 12 12 9
4 6 3 0 8 18 4 12
6 8 6 0 4 9 8 15
8 10 9 0 8 15 4 3
10 2 12 0 12 6 8 6
2 4 15 0 4 12 12 9
4 6 3 0 8 18 4 12
6 8 6 0 4 9 8 15
8 10 9 0 8 15 4 3
10 2 12 0 12 6 8 6
2 4 15 0 4 12 12 9
4 6 3 0 8 18 4 12
6 8 6 0 4 9 8 15
8 10 9 0 8 15 4 3
10 2 12 0 12 6 8 6
2 4 15 0 4 12 12 9
4 6 3 0 8 18 4 12
6 8 6 0 4 9 8 15
8 10 9 0 8 15 4 3
10 2 12 0 12 6 8 6
2 4 15 0 4 12 12 9
4 6 3 0 8 18 4 12
6 8 6 0 4 9 8 15
8 10 9 0 8 15 4 3
10 2 12 0 12 6 8 6
2 4 15 0 4 12 12 9
4 6 3 0 8 18 4 12
6 8 6 0 4 9 8 15
8 10 9 0 8 15 4 3
10 2 12 0 12 6 8 6
2 4 15 0 4 12 12 9
4 6 3 0 8 18 4 12
6 8 6 0 4 9 8 15
8 10 9 0 8 15 4 3
10 2 12 0 12 6 8 6
2 4 15 0 4 12 12 9
4 6 3 0 8 18 4 12
6 8 6 0 4 9 8 15
8 10 9 0 8 15 4 3
10 2 12 0 12 6 8 6
2 4 15 0 4 12 12 9
4 6 3 0 8 18 4 12
6 8 6 0 4 9 8 15
8 10 9 0 8 15 4 3
10 2 12 0 12 6 8 6
2 4 15 0 4 12 12 9
4 6 3 0 8 18 4 12
6 8 6 0 4 9 8 15
8 10 9 0 8 15 4 3
10 2 12 0 12 6 8 6
2 4 15 0 4 12 12 9
4 6 3 0 8 18 4 12
6 8 6 0 4 9 8 15
8 10 9 0 8 15 4 3
10 2 12 0 12 6 8 6
2 4 15 0 4 12 12 9
4 6 3 0 8 18 4 12
6 8 6 0 4 9 8 15
8 10 9 0 8 15 4 3
10 2 12 0 12 6 8 6
2 4 15 0 4 12 12 9
4 6 3 0 8 18 4 12
6 8 6 0 4 9 8 15
8 10 9 0 8 15 4 3
10 2 12 0 12 6 8 6
2 4 15 0 4 12 12 9
4 6 3 0 8 18 4 12
6 8 6 0 4 9 8 15
8 10 9 0 8 15 4 3
10 2 12 0 12 6 8 6
2 4 15 0 4 12 12 9
4 6 3 0 8 18 4 12
6 8 6 0 4 9 8 15
8 10 9 0 8 15 4 3
10 2 12 0 12 6 8 6
*
waitingTimeCarsGone
710
0
757
521
198
0
192
2
*
waitingTimeCarsLeft
0
21
0
13
6
2
0
2
