9
3 1 6 5 3 3 0 3
15
101
2386
5447.334
104
38
12.33333
carsInLane
3 1 6 5 3 3 0 3
6 2 6 5 6 6 0 6
3 3 12 10 3 9 0 9
6 4 6 5 6 12 0 12
9 5 12 10 3 3 0 15
12 6 18 5 6 6 0 3
15 7 9 5 9 9 0 6
3 8 15 10 3 12 0 9
6 9 6 5 6 15 0 12
9 1 12 10 9 3 0 15
12 2 18 15 12 6 0 3
15 3 9 5 15 9 0 6
3 4 15 10 3 12 0 9
6 5 6 5 6 15 0 12
9 6 12 10 3 3 0 15
12 7 18 5 6 6 0 3
15 8 9 5 9 9 0 6
3 9 15 10 3 12 0 9
6 10 6 5 6 15 0 12
9 1 12 10 9 3 0 15
12 2 18 15 12 6 0 3
15 3 9 5 15 9 0 6
3 4 15 10 3 12 0 9
6 5 6 5 6 15 0 12
9 6 12 10 3 3 0 15
12 7 18 5 6 6 0 3
15 8 9 5 9 9 0 6
3 9 15 10 3 12 0 9
6 10 6 5 6 15 0 12
9 1 12 10 9 3 0 15
12 2 18 15 12 6 0 3
15 3 9 5 15 9 0 6
3 4 15 10 3 12 0 9
6 5 6 5 6 15 0 12
9 6 12 10 3 3 0 15
12 7 18 5 6 6 0 3
15 8 9 5 9 9 0 6
3 9 15 10 3 12 0 9
6 10 6 5 6 15 0 12
9 1 12 10 9 3 0 15
12 2 18 15 12 6 0 3
15 3 9 5 15 9 0 6
3 4 15 10 3 12 0 9
6 5 6 5 6 15 0 12
9 6 12 10 3 3 0 15
12 7 18 5 6 6 0 3
15 8 9 5 9 9 0 6
3 9 15 10 3 12 0 9
6 10 6 5 6 15 0 12
9 1 12 10 9 3 0 15
12 2 18 15 12 6 0 3
15 3 9 5 15 9 0 6
3 4 15 10 3 12 0 9
6 5 6 5 6 15 0 12
9 6 12 10 3 3 0 15
12 7 18 5 6 6 0 3
15 8 9 5 9 9 0 6
3 9 15 10 3 12 0 9
6 10 6 5 6 15 0 12
9 1 12 10 9 3 0 15
12 2 18 15 12 6 0 3
15 3 9 5 15 9 0 6
3 4 15 10 3 12 0 9
6 5 6 5 6 15 0 12
9 6 12 10 3 3 0 15
12 7 18 5 6 6 0 3
15 8 9 5 9 9 0 6
3 9 15 10 3 12 0 9
6 10 6 5 6 15 0 12
9 1 12 10 9 3 0 15
12 2 18 15 12 6 0 3
15 3 9 5 15 9 0 6
3 4 15 10 3 12 0 9
6 5 6 5 6 15 0 12
9 6 12 10 3 3 0 15
12 7 18 5 6 6 0 3
15 8 9 5 9 9 0 6
3 9 15 10 3 12 0 9
6 10 6 5 6 15 0 12
9 1 12 10 9 3 0 15
12 2 18 15 12 6 0 3
15 3 9 5 15 9 0 6
3 4 15 10 3 12 0 9
6 5 6 5 6 15 0 12
9 6 12 10 3 3 0 15
12 7 18 5 6 6 0 3
15 8 9 5 9 9 0 6
3 9 15 10 3 12 0 9
6 10 6 5 6 15 0 12
9 1 12 10 9 3 0 15
12 2 18 15 12 6 0 3
15 3 9 5 15 9 0 6
3 4 15 10 3 12 0 9
6 5 6 5 6 15 0 12
9 6 12 10 3 3 0 15
12 7 18 5 6 6 0 3
15 8 9 5 9 9 0 6
3 9 15 10 3 12 0 9
6 10 6 5 6 15 0 12
9 1 12 10 9 3 0 15
12 2 18 15 12 6 0 3
*
waitingTimeCarsGone
721
0
720
471
214
0
211
10
10
0
10
10
9
*
waitingTimeCarsLeft
0
16
0
10
6
6
