7
0 3 4 0 6 3 6 2
15
101
2203
15683.66
carsInLane
0 3 4 0 6 3 6 2
0 6 4 0 12 6 6 4
0 9 8 0 6 3 12 6
0 12 4 0 12 6 6 8
0 3 8 0 18 3 12 10
0 6 12 0 24 6 6 2
0 9 16 0 15 3 12 4
0 12 5 0 21 6 6 6
0 3 9 0 27 9 12 8
0 6 13 0 33 12 18 2
0 9 17 0 24 3 24 4
0 12 6 0 30 6 15 6
0 15 10 0 21 3 21 8
0 18 4 0 27 6 12 10
0 21 8 0 18 3 18 12
0 24 12 0 24 6 9 2
0 12 16 0 30 9 15 4
0 15 5 0 36 12 21 6
0 18 9 0 27 3 27 8
0 21 4 0 33 6 18 10
0 24 8 0 24 3 24 12
0 27 12 0 30 6 15 2
0 30 16 0 21 3 21 4
0 33 5 0 27 6 12 6
0 21 9 0 33 9 18 8
0 24 13 0 39 12 24 2
0 27 17 0 30 3 30 4
0 30 6 0 36 6 21 6
0 33 10 0 27 3 27 8
0 36 4 0 33 6 18 10
0 24 8 0 39 3 24 12
0 27 12 0 30 3 30 14
0 15 16 0 36 6 36 16
0 18 20 0 42 9 42 3
0 21 9 0 48 12 33 5
0 24 13 0 39 3 39 7
0 27 4 0 45 6 30 9
0 30 8 0 36 3 36 11
0 33 12 0 42 6 27 2
0 36 16 0 33 3 33 4
0 24 20 0 39 6 39 6
0 27 9 0 45 9 45 8
0 30 4 0 51 12 36 10
0 33 8 0 42 3 42 12
0 36 12 0 48 6 33 2
0 39 16 0 39 3 39 4
0 42 5 0 45 6 30 6
0 45 9 0 36 3 36 8
0 33 13 0 42 6 42 10
0 36 17 0 48 9 48 2
0 39 6 0 54 12 39 4
0 42 10 0 45 3 45 6
0 45 4 0 51 6 36 8
0 48 8 0 42 3 42 10
0 51 12 0 48 6 33 2
0 39 16 0 54 3 39 4
0 42 20 0 45 6 45 6
0 45 9 0 51 9 51 8
0 48 4 0 57 12 42 10
0 51 8 0 48 3 48 12
0 54 12 0 54 6 39 2
0 42 16 0 60 3 45 4
0 45 20 0 51 3 51 6
0 48 9 0 57 6 42 8
0 36 13 0 63 9 48 10
0 39 17 0 69 12 54 2
0 42 21 0 60 3 60 4
0 45 10 0 66 6 51 6
0 48 14 0 57 3 57 8
0 51 4 0 63 6 48 10
0 54 8 0 54 3 54 12
0 57 12 0 60 6 45 2
0 45 16 0 66 9 51 4
0 48 5 0 72 12 57 6
0 51 9 0 63 3 63 8
0 54 4 0 69 6 54 10
0 57 8 0 60 3 60 12
0 60 12 0 66 6 51 2
0 63 16 0 57 3 57 4
0 66 5 0 63 6 48 6
0 54 9 0 69 9 54 8
0 57 13 0 75 12 60 2
0 60 17 0 66 3 66 4
0 63 6 0 72 6 57 6
0 66 10 0 63 3 63 8
0 69 4 0 69 6 54 10
0 57 8 0 75 3 60 12
0 60 12 0 66 3 66 14
0 48 16 0 72 6 72 16
0 51 20 0 78 9 78 3
0 54 9 0 84 12 69 5
0 57 13 0 75 3 75 7
0 60 4 0 81 6 66 9
0 63 8 0 72 3 72 11
0 66 12 0 78 6 63 2
0 69 16 0 69 3 69 4
0 57 20 0 75 6 75 6
0 60 9 0 81 9 81 8
0 63 4 0 87 12 72 10
0 66 8 0 78 3 78 12
0 69 12 0 84 6 69 2
*
waitingTimeCarsGone
275
0
316
234
234
0
161
135
130
0
124
105
93
0
96
90
66
0
36
18
15
0
12
12
15
0
12
9
9
0
6
*
waitingTimeCarsLeft
0
21
0
19
19
15
0
15
15
15
0
15
15
15
0
15
9
3
0
3
3
3
0
3
3
3
0
3
3
3
0
3
