8
3 2 0 5 5 3 3 3
15
101
2368
7380.005
carsInLane
3 2 0 5 5 3 3 3
3 4 0 10 5 6 6 6
6 6 0 5 10 9 9 3
9 8 0 10 5 3 12 6
12 10 0 15 10 6 3 3
3 12 0 20 5 9 6 6
6 14 0 10 10 12 9 3
9 2 0 15 15 3 12 6
3 4 0 20 5 6 15 9
6 6 0 25 10 9 3 12
9 8 0 15 15 12 6 3
12 10 0 20 5 3 9 6
15 12 0 10 10 6 12 3
3 2 0 15 15 9 15 6
6 4 0 20 5 3 18 9
9 6 0 10 10 6 21 3
12 8 0 15 15 9 9 3
3 10 0 20 5 12 12 6
6 12 0 10 10 15 15 9
9 2 0 15 15 3 18 12
12 4 0 20 20 6 6 3
3 6 0 25 10 9 9 6
6 8 0 15 15 12 12 3
9 10 0 20 5 3 15 6
12 12 0 10 10 6 18 3
3 2 0 15 15 9 21 6
6 4 0 20 20 12 9 3
9 6 0 10 25 15 12 6
12 8 0 15 15 3 15 9
3 10 0 20 5 6 18 12
6 12 0 10 10 9 21 3
9 14 0 15 15 12 9 3
12 16 0 20 5 3 12 6
3 3 0 25 10 6 15 9
6 5 0 15 15 9 18 3
9 7 0 20 5 3 21 6
12 9 0 25 10 6 9 9
15 11 0 15 15 9 12 3
3 13 0 20 5 12 15 6
6 15 0 10 10 15 18 3
9 2 0 15 15 3 21 6
12 4 0 20 20 6 9 3
3 6 0 25 10 9 12 6
6 8 0 15 15 12 15 3
9 10 0 20 5 3 18 6
12 12 0 25 10 6 6 9
15 14 0 15 15 9 9 3
3 16 0 20 5 12 12 6
6 3 0 25 10 3 15 9
9 5 0 15 15 6 18 3
3 7 0 20 5 9 21 6
6 9 0 25 10 12 9 3
9 11 0 15 15 15 12 3
12 13 0 20 5 3 15 6
15 15 0 25 10 6 3 9
18 17 0 15 15 9 6 3
6 4 0 20 20 12 9 6
9 6 0 25 10 3 12 9
12 8 0 15 15 6 15 3
3 10 0 20 5 9 18 6
6 12 0 10 10 12 21 3
9 2 0 15 15 3 24 6
12 4 0 20 20 6 12 3
15 6 0 10 25 9 15 6
3 8 0 15 15 12 18 9
6 10 0 20 5 3 21 12
9 12 0 25 10 6 9 3
12 14 0 15 15 9 12 3
3 16 0 20 5 12 15 6
6 3 0 25 10 3 18 9
9 5 0 15 15 6 21 3
3 7 0 20 5 9 24 6
6 9 0 25 10 12 12 9
9 11 0 15 15 15 15 3
12 13 0 20 5 3 18 6
15 15 0 10 10 6 21 3
3 2 0 15 15 9 24 6
6 4 0 20 20 12 12 3
9 6 0 25 10 3 15 6
12 8 0 15 15 6 18 3
3 10 0 20 5 9 21 6
6 12 0 25 10 12 9 9
9 14 0 15 15 15 12 3
12 16 0 20 5 3 15 6
3 3 0 25 10 6 18 9
6 5 0 15 15 9 21 3
9 7 0 20 5 3 24 6
12 9 0 25 10 6 12 3
15 11 0 15 15 9 15 3
3 13 0 20 5 12 18 6
6 15 0 25 10 15 6 9
9 17 0 15 15 18 9 3
12 4 0 20 20 6 12 6
3 6 0 25 10 9 15 9
6 8 0 15 15 12 18 3
9 10 0 20 5 3 21 6
12 12 0 25 10 6 9 3
15 14 0 15 15 9 12 3
3 16 0 20 5 12 15 6
6 18 0 25 10 15 3 9
9 20 0 15 15 18 6 3
*
waitingTimeCarsGone
431
0
511
585
415
0
248
85
59
0
28
4
2
*
waitingTimeCarsLeft
0
24
0
18
14
