100
3 1 6 5 3 3 0 3
15
92
2378
5412.334
130.6667
46
12
carsInLane
3 1 6 5 3 3 0 3
6 2 6 5 6 6 0 6
3 3 12 10 3 9 0 9
6 4 6 5 6 12 0 12
9 5 12 10 3 3 0 15
12 6 18 5 6 6 0 3
15 7 9 5 9 9 0 6
3 8 15 10 3 12 0 9
6 9 6 5 6 15 0 12
9 1 12 10 9 3 0 15
12 2 18 5 12 6 0 3
3 3 24 10 3 9 0 6
6 4 15 5 6 12 0 9
9 5 6 5 9 15 0 12
12 6 12 10 3 3 0 15
15 7 18 5 6 6 0 3
18 8 9 5 9 9 0 6
6 9 15 10 3 12 0 9
9 10 6 5 6 15 0 12
12 1 12 10 9 3 0 15
15 2 18 5 12 6 0 3
3 3 24 10 3 9 0 6
6 4 15 5 6 12 0 9
9 5 6 5 9 15 0 12
12 6 12 10 3 3 0 15
15 7 18 5 6 6 0 3
18 8 9 5 9 9 0 6
6 9 15 10 3 12 0 9
9 10 6 5 6 15 0 12
12 1 12 10 9 3 0 15
15 2 18 5 12 6 0 3
3 3 24 10 3 9 0 6
6 4 15 5 6 12 0 9
9 5 6 5 9 15 0 12
12 6 12 10 3 3 0 15
15 7 18 5 6 6 0 3
18 8 9 5 9 9 0 6
6 9 15 10 3 12 0 9
9 10 6 5 6 15 0 12
12 1 12 10 9 3 0 15
15 2 18 5 12 6 0 3
3 3 24 10 3 9 0 6
6 4 15 5 6 12 0 9
9 5 6 5 9 15 0 12
12 6 12 10 3 3 0 15
15 7 18 5 6 6 0 3
18 8 9 5 9 9 0 6
6 9 15 10 3 12 0 9
9 10 6 5 6 15 0 12
12 1 12 10 9 3 0 15
15 2 18 5 12 6 0 3
3 3 24 10 3 9 0 6
6 4 15 5 6 12 0 9
9 5 6 5 9 15 0 12
12 6 12 10 3 3 0 15
15 7 18 5 6 6 0 3
18 8 9 5 9 9 0 6
6 9 15 10 3 12 0 9
9 10 6 5 6 15 0 12
12 1 12 10 9 3 0 15
15 2 18 5 12 6 0 3
3 3 24 10 3 9 0 6
6 4 15 5 6 12 0 9
9 5 6 5 9 15 0 12
12 6 12 10 3 3 0 15
15 7 18 5 6 6 0 3
18 8 9 5 9 9 0 6
6 9 15 10 3 12 0 9
9 10 6 5 6 15 0 12
12 1 12 10 9 3 0 15
15 2 18 5 12 6 0 3
3 3 24 10 3 9 0 6
6 4 15 5 6 12 0 9
9 5 6 5 9 15 0 12
12 6 12 10 3 3 0 15
15 7 18 5 6 6 0 3
18 8 9 5 9 9 0 6
6 9 15 10 3 12 0 9
9 10 6 5 6 15 0 12
12 1 12 10 9 3 0 15
15 2 18 5 12 6 0 3
3 3 24 10 3 9 0 6
6 4 15 5 6 12 0 9
9 5 6 5 9 15 0 12
12 6 12 10 3 3 0 15
15 7 18 5 6 6 0 3
18 8 9 5 9 9 0 6
6 9 15 10 3 12 0 9
9 10 6 5 6 15 0 12
12 1 12 10 9 3 0 15
15 2 18 5 12 6 0 3
3 3 24 10 3 9 0 6
6 4 15 5 6 12 0 9
9 5 6 5 9 15 0 12
12 6 12 10 3 3 0 15
15 7 18 5 6 6 0 3
18 8 9 5 9 9 0 6
6 9 15 10 3 12 0 9
9 10 6 5 6 15 0 12
12 1 12 10 9 3 0 15
15 2 18 5 12 6 0 3
*
waitingTimeCarsGone
712
108
585
448
268
81
100
37
10
9
1
10
9
*
waitingTimeCarsLeft
0
21
0
10
6
6
0
3
