1
3 3 3 1 9 2 2 1
15
101
1872
18902.66
20830.67
552
79.00001
carsInLane
3 3 3 1 9 2 2 1
3 6 6 2 9 4 4 2
6 3 9 3 18 2 6 3
9 6 3 4 27 4 2 4
12 9 6 1 36 6 4 1
3 12 9 2 30 8 6 2
6 3 12 3 39 2 8 3
9 6 3 4 48 4 2 4
12 9 6 1 57 6 4 1
3 12 9 2 51 8 6 2
6 3 12 3 60 2 8 3
9 6 3 4 69 4 2 4
12 9 6 1 78 6 4 1
3 12 9 2 72 8 6 2
6 3 12 3 81 2 8 3
9 6 3 4 90 4 2 4
12 9 6 1 99 6 4 1
3 12 9 2 93 8 6 2
6 3 12 3 102 2 8 3
9 6 3 4 111 4 2 4
12 9 6 1 120 6 4 1
3 12 9 2 114 8 6 2
6 3 12 3 123 2 8 3
9 6 3 4 132 4 2 4
12 9 6 1 141 6 4 1
3 12 9 2 135 8 6 2
6 3 12 3 144 2 8 3
9 6 3 4 153 4 2 4
12 9 6 1 162 6 4 1
3 12 9 2 156 8 6 2
6 3 12 3 165 2 8 3
9 6 3 4 174 4 2 4
12 9 6 1 183 6 4 1
3 12 9 2 177 8 6 2
6 3 12 3 186 2 8 3
9 6 3 4 195 4 2 4
12 9 6 1 204 6 4 1
3 12 9 2 198 8 6 2
6 3 12 3 207 2 8 3
9 6 3 4 216 4 2 4
12 9 6 1 225 6 4 1
3 12 9 2 219 8 6 2
6 3 12 3 228 2 8 3
9 6 3 4 237 4 2 4
12 9 6 1 246 6 4 1
3 12 9 2 240 8 6 2
6 3 12 3 249 2 8 3
9 6 3 4 258 4 2 4
12 9 6 1 267 6 4 1
3 12 9 2 261 8 6 2
6 3 12 3 270 2 8 3
9 6 3 4 279 4 2 4
12 9 6 1 288 6 4 1
3 12 9 2 282 8 6 2
6 3 12 3 291 2 8 3
9 6 3 4 300 4 2 4
12 9 6 1 309 6 4 1
3 12 9 2 303 8 6 2
6 3 12 3 312 2 8 3
9 6 3 4 321 4 2 4
12 9 6 1 330 6 4 1
3 12 9 2 324 8 6 2
6 3 12 3 333 2 8 3
9 6 3 4 342 4 2 4
12 9 6 1 351 6 4 1
3 12 9 2 345 8 6 2
6 3 12 3 354 2 8 3
9 6 3 4 363 4 2 4
12 9 6 1 372 6 4 1
3 12 9 2 366 8 6 2
6 3 12 3 375 2 8 3
9 6 3 4 384 4 2 4
12 9 6 1 393 6 4 1
3 12 9 2 387 8 6 2
6 3 12 3 396 2 8 3
9 6 3 4 405 4 2 4
12 9 6 1 414 6 4 1
3 12 9 2 408 8 6 2
6 3 12 3 417 2 8 3
9 6 3 4 426 4 2 4
12 9 6 1 435 6 4 1
3 12 9 2 429 8 6 2
6 3 12 3 438 2 8 3
9 6 3 4 447 4 2 4
12 9 6 1 456 6 4 1
3 12 9 2 450 8 6 2
6 3 12 3 459 2 8 3
9 6 3 4 468 4 2 4
12 9 6 1 477 6 4 1
3 12 9 2 471 8 6 2
6 3 12 3 480 2 8 3
9 6 3 4 489 4 2 4
12 9 6 1 498 6 4 1
3 12 9 2 492 8 6 2
6 3 12 3 501 2 8 3
9 6 3 4 510 4 2 4
12 9 6 1 519 6 4 1
3 12 9 2 513 8 6 2
6 3 12 3 522 2 8 3
9 6 3 4 531 4 2 4
12 9 6 1 540 6 4 1
*
waitingTimeCarsGone
387
0
375
376
374
0
3
9
3
0
9
6
6
0
9
3
9
0
3
9
6
0
6
9
3
0
9
3
9
0
6
6
9
0
3
9
3
0
9
6
6
0
9
3
9
0
3
9
6
0
6
9
3
0
9
3
9
0
6
6
9
0
3
9
3
0
9
6
6
0
9
3
9
0
3
9
6
0
6
9
*
waitingTimeCarsLeft
0
21
0
19
14
9
0
9
9
9
0
9
9
9
0
9
9
9
0
9
9
9
0
9
9
9
0
9
9
9
0
9
9
9
0
9
9
9
0
9
9
9
0
9
9
9
0
9
9
9
0
9
9
9
0
9
9
9
0
9
9
9
0
9
9
9
0
9
9
9
0
9
9
9
0
9
9
9
0
3
