10
3 1 6 5 3 3 0 3
15
99
2368
6704.666
166.6666
56
13.33333
carsInLane
3 1 6 5 3 3 0 3
6 2 6 5 6 6 0 6
3 3 12 10 3 9 0 9
6 4 6 5 6 12 0 12
9 5 12 10 3 3 0 15
12 6 18 5 6 6 0 3
15 7 9 5 9 9 0 6
3 8 15 10 3 12 0 9
6 9 6 5 6 15 0 12
9 1 12 10 9 3 0 15
12 2 18 5 12 6 0 3
15 3 9 10 15 9 0 6
3 4 15 15 3 12 0 9
6 5 6 5 6 15 0 12
9 6 12 10 3 3 0 15
12 7 18 5 6 6 0 3
15 8 9 5 9 9 0 6
3 9 15 10 3 12 0 9
6 10 6 5 6 15 0 12
9 1 12 10 9 3 0 15
12 2 18 5 12 6 0 3
3 3 24 10 3 9 0 6
6 4 15 15 6 12 0 9
9 5 6 5 9 15 0 12
12 6 12 10 3 3 0 15
15 7 18 5 6 6 0 3
18 8 9 5 9 9 0 6
6 9 15 10 3 12 0 9
9 10 6 5 6 15 0 12
12 1 12 10 9 3 0 15
15 2 18 5 12 6 0 3
3 3 24 10 3 9 0 6
6 4 15 5 6 12 0 9
9 5 21 10 9 15 0 3
12 6 12 5 12 18 0 6
15 7 18 10 3 6 0 9
18 8 9 5 6 9 0 12
6 1 15 10 9 12 0 15
9 2 21 5 12 15 0 3
12 3 27 10 3 3 0 6
15 4 18 5 6 6 0 9
18 5 9 5 9 9 0 12
6 6 15 10 3 12 0 15
9 7 21 5 6 15 0 3
12 8 12 10 9 18 0 6
15 9 18 15 3 6 0 9
18 10 9 5 6 9 0 12
6 1 15 10 9 12 0 15
9 2 21 5 12 15 0 3
12 3 27 10 3 3 0 6
15 4 18 5 6 6 0 9
18 5 9 5 9 9 0 12
6 6 15 10 3 12 0 15
9 7 21 5 6 15 0 3
12 8 12 5 9 18 0 6
15 9 18 10 12 21 0 3
18 10 24 15 3 9 0 6
21 11 15 5 6 12 0 9
9 1 21 10 9 15 0 12
12 2 12 5 12 18 0 15
15 3 18 10 3 6 0 18
18 4 24 5 6 9 0 6
21 5 15 5 9 12 0 9
9 6 21 10 3 15 0 12
12 7 12 5 6 18 0 15
15 1 18 10 9 6 0 18
18 2 24 15 12 9 0 6
21 3 15 5 15 12 0 9
9 4 21 10 3 15 0 12
12 5 12 5 6 18 0 15
15 6 18 10 3 6 0 18
18 7 24 5 6 9 0 6
21 8 15 5 9 12 0 9
9 9 21 10 3 15 0 12
12 10 12 5 6 18 0 15
15 1 18 10 9 6 0 18
18 2 24 5 12 9 0 6
21 3 15 10 15 12 0 9
9 4 21 15 3 15 0 12
12 5 12 5 6 18 0 15
15 6 18 10 3 6 0 18
18 7 24 5 6 9 0 6
21 8 15 5 9 12 0 9
9 9 21 10 3 15 0 12
12 10 12 5 6 18 0 15
15 1 18 10 9 6 0 18
18 2 24 5 12 9 0 6
6 3 30 10 3 12 0 9
9 4 21 15 6 15 0 12
12 5 12 5 9 18 0 15
15 6 18 10 3 6 0 18
18 7 24 5 6 9 0 6
21 8 15 5 9 12 0 9
9 9 21 10 3 15 0 12
12 10 12 5 6 18 0 15
15 1 18 10 9 6 0 18
18 2 24 5 12 9 0 6
6 3 30 10 3 12 0 9
9 4 21 5 6 15 0 12
12 5 27 10 9 18 0 3
15 6 18 5 12 21 0 6
*
waitingTimeCarsGone
507
24
614
504
340
15
190
112
37
2
7
8
7
1
*
waitingTimeCarsLeft
0
21
0
16
10
4
0
4
1
