6
4 3 1 3 5 1 4 3
15
101
2375
7126.339
132
49
carsInLane
4 3 1 3 5 1 4 3
4 6 2 6 5 2 8 6
8 9 3 9 10 3 4 3
4 12 4 12 5 4 8 6
8 15 5 3 10 5 12 3
4 3 6 6 15 6 16 6
8 6 1 9 20 7 5 9
12 9 2 12 10 1 9 12
16 12 3 3 15 2 13 3
5 15 4 6 5 3 17 6
9 18 5 9 10 4 6 3
4 6 6 12 15 5 10 6
8 9 7 15 5 1 14 9
12 12 1 3 10 2 18 12
16 15 2 6 15 3 7 3
5 18 3 9 5 4 11 6
4 6 4 12 10 5 15 9
8 9 5 15 15 6 4 3
4 12 6 18 5 7 8 6
8 3 7 21 10 1 12 9
12 6 1 9 15 2 16 12
16 9 2 12 20 3 5 3
5 12 3 15 10 4 9 6
9 15 4 3 15 5 13 3
4 18 5 6 5 6 17 6
8 6 6 9 10 1 21 9
12 9 7 12 15 2 10 3
16 12 1 3 20 3 14 6
5 15 2 6 10 4 18 9
9 18 3 9 15 5 7 3
4 6 4 12 20 6 11 6
8 9 5 15 10 1 15 9
12 12 6 3 15 2 19 3
4 15 7 6 5 3 23 6
8 18 1 9 10 4 12 9
4 6 2 12 15 5 16 12
8 9 3 15 20 6 5 3
4 12 4 18 10 7 9 6
8 3 5 21 15 1 13 9
12 6 1 9 20 2 17 12
4 9 2 12 10 3 21 15
8 12 3 15 15 4 10 3
4 15 4 18 5 5 14 6
8 18 5 6 10 6 18 3
4 6 6 9 15 7 22 6
8 9 7 12 5 1 26 9
12 12 1 15 10 2 15 12
16 15 2 3 15 3 19 3
5 18 3 6 5 4 23 6
9 21 4 9 10 5 12 3
4 9 5 12 15 6 16 6
8 12 6 15 20 7 5 3
12 15 7 18 10 1 9 6
16 18 1 6 15 2 13 9
5 6 2 9 20 3 17 12
9 9 3 12 25 4 6 3
4 12 4 15 15 5 10 6
8 15 5 3 20 6 14 3
4 18 6 6 10 7 18 6
8 6 7 9 15 1 22 9
12 9 1 12 20 2 11 12
4 12 2 15 10 3 15 15
8 15 3 3 15 4 19 3
4 18 4 6 5 5 23 6
8 21 5 9 10 6 12 3
4 9 6 12 15 7 16 6
8 12 7 15 5 1 20 9
12 15 1 3 10 2 24 12
16 18 2 6 15 3 13 3
5 6 3 9 20 4 17 6
4 9 4 12 10 5 21 9
8 12 5 15 15 6 10 3
4 15 6 18 5 7 14 6
8 3 7 21 10 1 18 9
12 6 1 9 15 2 22 12
16 9 2 12 20 3 11 3
5 12 3 15 10 4 15 6
9 15 4 3 15 5 19 3
4 18 5 6 5 6 23 6
8 21 6 9 10 7 12 3
12 9 7 12 15 1 16 6
16 12 1 3 20 2 20 9
5 15 2 6 10 3 24 12
9 18 3 9 15 4 13 3
4 6 4 12 20 5 17 6
8 9 5 15 10 1 21 9
12 12 6 18 15 2 10 3
4 15 7 21 5 3 14 6
8 18 1 9 10 4 18 9
12 21 2 12 15 5 7 3
4 9 3 15 20 6 11 6
8 12 4 18 10 1 15 9
12 15 5 6 15 2 19 3
4 18 6 9 5 3 23 6
8 21 1 12 10 4 12 9
4 9 2 15 15 5 16 12
8 12 3 18 20 6 5 3
4 15 4 21 10 7 9 6
8 3 5 24 15 1 13 9
12 6 1 12 20 2 17 12
4 9 2 15 10 3 21 15
*
waitingTimeCarsGone
439
0
582
540
413
0
214
131
53
0
3
*
waitingTimeCarsLeft
0
21
0
15
7
3
0
3
