9
4 3 4 4 0 3 3 3
15
101
2381
6047.005
106.6667
43
carsInLane
4 3 4 4 0 3 3 3
8 6 4 4 0 6 6 6
4 3 8 8 0 9 9 9
8 6 12 12 0 12 3 3
12 9 4 4 0 15 6 6
16 3 8 8 0 3 9 9
5 3 12 12 0 6 12 12
9 6 4 16 0 9 3 15
13 9 8 5 0 12 6 3
4 3 12 9 0 15 9 6
8 6 16 13 0 3 12 9
12 9 5 4 0 6 15 12
16 12 9 8 0 9 3 3
5 3 13 12 0 12 6 6
9 6 4 4 0 15 9 9
13 3 8 8 0 3 12 12
17 6 12 12 0 6 3 3
21 9 4 4 0 9 6 6
10 3 8 8 0 12 9 9
14 6 12 12 0 15 3 3
18 9 16 16 0 3 6 6
22 12 5 5 0 6 9 9
11 3 9 9 0 9 12 12
15 6 13 13 0 12 3 3
19 9 4 4 0 15 6 6
8 3 8 8 0 18 9 9
12 3 12 12 0 6 12 12
16 6 4 16 0 9 3 15
20 9 8 5 0 12 6 3
9 3 12 9 0 15 9 6
13 6 16 13 0 3 12 9
17 9 5 4 0 6 15 12
21 12 9 8 0 9 3 3
10 3 13 12 0 12 6 6
14 6 4 4 0 15 9 9
18 3 8 8 0 3 12 12
22 6 12 12 0 6 3 3
11 3 16 16 0 9 6 6
15 6 5 5 0 12 9 9
4 3 9 9 0 15 12 12
8 6 13 13 0 3 15 15
12 9 17 17 0 6 3 3
16 12 6 6 0 9 6 6
5 3 10 10 0 12 9 9
9 6 4 4 0 15 12 12
13 9 8 8 0 18 3 3
17 3 12 12 0 6 6 6
21 6 4 4 0 9 9 9
10 3 8 8 0 12 12 12
14 6 12 12 0 15 3 3
18 9 16 16 0 3 6 6
22 12 5 5 0 6 9 9
11 3 9 9 0 9 12 12
15 6 13 13 0 12 3 3
19 9 4 4 0 15 6 6
8 3 8 8 0 18 9 9
12 3 12 12 0 6 12 12
16 6 4 16 0 9 3 15
20 9 8 5 0 12 6 3
9 3 12 9 0 15 9 6
13 6 16 13 0 3 12 9
17 9 5 4 0 6 15 12
21 12 9 8 0 9 3 3
10 3 13 12 0 12 6 6
14 6 4 4 0 15 9 9
18 3 8 8 0 3 12 12
22 6 12 12 0 6 3 3
11 3 16 16 0 9 6 6
15 6 5 5 0 12 9 9
4 3 9 9 0 15 12 12
8 6 13 13 0 3 15 15
12 9 17 17 0 6 3 3
16 12 6 6 0 9 6 6
5 3 10 10 0 12 9 9
9 6 4 4 0 15 12 12
13 9 8 8 0 18 3 3
17 3 12 12 0 6 6 6
21 6 4 4 0 9 9 9
10 3 8 8 0 12 12 12
14 6 12 12 0 15 3 3
18 9 16 16 0 3 6 6
22 12 5 5 0 6 9 9
11 3 9 9 0 9 12 12
15 6 13 13 0 12 3 3
19 9 4 4 0 15 6 6
8 3 8 8 0 18 9 9
12 3 12 12 0 6 12 12
16 6 4 16 0 9 3 15
20 9 8 5 0 12 6 3
9 3 12 9 0 15 9 6
13 6 16 13 0 3 12 9
17 9 5 4 0 6 15 12
21 12 9 8 0 9 3 3
10 3 13 12 0 12 6 6
14 6 4 4 0 15 9 9
18 3 8 8 0 3 12 12
22 6 12 12 0 6 3 3
11 3 16 16 0 9 6 6
15 6 5 5 0 12 9 9
4 3 9 9 0 15 12 12
8 6 13 13 0 3 15 15
*
waitingTimeCarsGone
544
0
610
592
427
0
175
33
*
waitingTimeCarsLeft
0
18
0
15
8
2
