5
6 4 3 5 0 1 2 3
15
98
2298
11056.33
760.9998
126
16
-144.7111
carsInLane
6 4 3 5 0 1 2 3
6 4 6 10 0 2 4 6
12 8 9 5 0 3 6 3
6 4 12 10 0 4 8 6
12 8 3 5 0 5 10 9
6 4 6 10 0 6 12 12
12 8 9 15 0 1 14 15
18 12 12 20 0 2 2 3
24 16 3 10 0 3 4 6
15 5 6 15 0 4 6 9
21 9 9 5 0 5 8 3
12 4 12 10 0 6 10 6
18 8 15 15 0 1 12 9
24 12 3 20 0 2 2 12
15 4 6 25 0 3 4 15
21 8 9 15 0 4 6 3
12 4 12 20 0 5 8 6
18 8 3 10 0 6 10 9
24 12 6 15 0 1 12 12
30 16 9 20 0 2 2 3
21 5 12 25 0 3 4 6
27 9 3 15 0 4 6 9
18 4 6 20 0 5 8 12
24 8 9 10 0 6 10 3
30 12 12 15 0 1 12 6
36 16 3 20 0 2 2 9
27 5 6 25 0 3 4 12
33 9 9 15 0 4 6 3
24 4 12 20 0 5 8 6
30 8 3 10 0 6 10 9
36 12 6 15 0 1 12 12
42 16 9 20 0 2 2 3
33 5 12 25 0 3 4 6
24 4 15 30 0 4 6 9
30 8 3 20 0 5 8 12
21 4 6 25 0 6 10 15
27 8 9 30 0 1 12 18
33 12 12 35 0 2 2 6
39 16 3 25 0 3 4 9
30 5 6 30 0 4 6 12
36 9 9 20 0 5 8 3
27 4 12 25 0 6 10 6
33 8 15 30 0 1 12 9
39 12 3 35 0 2 2 12
30 4 6 40 0 3 4 15
36 8 9 30 0 4 6 3
27 4 12 35 0 5 8 6
33 8 3 25 0 6 10 9
39 12 6 30 0 1 12 12
45 16 9 35 0 2 2 3
36 5 12 40 0 3 4 6
42 9 3 30 0 4 6 9
33 4 6 35 0 5 8 12
39 8 9 25 0 6 10 3
45 12 12 30 0 1 12 6
51 16 3 35 0 2 2 9
42 5 6 40 0 3 4 12
48 9 9 30 0 4 6 3
39 4 12 35 0 5 8 6
45 8 3 25 0 6 10 9
51 12 6 30 0 1 12 12
57 16 9 35 0 2 2 3
48 5 12 40 0 3 4 6
39 4 15 45 0 4 6 9
45 8 3 35 0 5 8 12
36 4 6 40 0 6 10 15
42 8 9 45 0 1 12 18
48 12 12 50 0 2 2 6
54 16 3 40 0 3 4 9
45 5 6 45 0 4 6 12
51 9 9 35 0 5 8 3
42 4 12 40 0 6 10 6
48 8 15 45 0 1 12 9
54 12 3 50 0 2 2 12
45 4 6 55 0 3 4 15
51 8 9 45 0 4 6 3
42 4 12 50 0 5 8 6
48 8 3 40 0 6 10 9
54 12 6 45 0 1 12 12
60 16 9 50 0 2 2 3
51 5 12 55 0 3 4 6
57 9 3 45 0 4 6 9
48 4 6 50 0 5 8 12
54 8 9 40 0 6 10 3
60 12 12 45 0 1 12 6
66 16 3 50 0 2 2 9
57 5 6 55 0 3 4 12
63 9 9 45 0 4 6 3
54 4 12 50 0 5 8 6
60 8 3 40 0 6 10 9
66 12 6 45 0 1 12 12
72 16 9 50 0 2 2 3
63 5 12 55 0 3 4 6
54 4 15 60 0 4 6 9
60 8 3 50 0 5 8 12
51 4 6 55 0 6 10 15
57 8 9 60 0 1 12 18
63 12 12 65 0 2 2 6
69 16 3 55 0 3 4 9
60 5 6 60 0 4 6 12
66 9 9 50 0 5 8 3
*
waitingTimeCarsGone
352
12
381
336
337
44
151
168
113
33
78
108
96
30
30
24
5
*
waitingTimeCarsLeft
0
20
0
17
17
14
0
12
11
11
0
11
8
5
