8
3 3 0 8 0 3 4 3
15
89
2090
20176
4238.333
334
33
-1924.211
carsInLane
3 3 0 8 0 3 4 3
6 6 0 8 0 6 8 3
9 3 0 16 0 3 12 6
12 6 0 9 0 6 16 3
15 9 0 17 0 9 5 3
3 3 0 25 0 12 9 6
6 6 0 18 0 15 13 3
9 3 0 26 0 3 17 6
12 6 0 19 0 6 21 3
15 9 0 27 0 9 10 6
3 12 0 35 0 12 14 9
6 15 0 28 0 15 18 3
9 18 0 21 0 18 22 3
12 6 0 29 0 6 26 6
15 9 0 22 0 9 30 3
18 12 0 30 0 12 19 3
21 15 0 23 0 15 23 3
9 3 0 31 0 18 27 6
12 6 0 39 0 21 16 9
15 9 0 47 0 9 20 12
18 12 0 40 0 12 24 3
21 15 0 33 0 15 28 3
24 18 0 26 0 18 32 3
12 6 0 34 0 21 36 6
15 9 0 42 0 24 25 3
18 12 0 35 0 27 29 3
21 3 0 43 0 15 33 6
24 6 0 51 0 18 22 9
12 9 0 59 0 21 26 12
15 12 0 52 0 24 30 3
18 15 0 45 0 27 34 3
21 18 0 38 0 30 38 3
24 6 0 46 0 18 42 6
27 9 0 39 0 21 46 3
30 12 0 47 0 24 35 3
33 15 0 40 0 27 39 3
36 18 0 48 0 30 28 6
24 21 0 56 0 33 32 9
27 24 0 49 0 36 36 3
30 12 0 57 0 24 40 6
33 15 0 50 0 27 44 3
36 18 0 43 0 30 48 3
24 6 0 51 0 33 52 6
27 9 0 59 0 36 41 3
30 12 0 52 0 39 45 3
33 15 0 60 0 42 34 6
36 18 0 68 0 30 38 9
39 21 0 61 0 33 42 3
42 24 0 54 0 36 46 3
30 12 0 62 0 39 50 6
33 15 0 55 0 42 54 3
36 18 0 48 0 45 58 3
39 6 0 56 0 33 62 6
42 9 0 64 0 36 51 3
45 12 0 57 0 39 55 6
33 15 0 65 0 42 59 9
36 18 0 58 0 45 63 3
39 21 0 66 0 48 52 3
42 9 0 74 0 36 56 6
45 12 0 67 0 39 60 3
48 15 0 60 0 42 64 3
51 18 0 68 0 45 53 3
54 21 0 61 0 48 57 3
57 24 0 69 0 51 46 6
45 27 0 77 0 54 50 9
48 30 0 70 0 57 54 3
51 18 0 78 0 45 58 6
54 21 0 71 0 48 62 3
42 9 0 79 0 51 66 6
45 12 0 72 0 54 70 3
48 15 0 65 0 57 74 3
51 18 0 73 0 60 63 3
54 21 0 66 0 63 67 6
57 24 0 74 0 51 71 9
60 27 0 67 0 54 75 3
48 15 0 75 0 57 79 6
51 18 0 83 0 60 68 3
54 21 0 76 0 63 72 3
57 9 0 84 0 51 76 6
60 12 0 77 0 54 80 3
63 15 0 85 0 57 69 3
66 18 0 78 0 60 73 6
54 21 0 86 0 63 77 9
57 24 0 79 0 66 81 3
60 12 0 87 0 54 85 6
63 15 0 80 0 57 89 3
66 18 0 88 0 60 78 3
69 21 0 81 0 63 82 3
57 9 0 89 0 66 86 6
60 12 0 82 0 69 90 3
63 15 0 90 0 72 79 6
66 18 0 98 0 60 83 9
69 21 0 91 0 63 87 3
72 24 0 84 0 66 91 3
60 12 0 92 0 69 95 6
63 15 0 100 0 72 84 3
66 18 0 93 0 75 88 3
69 21 0 86 0 78 92 3
72 9 0 94 0 66 96 6
75 12 0 102 0 69 85 9
63 15 0 110 0 72 89 12
*
waitingTimeCarsGone
219
21
154
136
143
86
115
108
154
125
38
93
117
61
69
39
41
40
26
12
22
29
23
19
31
32
19
27
37
26
10
9
6
3
*
waitingTimeCarsLeft
0
21
0
21
21
21
21
0
18
18
18
18
0
18
18
17
0
10
10
10
0
10
10
10
0
10
10
10
0
7
4
3
