6
2 4 5 0 3 6 4 0
15
101
2353
7269.67
254.6667
71
carsInLane
2 4 5 0 3 6 4 0
4 4 10 0 6 6 8 0
6 8 5 0 9 12 4 0
8 12 10 0 3 6 8 0
2 4 15 0 6 12 12 0
4 8 5 0 9 18 4 0
6 12 10 0 3 9 8 0
8 16 15 0 6 15 12 0
10 5 20 0 9 6 16 0
12 9 10 0 12 12 5 0
2 13 15 0 3 18 9 0
4 4 20 0 6 9 13 0
6 8 10 0 9 15 4 0
8 12 15 0 3 6 8 0
10 16 20 0 6 12 12 0
12 20 10 0 9 18 4 0
14 9 15 0 12 9 8 0
2 13 20 0 3 15 12 0
4 17 10 0 6 21 4 0
6 6 15 0 9 12 8 0
8 10 5 0 12 18 4 0
10 14 10 0 15 24 8 0
12 18 15 0 3 15 12 0
14 7 20 0 6 6 16 0
2 11 25 0 3 12 20 0
4 15 15 0 6 18 9 0
6 4 20 0 9 9 13 0
8 8 10 0 12 15 4 0
10 12 15 0 15 21 8 0
12 16 20 0 3 12 12 0
14 20 10 0 6 18 4 0
2 9 15 0 9 24 8 0
4 4 20 0 12 15 12 0
6 8 10 0 15 21 4 0
8 12 15 0 3 12 8 0
10 16 20 0 6 18 12 0
12 5 25 0 9 9 16 0
14 9 15 0 12 15 5 0
2 13 20 0 3 21 9 0
4 4 25 0 6 12 13 0
6 8 15 0 9 18 4 0
8 12 20 0 3 9 8 0
10 16 25 0 6 15 12 0
12 20 15 0 9 21 4 0
14 9 20 0 12 12 8 0
2 13 25 0 3 18 12 0
4 17 15 0 6 24 4 0
6 6 20 0 9 15 8 0
8 10 10 0 12 21 4 0
10 14 15 0 15 27 8 0
12 18 20 0 3 18 12 0
14 7 25 0 6 9 16 0
2 11 30 0 3 15 20 0
4 15 20 0 6 21 9 0
6 4 25 0 9 12 13 0
8 8 15 0 12 18 4 0
10 12 20 0 15 24 8 0
12 16 25 0 3 15 12 0
14 20 15 0 6 21 4 0
2 9 20 0 9 27 8 0
4 4 25 0 12 18 12 0
6 8 15 0 15 24 4 0
8 12 20 0 3 15 8 0
10 16 25 0 6 21 12 0
12 5 30 0 9 12 16 0
14 9 20 0 12 18 5 0
2 13 25 0 3 24 9 0
4 4 30 0 6 15 13 0
6 8 20 0 9 21 4 0
8 12 25 0 3 12 8 0
10 16 30 0 6 18 12 0
12 20 20 0 9 24 4 0
14 9 25 0 12 15 8 0
2 13 30 0 3 21 12 0
4 17 20 0 6 27 4 0
6 6 25 0 9 18 8 0
8 10 15 0 12 24 4 0
10 14 20 0 15 30 8 0
12 18 25 0 3 21 12 0
14 7 30 0 6 12 16 0
2 11 35 0 3 18 20 0
4 15 25 0 6 24 9 0
6 4 30 0 9 15 13 0
8 8 20 0 12 21 4 0
10 12 25 0 15 27 8 0
12 16 30 0 3 18 12 0
14 20 20 0 6 24 4 0
2 9 25 0 9 30 8 0
4 4 30 0 12 21 12 0
6 8 20 0 15 27 4 0
8 12 25 0 3 18 8 0
10 16 30 0 6 24 12 0
12 20 20 0 9 30 4 0
14 9 25 0 12 21 8 0
2 13 30 0 3 27 12 0
4 17 20 0 6 33 4 0
6 6 25 0 9 24 8 0
8 10 15 0 12 30 4 0
10 14 20 0 15 36 8 0
12 18 25 0 3 27 12 0
14 7 30 0 6 18 16 0
*
waitingTimeCarsGone
352
0
537
605
473
0
263
92
31
*
waitingTimeCarsLeft
0
19
0
18
15
9
0
5
5
