8
4 3 1 3 5 1 4 3
15
101
2379
6515.666
104
45
carsInLane
4 3 1 3 5 1 4 3
4 6 2 6 5 2 8 6
8 9 3 9 10 3 4 3
4 12 4 12 5 4 8 6
8 15 5 3 10 5 12 3
4 3 6 6 15 6 16 6
8 6 1 9 20 7 5 9
4 9 2 12 10 8 9 12
8 12 3 3 15 9 13 3
12 3 4 6 20 1 17 6
4 6 5 9 10 2 21 9
8 9 6 12 15 3 10 3
4 12 7 15 5 4 14 6
8 15 1 3 10 5 18 9
12 18 2 6 15 6 7 3
4 6 3 9 20 7 11 6
8 9 4 12 10 1 15 9
12 12 5 15 15 2 4 3
4 15 6 18 5 3 8 6
8 18 7 6 10 4 12 3
4 6 8 9 15 5 16 6
8 9 1 12 20 6 5 9
4 12 2 15 10 7 9 12
8 15 3 3 15 8 13 3
4 18 4 6 5 9 17 6
8 6 5 9 10 1 21 9
12 9 6 12 15 2 10 3
4 12 7 15 5 3 14 6
8 15 1 3 10 4 18 9
12 18 2 6 15 5 7 3
4 6 3 9 20 6 11 6
8 9 4 12 10 1 15 9
12 12 5 15 15 2 4 3
4 15 6 18 5 3 8 6
8 18 7 6 10 4 12 3
4 6 8 9 15 5 16 6
8 9 1 12 20 6 5 9
4 12 2 15 10 7 9 12
8 15 3 3 15 8 13 3
4 18 4 6 5 9 17 6
8 6 5 9 10 1 21 9
12 9 6 12 15 2 10 3
4 12 7 15 5 3 14 6
8 15 1 3 10 4 18 9
12 18 2 6 15 5 7 3
4 6 3 9 20 6 11 6
8 9 4 12 10 1 15 9
12 12 5 15 15 2 4 3
4 15 6 18 5 3 8 6
8 18 7 6 10 4 12 3
4 6 8 9 15 5 16 6
8 9 1 12 20 6 5 9
4 12 2 15 10 7 9 12
8 15 3 3 15 8 13 3
4 18 4 6 5 9 17 6
8 6 5 9 10 1 21 9
12 9 6 12 15 2 10 3
4 12 7 15 5 3 14 6
8 15 1 3 10 4 18 9
12 18 2 6 15 5 7 3
4 6 3 9 20 6 11 6
8 9 4 12 10 1 15 9
12 12 5 15 15 2 4 3
4 15 6 18 5 3 8 6
8 18 7 6 10 4 12 3
4 6 8 9 15 5 16 6
8 9 1 12 20 6 5 9
4 12 2 15 10 7 9 12
8 15 3 3 15 8 13 3
4 18 4 6 5 9 17 6
8 6 5 9 10 1 21 9
12 9 6 12 15 2 10 3
4 12 7 15 5 3 14 6
8 15 1 3 10 4 18 9
12 18 2 6 15 5 7 3
4 6 3 9 20 6 11 6
8 9 4 12 10 1 15 9
12 12 5 15 15 2 4 3
4 15 6 18 5 3 8 6
8 18 7 6 10 4 12 3
4 6 8 9 15 5 16 6
8 9 1 12 20 6 5 9
4 12 2 15 10 7 9 12
8 15 3 3 15 8 13 3
4 18 4 6 5 9 17 6
8 6 5 9 10 1 21 9
12 9 6 12 15 2 10 3
4 12 7 15 5 3 14 6
8 15 1 3 10 4 18 9
12 18 2 6 15 5 7 3
4 6 3 9 20 6 11 6
8 9 4 12 10 1 15 9
12 12 5 15 15 2 4 3
4 15 6 18 5 3 8 6
8 18 7 6 10 4 12 3
4 6 8 9 15 5 16 6
8 9 1 12 20 6 5 9
4 12 2 15 10 7 9 12
8 15 3 3 15 8 13 3
4 18 4 6 5 9 17 6
8 6 5 9 10 1 21 9
*
waitingTimeCarsGone
495
0
667
560
335
0
177
105
20
0
13
7
*
waitingTimeCarsLeft
0
21
0
18
4
1
0
1
