10
4 3 3 3 2 4 4 1
15
101
2382
6202.007
102.6667
42
carsInLane
4 3 3 3 2 4 4 1
8 3 6 6 4 4 8 2
12 6 3 9 6 8 4 3
4 9 6 12 2 12 8 4
8 3 9 15 4 4 12 5
12 6 3 3 6 8 16 6
16 9 6 6 8 12 5 1
5 3 9 9 10 16 9 2
9 6 12 12 2 5 13 3
13 9 3 15 4 9 4 4
4 3 6 18 6 13 8 5
8 6 3 6 8 17 12 6
12 9 6 9 2 6 16 7
16 12 9 12 4 10 5 1
5 3 12 15 6 14 9 2
9 6 3 3 8 18 13 3
13 9 6 6 2 7 17 4
17 12 3 9 4 11 6 5
6 3 6 12 6 15 10 6
10 6 9 15 2 4 14 7
14 9 3 3 4 8 18 8
18 12 6 6 6 12 7 1
7 3 9 9 8 16 11 2
11 6 12 12 2 5 15 3
15 9 3 15 4 9 4 4
4 3 6 18 6 13 8 5
8 6 3 6 8 17 12 6
12 9 6 9 2 6 16 7
16 12 9 12 4 10 5 1
5 3 12 15 6 14 9 2
9 6 3 3 8 18 13 3
13 9 6 6 2 7 17 4
17 12 3 9 4 11 6 5
6 3 6 12 6 15 10 6
10 6 9 15 2 4 14 7
14 9 3 3 4 8 18 8
18 12 6 6 6 12 7 1
7 3 9 9 8 16 11 2
11 6 12 12 2 5 15 3
15 9 3 15 4 9 4 4
4 3 6 18 6 13 8 5
8 6 3 6 8 17 12 6
12 9 6 9 2 6 16 7
16 12 9 12 4 10 5 1
5 3 12 15 6 14 9 2
9 6 3 3 8 18 13 3
13 9 6 6 2 7 17 4
17 12 3 9 4 11 6 5
6 3 6 12 6 15 10 6
10 6 9 15 2 4 14 7
14 9 3 3 4 8 18 8
18 12 6 6 6 12 7 1
7 3 9 9 8 16 11 2
11 6 12 12 2 5 15 3
15 9 3 15 4 9 4 4
4 3 6 18 6 13 8 5
8 6 3 6 8 17 12 6
12 9 6 9 2 6 16 7
16 12 9 12 4 10 5 1
5 3 12 15 6 14 9 2
9 6 3 3 8 18 13 3
13 9 6 6 2 7 17 4
17 12 3 9 4 11 6 5
6 3 6 12 6 15 10 6
10 6 9 15 2 4 14 7
14 9 3 3 4 8 18 8
18 12 6 6 6 12 7 1
7 3 9 9 8 16 11 2
11 6 12 12 2 5 15 3
15 9 3 15 4 9 4 4
4 3 6 18 6 13 8 5
8 6 3 6 8 17 12 6
12 9 6 9 2 6 16 7
16 12 9 12 4 10 5 1
5 3 12 15 6 14 9 2
9 6 3 3 8 18 13 3
13 9 6 6 2 7 17 4
17 12 3 9 4 11 6 5
6 3 6 12 6 15 10 6
10 6 9 15 2 4 14 7
14 9 3 3 4 8 18 8
18 12 6 6 6 12 7 1
7 3 9 9 8 16 11 2
11 6 12 12 2 5 15 3
15 9 3 15 4 9 4 4
4 3 6 18 6 13 8 5
8 6 3 6 8 17 12 6
12 9 6 9 2 6 16 7
16 12 9 12 4 10 5 1
5 3 12 15 6 14 9 2
9 6 3 3 8 18 13 3
13 9 6 6 2 7 17 4
17 12 3 9 4 11 6 5
6 3 6 12 6 15 10 6
10 6 9 15 2 4 14 7
14 9 3 3 4 8 18 8
18 12 6 6 6 12 7 1
7 3 9 9 8 16 11 2
11 6 12 12 2 5 15 3
15 9 3 15 4 9 4 4
4 3 6 18 6 13 8 5
*
waitingTimeCarsGone
503
0
628
582
488
0
129
34
12
0
6
*
waitingTimeCarsLeft
0
21
0
11
7
2
0
1
