100
4 5 2 7 2 0 3 1
15
101
2194
15351.34
2300
230
36.33334
carsInLane
4 5 2 7 2 0 3 1
4 5 4 14 4 0 6 2
8 10 2 7 6 0 9 3
4 5 4 14 8 0 12 4
8 10 6 7 10 0 15 1
12 15 2 14 12 0 3 2
4 5 4 21 14 0 6 3
8 10 2 13 16 0 9 4
4 15 4 20 3 0 12 5
8 20 6 12 5 0 15 1
4 10 8 19 7 0 18 2
8 15 2 11 9 0 21 3
12 20 4 18 11 0 9 1
4 10 6 25 13 0 12 2
8 15 2 17 15 0 15 3
4 20 4 24 2 0 18 4
8 25 6 16 4 0 21 1
4 15 8 23 6 0 24 2
8 20 2 30 8 0 12 3
12 25 4 22 10 0 15 1
4 15 6 29 12 0 18 2
8 20 2 21 14 0 21 3
4 10 4 28 16 0 24 4
8 15 6 20 18 0 27 1
12 20 2 27 20 0 15 2
4 25 4 34 7 0 18 3
8 30 2 26 9 0 21 4
4 20 4 33 11 0 24 5
8 25 6 25 13 0 27 1
12 30 2 32 15 0 15 2
4 20 4 39 17 0 18 3
8 25 2 31 19 0 21 4
12 30 4 23 21 0 24 1
4 20 6 30 23 0 27 2
8 25 2 22 25 0 30 3
4 30 4 29 12 0 33 4
8 35 2 36 14 0 21 5
4 25 4 43 16 0 24 6
8 30 6 35 18 0 27 1
12 35 2 27 20 0 30 2
4 25 4 34 22 0 33 3
8 30 2 26 24 0 36 4
12 35 4 33 26 0 24 1
4 25 6 40 28 0 27 2
8 30 2 32 30 0 30 3
4 35 4 39 17 0 33 4
8 40 6 31 19 0 36 1
4 30 8 38 21 0 39 2
8 35 2 45 23 0 27 3
12 40 4 37 25 0 30 1
4 30 6 44 27 0 33 2
8 35 2 36 29 0 36 3
4 25 4 43 31 0 39 4
8 30 6 35 33 0 42 1
12 35 2 42 35 0 30 2
4 40 4 49 22 0 33 3
8 45 2 41 24 0 36 4
4 35 4 48 26 0 39 5
8 40 6 40 28 0 42 1
12 45 2 47 30 0 30 2
4 35 4 54 32 0 33 3
8 40 2 46 34 0 36 4
12 45 4 38 36 0 39 1
4 35 6 45 38 0 42 2
8 40 2 37 40 0 45 3
4 45 4 44 27 0 48 4
8 50 2 51 29 0 36 5
4 40 4 58 31 0 39 6
8 45 6 50 33 0 42 1
12 50 2 42 35 0 45 2
4 40 4 49 37 0 48 3
8 45 2 41 39 0 51 4
12 50 4 48 41 0 39 1
4 40 6 55 43 0 42 2
8 45 2 47 45 0 45 3
4 50 4 54 32 0 48 4
8 55 6 46 34 0 51 1
4 45 8 53 36 0 54 2
8 50 2 60 38 0 42 3
12 55 4 52 40 0 45 1
4 45 6 59 42 0 48 2
8 50 2 51 44 0 51 3
4 40 4 58 46 0 54 4
8 45 6 50 48 0 57 1
12 50 2 57 50 0 45 2
4 55 4 64 37 0 48 3
8 60 2 56 39 0 51 4
4 50 4 63 41 0 54 5
8 55 6 55 43 0 57 1
12 60 2 62 45 0 45 2
4 50 4 69 47 0 48 3
8 55 2 61 49 0 51 4
12 60 4 53 51 0 54 1
4 50 6 60 53 0 57 2
8 55 2 52 55 0 60 3
4 60 4 59 42 0 63 4
8 65 2 66 44 0 51 5
4 55 4 73 46 0 54 6
8 60 6 65 48 0 57 1
12 65 2 57 50 0 60 2
4 55 4 64 52 0 63 3
*
waitingTimeCarsGone
300
0
332
257
163
0
164
159
159
0
149
119
82
0
59
46
31
0
21
21
21
0
21
18
16
0
11
11
8
0
7
6
6
0
4
2
1
*
waitingTimeCarsLeft
0
24
0
20
18
17
0
17
17
17
0
17
17
11
0
10
5
5
0
5
5
5
0
5
5
4
0
3
3
