7
2 2 3 0 4 6 4 3
15
101
2388
5780
84
36
9.666666
carsInLane
2 2 3 0 4 6 4 3
4 4 6 0 4 6 8 6
6 6 3 0 8 12 4 9
8 8 6 0 4 6 8 12
10 10 9 0 8 12 4 3
12 2 12 0 12 6 8 6
2 4 15 0 4 12 12 9
4 6 3 0 8 18 4 12
6 8 6 0 12 24 8 3
8 10 9 0 4 15 12 6
10 2 12 0 8 6 16 9
12 4 3 0 12 12 5 12
2 6 6 0 4 18 9 15
4 2 9 0 8 9 13 18
6 4 12 0 12 15 4 6
8 6 15 0 4 6 8 9
10 8 3 0 8 12 12 12
12 10 6 0 12 18 4 3
14 12 9 0 4 9 8 6
2 2 12 0 8 15 12 9
4 4 3 0 12 21 4 12
6 6 6 0 4 12 8 15
8 8 9 0 8 18 4 3
10 2 12 0 12 9 8 6
12 4 3 0 16 15 12 9
14 6 6 0 5 6 16 12
16 8 9 0 9 12 5 3
3 2 12 0 13 18 9 6
5 4 15 0 4 9 13 9
7 6 3 0 8 15 4 12
9 8 6 0 4 6 8 15
11 10 9 0 8 12 4 3
13 12 3 0 12 18 8 6
15 2 6 0 16 9 12 9
2 4 9 0 5 15 16 12
4 6 12 0 9 21 5 3
6 8 15 0 4 12 9 6
8 10 3 0 8 18 4 9
10 2 6 0 12 9 8 12
2 4 9 0 4 15 12 15
4 6 12 0 8 21 16 3
6 8 15 0 4 12 20 6
8 10 3 0 8 18 9 9
10 2 6 0 12 9 13 12
12 4 9 0 16 15 4 3
14 6 12 0 5 6 8 6
16 8 3 0 9 12 4 9
3 2 6 0 13 18 8 12
5 4 9 0 17 24 12 3
7 6 12 0 6 15 16 6
9 8 3 0 10 21 5 9
11 10 6 0 4 12 9 12
13 2 9 0 8 6 13 15
15 4 12 0 12 12 4 3
2 6 15 0 4 18 8 6
4 2 18 0 8 9 12 9
6 4 6 0 12 15 16 12
8 6 9 0 16 21 5 3
10 8 12 0 5 12 9 6
12 10 3 0 9 18 4 9
14 2 6 0 13 9 8 12
2 4 9 0 4 15 12 15
4 6 12 0 8 21 4 3
6 8 15 0 4 12 8 6
8 10 3 0 8 18 12 9
10 2 6 0 12 9 16 12
12 4 9 0 16 15 5 3
14 6 12 0 5 6 9 6
16 8 3 0 9 12 4 9
3 2 6 0 13 18 8 12
5 4 9 0 4 9 12 15
7 6 12 0 8 15 4 3
9 8 3 0 12 21 8 6
11 10 6 0 4 12 12 9
13 2 9 0 8 6 16 12
15 4 12 0 12 12 5 3
2 6 15 0 4 18 9 6
4 2 18 0 8 9 13 9
6 4 6 0 12 15 4 12
8 6 9 0 4 6 8 15
10 8 12 0 8 12 12 3
12 10 3 0 12 18 4 6
14 12 6 0 4 9 8 9
2 2 9 0 8 15 12 12
4 4 12 0 12 21 4 3
6 6 15 0 4 12 8 6
8 8 3 0 8 18 4 9
10 2 6 0 12 9 8 12
12 4 9 0 16 15 12 3
14 6 12 0 5 6 16 6
16 8 3 0 9 12 5 9
3 2 6 0 13 18 9 12
5 4 9 0 4 9 13 15
7 6 12 0 8 15 4 3
9 8 15 0 4 6 8 6
11 10 3 0 8 12 4 9
13 12 6 0 12 18 8 3
15 2 9 0 16 9 12 6
2 4 12 0 5 15 16 9
4 6 3 0 9 21 5 12
6 8 6 0 4 12 9 15
*
waitingTimeCarsGone
577
0
709
594
314
0
117
43
22
0
12
*
waitingTimeCarsLeft
0
17
0
13
4
2
