6
3 3 3 1 3 4 3 4
15
101
2382
6048.676
109.3333
42
carsInLane
3 3 3 1 3 4 3 4
6 3 6 2 6 4 6 8
9 6 9 3 9 8 3 4
3 9 12 4 3 12 6 8
6 3 15 5 6 4 9 12
9 6 3 6 9 8 3 16
12 9 6 1 12 12 6 5
3 12 9 2 3 16 9 9
6 3 12 3 6 5 12 13
9 6 15 4 9 9 3 4
12 9 3 1 12 13 6 8
15 12 6 2 3 4 9 12
3 3 9 3 6 8 12 16
6 6 12 4 9 12 3 5
9 9 15 5 3 4 6 9
12 12 3 6 6 8 3 13
3 3 6 7 9 12 6 17
6 6 9 1 12 16 9 6
9 9 12 2 3 5 12 10
12 12 3 3 6 9 3 14
3 3 6 4 9 13 6 18
6 6 9 5 12 17 3 7
9 9 12 6 3 6 6 11
12 12 3 7 6 10 3 15
15 15 6 1 9 14 6 4
3 3 9 2 12 18 9 8
6 6 12 3 3 7 12 12
9 9 3 4 6 11 3 16
12 3 6 5 9 4 6 20
15 6 9 6 12 8 3 9
3 9 12 7 3 12 6 13
6 12 3 1 6 16 9 17
9 3 6 2 9 5 12 21
12 6 9 3 12 9 3 10
3 9 12 4 3 13 6 14
6 3 15 5 6 4 9 18
9 6 18 6 9 8 3 7
12 9 6 1 12 12 6 11
3 12 9 2 3 16 9 15
6 3 12 3 6 5 12 19
9 6 15 4 9 9 3 8
12 9 3 1 12 13 6 12
15 12 6 2 3 4 9 16
3 3 9 3 6 8 12 20
6 6 12 4 9 12 3 9
9 9 15 5 3 4 6 13
12 12 3 6 6 8 3 17
3 3 6 7 9 12 6 21
6 6 9 1 12 16 9 10
9 9 12 2 3 5 12 14
12 12 15 3 6 9 3 4
3 3 18 4 9 13 6 8
6 6 6 5 12 17 3 12
9 9 9 6 3 6 6 16
12 12 12 1 6 10 9 5
3 3 15 2 9 14 12 9
6 6 3 3 12 18 3 13
9 9 6 4 3 7 6 17
12 12 9 5 6 11 3 6
3 3 12 6 9 15 6 10
6 6 15 7 3 4 9 14
9 9 3 1 6 8 12 18
12 12 6 2 9 12 3 7
15 3 9 3 12 4 6 11
3 6 12 4 3 8 9 15
6 9 15 5 6 12 3 4
9 3 18 6 9 4 6 8
12 6 6 7 12 8 3 12
15 9 9 1 15 12 6 4
3 12 12 2 3 16 9 8
6 3 15 3 6 5 12 12
9 6 3 4 9 9 3 16
12 9 6 1 12 13 6 5
15 12 9 2 3 4 9 9
3 3 12 3 6 8 12 13
6 6 15 4 9 12 3 4
9 9 18 5 3 4 6 8
12 12 6 6 6 8 3 12
3 3 9 7 9 12 6 16
6 6 12 1 12 16 9 5
9 9 15 2 3 5 12 9
12 12 3 3 6 9 3 13
3 3 6 4 9 13 6 17
6 6 9 5 12 17 3 6
9 9 12 6 3 6 6 10
12 12 3 7 6 10 3 14
15 15 6 1 9 14 6 4
3 3 9 2 12 18 9 8
6 6 12 3 3 7 12 12
9 9 3 4 6 11 3 16
12 3 6 5 9 4 6 20
15 6 9 6 12 8 3 9
3 9 12 7 3 12 6 13
6 12 3 1 6 16 9 17
9 3 6 2 9 5 12 21
12 6 9 3 12 9 3 10
3 9 12 4 3 13 6 14
6 3 15 5 6 4 9 18
9 6 18 6 9 8 3 7
12 9 6 1 12 12 6 11
3 12 9 2 3 16 9 15
*
waitingTimeCarsGone
541
0
615
579
469
0
138
31
9
*
waitingTimeCarsLeft
0
18
0
11
10
3
