2
3 3 0 8 0 3 4 3
15
101
1946
19339.35
15556
478
72.33333
-1347.242
carsInLane
3 3 0 8 0 3 4 3
6 6 0 8 0 6 8 3
9 3 0 16 0 3 12 6
3 6 0 24 0 6 16 9
6 9 0 32 0 9 5 12
9 12 0 25 0 12 9 3
12 3 0 33 0 3 13 6
3 6 0 41 0 6 17 9
6 9 0 49 0 9 6 12
9 12 0 42 0 12 10 3
12 3 0 50 0 3 14 6
3 6 0 58 0 6 18 9
6 9 0 66 0 9 7 12
9 12 0 59 0 12 11 3
12 3 0 67 0 3 15 6
3 6 0 75 0 6 19 9
6 9 0 83 0 9 8 12
9 12 0 76 0 12 12 3
12 3 0 84 0 3 16 6
3 6 0 92 0 6 20 9
6 9 0 100 0 9 9 12
9 12 0 93 0 12 13 3
12 3 0 101 0 3 17 6
3 6 0 109 0 6 21 9
6 9 0 117 0 9 10 12
9 12 0 110 0 12 14 3
12 3 0 118 0 3 18 6
3 6 0 126 0 6 22 9
6 9 0 134 0 9 11 12
9 12 0 127 0 12 15 3
12 3 0 135 0 3 19 6
3 6 0 143 0 6 23 9
6 9 0 151 0 9 12 12
9 12 0 144 0 12 16 3
12 3 0 152 0 3 20 6
3 6 0 160 0 6 24 9
6 9 0 168 0 9 13 12
9 12 0 161 0 12 17 3
12 3 0 169 0 3 21 6
3 6 0 177 0 6 25 9
6 9 0 185 0 9 14 12
9 12 0 178 0 12 18 3
12 3 0 186 0 3 22 6
3 6 0 194 0 6 26 9
6 9 0 202 0 9 15 12
9 12 0 195 0 12 19 3
12 3 0 203 0 3 23 6
3 6 0 211 0 6 27 9
6 9 0 219 0 9 16 12
9 12 0 212 0 12 20 3
12 3 0 220 0 3 24 6
3 6 0 228 0 6 28 9
6 9 0 236 0 9 17 12
9 12 0 229 0 12 21 3
12 3 0 237 0 3 25 6
3 6 0 245 0 6 29 9
6 9 0 253 0 9 18 12
9 12 0 246 0 12 22 3
12 3 0 254 0 3 26 6
3 6 0 262 0 6 30 9
6 9 0 270 0 9 19 12
9 12 0 263 0 12 23 3
12 3 0 271 0 3 27 6
3 6 0 279 0 6 31 9
6 9 0 287 0 9 20 12
9 12 0 280 0 12 24 3
12 3 0 288 0 3 28 6
3 6 0 296 0 6 32 9
6 9 0 304 0 9 21 12
9 12 0 297 0 12 25 3
12 3 0 305 0 3 29 6
3 6 0 313 0 6 33 9
6 9 0 321 0 9 22 12
9 12 0 314 0 12 26 3
12 3 0 322 0 3 30 6
3 6 0 330 0 6 34 9
6 9 0 338 0 9 23 12
9 12 0 331 0 12 27 3
12 3 0 339 0 3 31 6
3 6 0 347 0 6 35 9
6 9 0 355 0 9 24 12
9 12 0 348 0 12 28 3
12 3 0 356 0 3 32 6
3 6 0 364 0 6 36 9
6 9 0 372 0 9 25 12
9 12 0 365 0 12 29 3
12 3 0 373 0 3 33 6
3 6 0 381 0 6 37 9
6 9 0 389 0 9 26 12
9 12 0 382 0 12 30 3
12 3 0 390 0 3 34 6
3 6 0 398 0 6 38 9
6 9 0 406 0 9 27 12
9 12 0 399 0 12 31 3
12 3 0 407 0 3 35 6
3 6 0 415 0 6 39 9
6 9 0 423 0 9 28 12
9 12 0 416 0 12 32 3
12 3 0 424 0 3 36 6
3 6 0 432 0 6 40 9
6 9 0 440 0 9 29 12
*
waitingTimeCarsGone
317
0
322
339
353
0
66
68
63
0
50
32
18
0
6
8
6
0
8
6
8
0
6
8
7
0
7
8
6
0
8
6
8
0
6
8
6
0
8
6
8
0
6
8
6
0
8
7
7
0
8
6
8
0
6
8
6
0
8
6
8
0
6
8
6
0
8
6
8
0
7
7
8
*
waitingTimeCarsLeft
0
21
0
21
18
12
0
12
12
12
0
9
8
8
0
8
8
8
0
8
8
8
0
8
8
8
0
8
8
8
0
8
8
8
0
8
8
8
0
8
8
8
0
8
8
8
0
8
8
8
0
8
8
8
0
8
8
8
0
8
8
8
0
8
8
8
0
8
8
8
0
8
1
