4
3 4 3 2 6 2 2 2
15
101
2288
11218.66
carsInLane
3 4 3 2 6 2 2 2
3 8 6 4 6 4 4 4
6 4 9 6 12 2 6 6
3 8 12 8 6 4 8 8
6 12 3 10 12 6 2 10
9 16 6 2 18 8 4 2
3 20 9 4 9 10 6 4
6 9 12 6 15 2 8 6
3 13 15 8 6 4 10 8
6 17 3 10 12 6 2 10
9 21 6 2 18 8 4 2
3 10 9 4 24 10 6 4
6 14 12 6 15 2 8 6
3 18 15 8 6 4 10 8
6 22 3 10 12 6 2 10
9 26 6 2 18 8 4 2
12 15 9 4 24 2 6 4
3 19 12 6 15 4 8 6
6 8 15 8 21 2 10 8
9 12 3 10 27 4 2 10
12 16 6 2 33 6 4 2
3 20 9 4 24 8 6 4
6 24 12 6 15 2 8 6
3 13 15 8 21 4 10 8
6 17 3 10 27 6 2 10
9 21 6 2 33 8 4 2
3 25 9 4 24 10 6 4
6 14 12 6 30 2 8 6
3 18 15 8 21 4 10 8
6 22 3 10 27 6 2 10
9 26 6 2 33 8 4 2
3 30 9 4 24 10 6 4
6 19 12 6 30 2 8 6
3 23 15 8 21 4 10 8
6 27 3 10 27 6 2 10
9 31 6 2 33 8 4 2
3 35 9 4 24 10 6 4
6 24 12 6 30 2 8 6
3 28 15 8 21 4 10 8
6 32 3 10 27 6 2 10
9 36 6 2 33 8 4 2
3 25 9 4 39 10 6 4
6 29 12 6 30 2 8 6
3 33 15 8 21 4 10 8
6 37 3 10 27 6 2 10
9 41 6 2 33 8 4 2
12 30 9 4 39 2 6 4
3 34 12 6 30 4 8 6
6 23 15 8 36 2 10 8
9 27 3 10 42 4 2 10
12 31 6 2 48 6 4 2
3 35 9 4 39 8 6 4
6 39 12 6 30 2 8 6
3 28 15 8 36 4 10 8
6 32 3 10 42 6 2 10
9 36 6 2 48 8 4 2
3 40 9 4 39 10 6 4
6 29 12 6 45 2 8 6
3 33 15 8 36 4 10 8
6 37 3 10 42 6 2 10
9 41 6 2 48 8 4 2
3 45 9 4 39 10 6 4
6 34 12 6 45 2 8 6
3 38 15 8 36 4 10 8
6 42 3 10 42 6 2 10
9 46 6 2 48 8 4 2
3 50 9 4 39 10 6 4
6 39 12 6 45 2 8 6
3 43 15 8 36 4 10 8
6 47 3 10 42 6 2 10
9 51 6 2 48 8 4 2
3 40 9 4 54 10 6 4
6 44 12 6 45 2 8 6
3 48 15 8 36 4 10 8
6 52 3 10 42 6 2 10
9 56 6 2 48 8 4 2
12 45 9 4 54 2 6 4
3 49 12 6 45 4 8 6
6 38 15 8 51 2 10 8
9 42 3 10 57 4 2 10
12 46 6 2 63 6 4 2
3 50 9 4 54 8 6 4
6 54 12 6 45 2 8 6
3 43 15 8 51 4 10 8
6 47 3 10 57 6 2 10
9 51 6 2 63 8 4 2
3 55 9 4 54 10 6 4
6 44 12 6 60 2 8 6
3 48 15 8 51 4 10 8
6 52 3 10 57 6 2 10
9 56 6 2 63 8 4 2
3 60 9 4 54 10 6 4
6 49 12 6 60 2 8 6
3 53 15 8 51 4 10 8
6 57 3 10 57 6 2 10
9 61 6 2 63 8 4 2
3 65 9 4 54 10 6 4
6 54 12 6 60 2 8 6
3 58 15 8 51 4 10 8
6 62 3 10 57 6 2 10
9 66 6 2 63 8 4 2
*
waitingTimeCarsGone
371
0
383
338
327
0
295
94
94
0
91
88
70
0
40
28
25
0
21
12
8
0
3
*
waitingTimeCarsLeft
0
21
0
17
12
12
0
10
10
10
0
10
10
10
0
7
4
3
