8
3 3 3 1 9 2 2 1
15
101
2220
14803.97
2078.667
204
29.66667
carsInLane
3 3 3 1 9 2 2 1
3 6 6 2 9 4 4 2
6 9 9 3 9 2 6 3
3 12 12 4 9 4 8 4
6 15 3 5 18 6 2 5
3 18 6 6 12 8 4 6
6 6 9 7 21 2 6 7
3 9 12 8 15 4 8 8
6 12 3 9 24 6 2 9
9 15 6 1 33 8 4 1
3 18 9 2 27 10 6 2
6 21 12 3 21 2 8 3
3 24 15 4 15 4 10 4
6 12 18 5 24 2 12 5
3 15 21 6 18 4 14 6
6 18 9 7 27 6 2 7
3 21 12 8 21 8 4 8
6 9 15 9 30 2 6 9
9 12 18 1 39 4 8 1
3 15 21 2 33 6 10 2
6 18 24 3 27 2 12 3
9 21 12 4 36 4 2 4
3 24 15 5 30 6 4 5
6 27 18 6 24 2 6 6
3 15 21 7 33 4 8 7
6 18 24 8 27 2 10 8
9 21 12 9 36 4 2 9
12 24 15 1 45 6 4 1
3 27 18 2 39 8 6 2
6 30 21 3 33 2 8 3
3 33 24 4 27 4 10 4
6 21 27 5 36 2 12 5
3 24 30 6 30 4 14 6
6 27 18 7 39 6 2 7
3 30 21 8 33 8 4 8
6 33 24 9 27 2 6 9
9 36 27 1 36 4 8 1
3 39 30 2 30 6 10 2
6 27 33 3 39 2 12 3
3 30 36 4 33 4 14 4
6 33 24 5 42 6 2 5
3 36 27 6 36 8 4 6
6 24 30 7 45 2 6 7
3 27 33 8 39 4 8 8
6 30 36 9 33 2 10 9
9 33 39 1 42 4 12 1
3 36 42 2 36 6 14 2
6 39 30 3 45 8 2 3
9 42 33 4 39 2 4 4
3 30 36 5 48 4 6 5
6 33 39 6 42 2 8 6
3 36 42 7 36 4 10 7
6 39 30 8 45 6 2 8
3 42 33 9 39 8 4 9
6 45 36 1 48 10 6 1
9 48 39 2 42 2 8 2
3 36 42 3 51 4 10 3
6 39 45 4 45 2 12 4
9 42 33 5 54 4 2 5
3 45 36 6 48 6 4 6
6 48 39 7 42 2 6 7
3 36 42 8 51 4 8 8
6 39 45 9 45 2 10 9
9 42 48 1 54 4 12 1
3 45 51 2 48 6 14 2
6 48 39 3 57 8 2 3
9 51 42 4 51 2 4 4
3 54 45 5 45 4 6 5
6 42 48 6 54 2 8 6
3 45 51 7 48 4 10 7
6 48 39 8 57 6 2 8
3 51 42 9 51 8 4 9
6 54 45 1 60 10 6 1
9 57 48 2 54 2 8 2
3 45 51 3 63 4 10 3
6 48 54 4 57 2 12 4
9 51 42 5 66 4 2 5
3 54 45 6 60 6 4 6
6 57 48 7 54 2 6 7
3 45 51 8 63 4 8 8
6 48 54 9 57 2 10 9
9 51 57 1 66 4 12 1
3 54 60 2 60 6 14 2
6 57 48 3 69 8 2 3
9 60 51 4 63 2 4 4
3 63 54 5 57 4 6 5
6 51 57 6 66 2 8 6
3 54 60 7 60 4 10 7
6 57 48 8 69 6 2 8
3 60 51 9 63 8 4 9
6 63 54 1 72 10 6 1
9 66 57 2 66 2 8 2
3 69 60 3 60 4 10 3
6 57 63 4 69 2 12 4
3 60 66 5 63 4 14 5
6 63 54 6 72 6 2 6
3 66 57 7 66 8 4 7
6 54 60 8 75 2 6 8
3 57 63 9 69 4 8 9
6 60 66 1 78 6 10 1
3 63 69 2 72 8 12 2
*
waitingTimeCarsGone
289
0
301
272
274
0
228
188
183
0
112
49
24
0
24
27
27
0
30
27
30
0
27
27
27
0
21
15
12
0
6
*
waitingTimeCarsLeft
0
22
0
19
17
17
0
15
15
15
0
15
6
6
0
6
6
6
0
6
6
6
0
6
6
3
0
3
3
