8
2 4 3 6 2 4 0 3
15
101
2382
5548.673
95.99999
42
carsInLane
2 4 3 6 2 4 0 3
4 8 6 6 4 8 0 3
6 4 9 12 6 4 0 6
8 8 3 6 8 8 0 9
2 12 6 12 2 12 0 12
4 4 9 18 4 4 0 15
6 8 12 9 6 8 0 3
8 12 3 6 8 12 0 6
10 4 6 12 10 4 0 9
12 8 9 18 12 8 0 3
14 12 3 9 14 12 0 6
2 16 6 15 2 16 0 9
4 5 9 21 4 5 0 12
6 9 12 12 6 9 0 3
8 13 3 6 8 13 0 6
10 4 6 12 10 4 0 9
12 8 9 6 12 8 0 3
2 12 12 12 2 12 0 6
4 16 3 18 4 16 0 9
6 5 6 24 6 5 0 12
8 9 9 15 8 9 0 3
10 13 3 6 10 13 0 6
12 4 6 12 12 4 0 9
2 8 9 18 2 8 0 12
4 12 12 9 4 12 0 3
6 4 15 15 6 4 0 6
8 8 3 6 8 8 0 9
10 12 6 12 10 12 0 3
12 4 9 18 12 4 0 6
14 8 3 9 14 8 0 9
2 12 6 15 2 12 0 12
4 16 9 6 4 16 0 3
6 5 12 12 6 5 0 6
8 9 3 6 8 9 0 9
10 4 6 12 10 4 0 12
12 8 9 6 12 8 0 3
14 12 3 12 14 12 0 6
2 16 6 18 2 16 0 9
4 5 9 24 4 5 0 12
6 9 12 15 6 9 0 3
8 13 3 6 8 13 0 6
10 4 6 12 10 4 0 9
12 8 9 6 12 8 0 3
2 12 12 12 2 12 0 6
4 4 15 18 4 4 0 9
6 8 3 24 6 8 0 12
8 12 6 15 8 12 0 3
10 4 9 21 10 4 0 6
12 8 3 12 12 8 0 9
2 12 6 18 2 12 0 12
4 16 9 9 4 16 0 3
6 5 12 15 6 5 0 6
8 9 3 6 8 9 0 9
10 4 6 12 10 4 0 12
12 8 9 18 12 8 0 3
14 12 3 9 14 12 0 6
2 16 6 15 2 16 0 9
4 5 9 21 4 5 0 12
6 9 12 12 6 9 0 3
8 13 3 6 8 13 0 6
10 4 6 12 10 4 0 9
12 8 9 6 12 8 0 3
2 12 12 12 2 12 0 6
4 16 3 18 4 16 0 9
6 5 6 24 6 5 0 12
8 9 9 15 8 9 0 3
10 13 3 6 10 13 0 6
12 4 6 12 12 4 0 9
2 8 9 18 2 8 0 12
4 12 12 9 4 12 0 3
6 4 15 15 6 4 0 6
8 8 3 6 8 8 0 9
10 12 6 12 10 12 0 3
12 4 9 18 12 4 0 6
14 8 3 9 14 8 0 9
2 12 6 15 2 12 0 12
4 16 9 6 4 16 0 3
6 5 12 12 6 5 0 6
8 9 3 6 8 9 0 9
10 4 6 12 10 4 0 12
12 8 9 6 12 8 0 3
14 12 3 12 14 12 0 6
2 16 6 18 2 16 0 9
4 5 9 24 4 5 0 12
6 9 12 15 6 9 0 3
8 13 3 6 8 13 0 6
10 4 6 12 10 4 0 9
12 8 9 6 12 8 0 3
2 12 12 12 2 12 0 6
4 4 15 18 4 4 0 9
6 8 3 24 6 8 0 12
8 12 6 15 8 12 0 3
10 4 9 21 10 4 0 6
12 8 3 12 12 8 0 9
2 12 6 18 2 12 0 12
4 16 9 9 4 16 0 3
6 5 12 15 6 5 0 6
8 9 3 6 8 9 0 9
10 4 6 12 10 4 0 12
12 8 9 18 12 8 0 3
14 12 3 9 14 12 0 6
*
waitingTimeCarsGone
622
0
702
589
306
0
75
60
28
*
waitingTimeCarsLeft
0
20
0
14
8
