9
0 3 4 0 6 3 6 2
15
98
2230
13587.33
carsInLane
0 3 4 0 6 3 6 2
0 6 4 0 12 6 6 4
0 9 8 0 6 3 12 6
0 12 4 0 12 6 6 8
0 3 8 0 18 3 12 10
0 6 12 0 24 6 6 2
0 9 16 0 15 3 12 4
0 12 5 0 21 6 6 6
0 15 9 0 12 3 12 8
0 18 4 0 18 6 6 10
0 6 8 0 24 9 12 12
0 9 12 0 30 12 18 2
0 12 16 0 21 3 24 4
0 15 5 0 27 6 15 6
0 18 9 0 18 3 21 8
0 21 4 0 24 6 12 10
0 24 8 0 15 3 18 12
0 27 12 0 21 6 9 2
0 15 16 0 27 3 15 4
0 18 5 0 33 6 6 6
0 21 9 0 24 9 12 8
0 24 13 0 30 12 18 2
0 27 17 0 21 3 24 4
0 30 6 0 27 6 15 6
0 18 10 0 33 3 21 8
0 21 14 0 24 3 27 10
0 24 4 0 30 6 18 12
0 27 8 0 21 3 24 14
0 30 12 0 27 6 15 2
0 18 16 0 33 3 21 4
0 21 20 0 24 6 27 6
0 24 9 0 30 9 33 8
0 27 4 0 36 12 24 10
0 30 8 0 27 3 30 12
0 33 12 0 33 6 21 2
0 21 16 0 39 3 27 4
0 24 5 0 45 6 18 6
0 27 9 0 36 3 24 8
0 30 13 0 27 3 30 10
0 33 4 0 33 6 21 12
0 21 8 0 39 9 27 14
0 24 12 0 45 12 33 2
0 27 16 0 36 3 39 4
0 30 5 0 42 6 30 6
0 33 9 0 33 3 36 8
0 36 4 0 39 6 27 10
0 39 8 0 30 3 33 12
0 42 12 0 36 6 24 2
0 30 16 0 42 3 30 4
0 33 5 0 48 6 21 6
0 36 9 0 39 9 27 8
0 39 13 0 45 12 33 2
0 42 17 0 36 3 39 4
0 45 6 0 42 6 30 6
0 33 10 0 48 3 36 8
0 36 14 0 39 3 42 10
0 39 4 0 45 6 33 12
0 42 8 0 36 3 39 14
0 45 12 0 42 6 30 2
0 33 16 0 48 3 36 4
0 36 20 0 39 6 42 6
0 39 9 0 45 9 48 8
0 42 4 0 51 12 39 10
0 45 8 0 42 3 45 12
0 48 12 0 48 6 36 2
0 36 16 0 54 3 42 4
0 39 5 0 60 6 33 6
0 42 9 0 51 3 39 8
0 45 13 0 42 3 45 10
0 48 4 0 48 6 36 12
0 36 8 0 54 9 42 14
0 39 12 0 60 12 48 2
0 42 16 0 51 3 54 4
0 45 5 0 57 6 45 6
0 48 9 0 48 3 51 8
0 51 4 0 54 6 42 10
0 54 8 0 45 3 48 12
0 57 12 0 51 6 39 2
0 45 16 0 57 3 45 4
0 48 5 0 63 6 36 6
0 51 9 0 54 9 42 8
0 54 13 0 60 12 48 2
0 57 17 0 51 3 54 4
0 60 6 0 57 6 45 6
0 48 10 0 63 3 51 8
0 51 14 0 54 3 57 10
0 54 4 0 60 6 48 12
0 57 8 0 51 3 54 14
0 60 12 0 57 6 45 2
0 48 16 0 63 3 51 4
0 51 20 0 54 6 57 6
0 54 9 0 60 9 63 8
0 57 4 0 66 12 54 10
0 60 8 0 57 3 60 12
0 63 12 0 63 6 51 2
0 51 16 0 69 3 57 4
0 54 5 0 75 6 48 6
0 57 9 0 66 3 54 8
0 60 13 0 57 3 60 10
0 63 4 0 63 6 51 12
0 51 8 0 69 9 57 14
*
waitingTimeCarsGone
307
12
325
249
269
18
157
170
159
39
105
132
96
12
33
21
18
6
9
15
15
9
6
15
15
6
6
6
*
waitingTimeCarsLeft
0
22
0
22
18
15
15
0
15
15
15
0
15
12
9
0
6
3
3
0
3
3
3
