1
0 3 3 5 2 3 4 4
15
101
2224
14527.98
carsInLane
0 3 3 5 2 3 4 4
0 6 6 5 4 6 8 4
0 9 9 10 2 9 12 8
0 3 12 15 4 3 16 12
0 6 3 20 6 6 5 16
0 9 6 10 8 9 9 5
0 12 9 15 2 12 13 9
0 3 12 20 4 3 17 13
0 6 3 25 6 6 6 17
0 9 6 15 8 9 10 6
0 12 9 20 2 12 14 10
0 3 12 25 4 3 18 14
0 6 3 30 6 6 7 18
0 9 6 20 8 9 11 7
0 12 9 25 2 12 15 11
0 3 12 30 4 3 19 15
0 6 3 35 6 6 8 19
0 9 6 25 8 9 12 8
0 12 9 30 2 12 16 12
0 3 12 35 4 3 20 16
0 6 3 40 6 6 9 20
0 9 6 30 8 9 13 9
0 12 9 35 2 12 17 13
0 3 12 40 4 3 21 17
0 6 3 45 6 6 10 21
0 9 6 35 8 9 14 10
0 12 9 40 2 12 18 14
0 3 12 45 4 3 22 18
0 6 3 50 6 6 11 22
0 9 6 40 8 9 15 11
0 12 9 45 2 12 19 15
0 3 12 50 4 3 23 19
0 6 3 55 6 6 12 23
0 9 6 45 8 9 16 12
0 12 9 50 2 12 20 16
0 3 12 55 4 3 24 20
0 6 3 60 6 6 13 24
0 9 6 50 8 9 17 13
0 12 9 55 2 12 21 17
0 3 12 60 4 3 25 21
0 6 3 65 6 6 14 25
0 9 6 55 8 9 18 14
0 12 9 60 2 12 22 18
0 3 12 65 4 3 26 22
0 6 3 70 6 6 15 26
0 9 6 60 8 9 19 15
0 12 9 65 2 12 23 19
0 3 12 70 4 3 27 23
0 6 3 75 6 6 16 27
0 9 6 65 8 9 20 16
0 12 9 70 2 12 24 20
0 3 12 75 4 3 28 24
0 6 3 80 6 6 17 28
0 9 6 70 8 9 21 17
0 12 9 75 2 12 25 21
0 3 12 80 4 3 29 25
0 6 3 85 6 6 18 29
0 9 6 75 8 9 22 18
0 12 9 80 2 12 26 22
0 3 12 85 4 3 30 26
0 6 3 90 6 6 19 30
0 9 6 80 8 9 23 19
0 12 9 85 2 12 27 23
0 3 12 90 4 3 31 27
0 6 3 95 6 6 20 31
0 9 6 85 8 9 24 20
0 12 9 90 2 12 28 24
0 3 12 95 4 3 32 28
0 6 3 100 6 6 21 32
0 9 6 90 8 9 25 21
0 12 9 95 2 12 29 25
0 3 12 100 4 3 33 29
0 6 3 105 6 6 22 33
0 9 6 95 8 9 26 22
0 12 9 100 2 12 30 26
0 3 12 105 4 3 34 30
0 6 3 110 6 6 23 34
0 9 6 100 8 9 27 23
0 12 9 105 2 12 31 27
0 3 12 110 4 3 35 31
0 6 3 115 6 6 24 35
0 9 6 105 8 9 28 24
0 12 9 110 2 12 32 28
0 3 12 115 4 3 36 32
0 6 3 120 6 6 25 36
0 9 6 110 8 9 29 25
0 12 9 115 2 12 33 29
0 3 12 120 4 3 37 33
0 6 3 125 6 6 26 37
0 9 6 115 8 9 30 26
0 12 9 120 2 12 34 30
0 3 12 125 4 3 38 34
0 6 3 130 6 6 27 38
0 9 6 120 8 9 31 27
0 12 9 125 2 12 35 31
0 3 12 130 4 3 39 35
0 6 3 135 6 6 28 39
0 9 6 125 8 9 32 28
0 12 9 130 2 12 36 32
0 3 12 135 4 3 40 36
0 6 3 140 6 6 29 40
*
waitingTimeCarsGone
296
0
324
359
390
0
135
135
129
0
99
67
35
0
15
15
15
0
15
15
15
0
15
15
15
0
15
15
15
0
15
15
15
0
15
10
5
*
waitingTimeCarsLeft
0
24
0
21
15
13
0
13
13
10
0
6
5
5
0
5
5
5
0
5
5
5
0
5
5
5
0
5
5
5
0
5
5
5
