3
4 5 2 7 2 0 3 1
15
101
1921
22325.69
13334.67
503
63.99998
carsInLane
4 5 2 7 2 0 3 1
4 5 4 14 4 0 6 2
8 10 2 7 6 0 9 3
4 5 4 14 8 0 12 4
8 10 6 21 2 0 15 5
12 15 8 28 4 0 3 1
16 20 2 20 6 0 6 2
5 10 4 27 8 0 9 3
9 15 6 34 2 0 12 4
13 20 8 41 4 0 3 1
17 25 2 33 6 0 6 2
6 15 4 40 8 0 9 3
10 20 6 47 2 0 12 4
14 25 8 54 4 0 3 1
18 30 2 46 6 0 6 2
7 20 4 53 8 0 9 3
11 25 6 60 2 0 12 4
15 30 8 67 4 0 3 1
19 35 2 59 6 0 6 2
8 25 4 66 8 0 9 3
12 30 6 73 2 0 12 4
16 35 8 80 4 0 3 1
20 40 2 72 6 0 6 2
9 30 4 79 8 0 9 3
13 35 6 86 2 0 12 4
17 40 8 93 4 0 3 1
21 45 2 85 6 0 6 2
10 35 4 92 8 0 9 3
14 40 6 99 2 0 12 4
18 45 8 106 4 0 3 1
22 50 2 98 6 0 6 2
11 40 4 105 8 0 9 3
15 45 6 112 2 0 12 4
19 50 8 119 4 0 3 1
23 55 2 111 6 0 6 2
12 45 4 118 8 0 9 3
16 50 6 125 2 0 12 4
20 55 8 132 4 0 3 1
24 60 2 124 6 0 6 2
13 50 4 131 8 0 9 3
17 55 6 138 2 0 12 4
21 60 8 145 4 0 3 1
25 65 2 137 6 0 6 2
14 55 4 144 8 0 9 3
18 60 6 151 2 0 12 4
22 65 8 158 4 0 3 1
26 70 2 150 6 0 6 2
15 60 4 157 8 0 9 3
19 65 6 164 2 0 12 4
23 70 8 171 4 0 3 1
27 75 2 163 6 0 6 2
16 65 4 170 8 0 9 3
20 70 6 177 2 0 12 4
24 75 8 184 4 0 3 1
28 80 2 176 6 0 6 2
17 70 4 183 8 0 9 3
21 75 6 190 2 0 12 4
25 80 8 197 4 0 3 1
29 85 2 189 6 0 6 2
18 75 4 196 8 0 9 3
22 80 6 203 2 0 12 4
26 85 8 210 4 0 3 1
30 90 2 202 6 0 6 2
19 80 4 209 8 0 9 3
23 85 6 216 2 0 12 4
27 90 8 223 4 0 3 1
31 95 2 215 6 0 6 2
20 85 4 222 8 0 9 3
24 90 6 229 2 0 12 4
28 95 8 236 4 0 3 1
32 100 2 228 6 0 6 2
21 90 4 235 8 0 9 3
25 95 6 242 2 0 12 4
29 100 8 249 4 0 3 1
33 105 2 241 6 0 6 2
22 95 4 248 8 0 9 3
26 100 6 255 2 0 12 4
30 105 8 262 4 0 3 1
34 110 2 254 6 0 6 2
23 100 4 261 8 0 9 3
27 105 6 268 2 0 12 4
31 110 8 275 4 0 3 1
35 115 2 267 6 0 6 2
24 105 4 274 8 0 9 3
28 110 6 281 2 0 12 4
32 115 8 288 4 0 3 1
36 120 2 280 6 0 6 2
25 110 4 287 8 0 9 3
29 115 6 294 2 0 12 4
33 120 8 301 4 0 3 1
37 125 2 293 6 0 6 2
26 115 4 300 8 0 9 3
30 120 6 307 2 0 12 4
34 125 8 314 4 0 3 1
38 130 2 306 6 0 6 2
27 120 4 313 8 0 9 3
31 125 6 320 2 0 12 4
35 130 8 327 4 0 3 1
39 135 2 319 6 0 6 2
28 125 4 326 8 0 9 3
32 130 6 333 2 0 12 4
*
waitingTimeCarsGone
231
0
244
253
276
0
86
84
76
0
62
44
30
0
22
24
22
0
24
23
23
0
24
22
24
0
22
24
22
0
24
22
24
0
17
14
8
0
8
9
7
0
9
7
9
0
7
9
7
0
9
7
9
0
8
8
9
0
7
9
7
0
5
*
waitingTimeCarsLeft
0
20
0
18
18
16
0
16
16
16
0
16
12
12
0
12
12
12
0
12
12
12
0
12
12
12
0
12
12
12
0
12
12
12
0
12
7
7
0
7
7
7
0
7
7
7
0
7
7
7
0
7
7
7
0
7
7
7
0
7
7
7
0
7
4
