8
0 3 4 0 6 3 6 2
15
101
2220
14176
carsInLane
0 3 4 0 6 3 6 2
0 6 4 0 12 6 6 4
0 9 8 0 6 3 12 6
0 12 4 0 12 6 6 8
0 3 8 0 18 3 12 10
0 6 12 0 24 6 6 2
0 9 16 0 15 3 12 4
0 12 5 0 21 6 6 6
0 15 9 0 12 3 12 8
0 3 13 0 18 6 18 10
0 6 17 0 24 9 24 2
0 9 6 0 30 12 15 4
0 12 10 0 21 3 21 6
0 15 4 0 27 6 12 8
0 18 8 0 18 3 18 10
0 21 12 0 24 6 9 2
0 24 16 0 15 3 15 4
0 27 5 0 21 6 6 6
0 15 9 0 27 9 12 8
0 18 13 0 33 12 18 2
0 21 17 0 24 3 24 4
0 24 6 0 30 6 15 6
0 27 10 0 21 3 21 8
0 30 4 0 27 6 12 10
0 18 8 0 33 3 18 12
0 21 12 0 24 3 24 14
0 24 16 0 30 6 15 2
0 12 20 0 36 9 21 4
0 15 9 0 42 12 27 6
0 18 13 0 33 3 33 8
0 21 4 0 39 6 24 10
0 24 8 0 30 3 30 12
0 27 12 0 36 6 21 2
0 30 16 0 27 3 27 4
0 33 5 0 33 6 18 6
0 21 9 0 39 3 24 8
0 24 13 0 30 6 30 10
0 27 17 0 36 9 36 2
0 30 6 0 42 12 27 4
0 33 10 0 33 3 33 6
0 36 4 0 39 6 24 8
0 39 8 0 30 3 30 10
0 27 12 0 36 3 36 12
0 30 4 0 42 6 27 14
0 33 8 0 33 3 33 16
0 21 12 0 39 6 39 18
0 24 16 0 45 9 45 5
0 27 5 0 51 12 36 7
0 30 9 0 42 3 42 9
0 33 4 0 48 6 33 11
0 36 8 0 39 3 39 13
0 39 12 0 45 6 30 2
0 42 16 0 36 3 36 4
0 45 5 0 42 6 27 6
0 33 9 0 48 9 33 8
0 36 13 0 54 12 39 2
0 39 17 0 45 3 45 4
0 42 6 0 51 6 36 6
0 45 10 0 42 3 42 8
0 48 4 0 48 6 33 10
0 36 8 0 54 3 39 12
0 39 12 0 45 3 45 14
0 42 16 0 51 6 36 2
0 30 20 0 57 9 42 4
0 33 9 0 63 12 48 6
0 36 13 0 54 3 54 8
0 39 4 0 60 6 45 10
0 42 8 0 51 3 51 12
0 45 12 0 57 6 42 2
0 48 16 0 48 3 48 4
0 51 5 0 54 6 39 6
0 54 9 0 45 3 45 8
0 42 13 0 51 6 51 10
0 45 17 0 57 9 57 2
0 48 6 0 63 12 48 4
0 51 10 0 54 3 54 6
0 54 4 0 60 6 45 8
0 57 8 0 51 3 51 10
0 60 12 0 57 6 42 2
0 48 16 0 63 3 48 4
0 51 20 0 54 3 54 6
0 39 24 0 60 6 60 8
0 42 13 0 66 9 66 10
0 45 4 0 72 12 57 12
0 48 8 0 63 3 63 14
0 51 12 0 69 6 54 2
0 54 16 0 60 3 60 4
0 57 5 0 66 6 51 6
0 60 9 0 57 3 57 8
0 63 4 0 63 6 48 10
0 51 8 0 69 9 54 12
0 54 12 0 75 12 60 2
0 57 16 0 66 3 66 4
0 60 5 0 72 6 57 6
0 63 9 0 63 3 63 8
0 66 4 0 69 6 54 10
0 69 8 0 60 3 60 12
0 57 12 0 66 3 66 14
0 60 16 0 72 6 57 2
0 63 20 0 63 9 63 4
0 66 9 0 69 12 69 6
*
waitingTimeCarsGone
293
0
332
247
252
0
171
151
143
0
122
137
123
0
96
45
18
0
15
12
12
0
12
9
9
0
9
6
3
0
3
*
waitingTimeCarsLeft
0
21
0
21
18
15
0
15
15
15
0
15
15
9
0
9
6
3
0
3
3
3
0
3
3
3
0
3
3
3
