2
3 3 3 1 9 2 2 1
15
101
1875
17767.67
21278.67
549
78.66667
carsInLane
3 3 3 1 9 2 2 1
3 6 6 2 9 4 4 2
6 9 9 3 9 2 6 3
9 12 3 4 18 4 2 4
12 15 6 1 27 6 4 1
3 3 9 2 36 8 6 2
6 6 12 3 30 2 8 3
9 9 3 4 39 4 2 4
12 12 6 1 48 6 4 1
3 3 9 2 57 8 6 2
6 6 12 3 51 2 8 3
9 9 3 4 60 4 2 4
12 12 6 1 69 6 4 1
3 3 9 2 78 8 6 2
6 6 12 3 72 2 8 3
9 9 3 4 81 4 2 4
12 12 6 1 90 6 4 1
3 3 9 2 99 8 6 2
6 6 12 3 93 2 8 3
9 9 3 4 102 4 2 4
12 12 6 1 111 6 4 1
3 3 9 2 120 8 6 2
6 6 12 3 114 2 8 3
9 9 3 4 123 4 2 4
12 12 6 1 132 6 4 1
3 3 9 2 141 8 6 2
6 6 12 3 135 2 8 3
9 9 3 4 144 4 2 4
12 12 6 1 153 6 4 1
3 3 9 2 162 8 6 2
6 6 12 3 156 2 8 3
9 9 3 4 165 4 2 4
12 12 6 1 174 6 4 1
3 3 9 2 183 8 6 2
6 6 12 3 177 2 8 3
9 9 3 4 186 4 2 4
12 12 6 1 195 6 4 1
3 3 9 2 204 8 6 2
6 6 12 3 198 2 8 3
9 9 3 4 207 4 2 4
12 12 6 1 216 6 4 1
3 3 9 2 225 8 6 2
6 6 12 3 219 2 8 3
9 9 3 4 228 4 2 4
12 12 6 1 237 6 4 1
3 3 9 2 246 8 6 2
6 6 12 3 240 2 8 3
9 9 3 4 249 4 2 4
12 12 6 1 258 6 4 1
3 3 9 2 267 8 6 2
6 6 12 3 261 2 8 3
9 9 3 4 270 4 2 4
12 12 6 1 279 6 4 1
3 3 9 2 288 8 6 2
6 6 12 3 282 2 8 3
9 9 3 4 291 4 2 4
12 12 6 1 300 6 4 1
3 3 9 2 309 8 6 2
6 6 12 3 303 2 8 3
9 9 3 4 312 4 2 4
12 12 6 1 321 6 4 1
3 3 9 2 330 8 6 2
6 6 12 3 324 2 8 3
9 9 3 4 333 4 2 4
12 12 6 1 342 6 4 1
3 3 9 2 351 8 6 2
6 6 12 3 345 2 8 3
9 9 3 4 354 4 2 4
12 12 6 1 363 6 4 1
3 3 9 2 372 8 6 2
6 6 12 3 366 2 8 3
9 9 3 4 375 4 2 4
12 12 6 1 384 6 4 1
3 3 9 2 393 8 6 2
6 6 12 3 387 2 8 3
9 9 3 4 396 4 2 4
12 12 6 1 405 6 4 1
3 3 9 2 414 8 6 2
6 6 12 3 408 2 8 3
9 9 3 4 417 4 2 4
12 12 6 1 426 6 4 1
3 3 9 2 435 8 6 2
6 6 12 3 429 2 8 3
9 9 3 4 438 4 2 4
12 12 6 1 447 6 4 1
3 3 9 2 456 8 6 2
6 6 12 3 450 2 8 3
9 9 3 4 459 4 2 4
12 12 6 1 468 6 4 1
3 3 9 2 477 8 6 2
6 6 12 3 471 2 8 3
9 9 3 4 480 4 2 4
12 12 6 1 489 6 4 1
3 3 9 2 498 8 6 2
6 6 12 3 492 2 8 3
9 9 3 4 501 4 2 4
12 12 6 1 510 6 4 1
3 3 9 2 519 8 6 2
6 6 12 3 513 2 8 3
9 9 3 4 522 4 2 4
12 12 6 1 531 6 4 1
*
waitingTimeCarsGone
396
0
375
379
377
0
6
9
3
0
9
6
6
0
9
3
9
0
3
9
6
0
6
9
3
0
9
3
9
0
6
6
9
0
3
9
3
0
9
6
6
0
9
3
9
0
3
9
6
0
6
9
3
0
9
3
9
0
6
6
9
0
3
9
3
0
9
6
6
0
9
3
9
0
3
9
6
*
waitingTimeCarsLeft
0
18
0
16
11
9
0
9
9
9
0
9
9
9
0
9
9
9
0
9
9
9
0
9
9
9
0
9
9
9
0
9
9
9
0
9
9
9
0
9
9
9
0
9
9
9
0
9
9
9
0
9
9
9
0
9
9
9
0
9
9
9
0
9
9
9
0
9
9
9
0
9
9
9
0
9
9
9
0
9
