100
0 4 2 2 4 4 0 8
15
98
2099
19018.99
4457.333
325
carsInLane
0 4 2 2 4 4 0 8
0 8 4 2 8 8 0 8
0 4 6 4 12 4 0 16
0 8 8 2 16 8 0 9
0 12 10 4 5 4 0 17
0 16 12 2 9 8 0 10
0 5 14 4 13 4 0 18
0 9 16 2 17 8 0 11
0 13 18 4 6 4 0 19
0 17 20 2 10 8 0 12
0 6 22 4 14 4 0 20
0 10 9 2 18 8 0 28
0 14 11 2 22 12 0 21
0 18 13 4 11 4 0 29
0 22 15 2 15 8 0 22
0 11 17 4 19 4 0 30
0 15 19 2 23 8 0 23
0 19 21 4 12 4 0 31
0 23 23 2 16 8 0 24
0 12 25 4 20 4 0 32
0 16 27 2 24 8 0 25
0 20 29 4 13 4 0 33
0 24 31 2 17 8 0 26
0 28 18 2 21 12 0 34
0 17 20 4 25 4 0 42
0 21 22 2 29 8 0 35
0 25 24 2 33 12 0 28
0 29 26 4 22 4 0 36
0 33 28 2 26 8 0 29
0 22 30 4 30 4 0 37
0 26 32 2 34 8 0 30
0 30 34 4 23 4 0 38
0 34 36 2 27 8 0 31
0 23 38 4 31 4 0 39
0 27 40 2 35 8 0 32
0 31 42 4 24 4 0 40
0 35 29 2 28 8 0 48
0 39 31 2 32 12 0 41
0 28 33 4 36 4 0 49
0 32 35 2 40 8 0 42
0 36 37 4 29 4 0 50
0 40 39 2 33 8 0 43
0 29 41 4 37 4 0 51
0 33 43 2 41 8 0 44
0 37 45 4 30 4 0 52
0 41 47 2 34 8 0 45
0 30 49 4 38 4 0 53
0 34 51 2 42 8 0 46
0 38 38 2 46 12 0 54
0 42 40 4 35 4 0 62
0 46 42 2 39 8 0 55
0 50 44 2 43 12 0 48
0 39 46 4 47 4 0 56
0 43 48 2 51 8 0 49
0 47 50 4 40 4 0 57
0 51 52 2 44 8 0 50
0 40 54 4 48 4 0 58
0 44 56 2 52 8 0 51
0 48 58 4 41 4 0 59
0 52 60 2 45 8 0 52
0 56 47 2 49 12 0 60
0 45 49 4 53 4 0 68
0 49 51 2 57 8 0 61
0 53 53 4 46 4 0 69
0 57 55 2 50 8 0 62
0 46 57 4 54 4 0 70
0 50 59 2 58 8 0 63
0 54 61 4 47 4 0 71
0 58 63 2 51 8 0 64
0 47 65 4 55 4 0 72
0 51 67 2 59 8 0 65
0 55 54 2 63 12 0 73
0 59 56 2 67 16 0 66
0 63 58 4 56 5 0 74
0 67 60 2 60 9 0 67
0 56 62 4 64 4 0 75
0 60 64 2 68 8 0 68
0 64 66 4 57 4 0 76
0 68 68 2 61 8 0 69
0 57 70 4 65 4 0 77
0 61 72 2 69 8 0 70
0 65 74 4 58 4 0 78
0 69 76 2 62 8 0 71
0 73 63 2 66 12 0 79
0 62 65 4 70 4 0 87
0 66 67 2 74 8 0 80
0 70 69 2 78 12 0 73
0 74 71 4 67 4 0 81
0 78 73 2 71 8 0 74
0 67 75 4 75 4 0 82
0 71 77 2 79 8 0 75
0 75 79 4 68 4 0 83
0 79 81 2 72 8 0 76
0 68 83 4 76 4 0 84
0 72 85 2 80 8 0 77
0 76 87 4 69 4 0 85
0 80 74 2 73 8 0 93
0 84 76 2 77 12 0 86
0 73 78 4 81 4 0 94
0 77 80 2 85 8 0 87
0 81 82 4 74 4 0 95
*
waitingTimeCarsGone
331
12
310
141
127
16
79
121
108
19
96
141
114
29
39
51
34
9
30
32
29
21
22
32
33
24
2
12
3
3
0
4
4
3
0
4
4
4
0
4
3
2
2
4
4
4
0
4
6
6
0
4
4
4
0
2
2
1
*
waitingTimeCarsLeft
0
24
0
20
18
18
0
18
18
18
0
18
18
18
0
18
17
10
0
10
10
10
10
0
10
8
6
0
3
2
2
0
2
2
2
0
2
2
2
0
2
2
2
0
2
1
