6
2 5 4 2 3 5 2 1
15
101
2383
6005.001
carsInLane
2 5 4 2 3 5 2 1
4 5 8 4 6 5 4 2
6 10 4 6 9 10 2 3
8 5 8 8 12 5 4 4
2 10 12 10 3 10 6 5
4 15 4 2 6 15 8 6
6 5 8 4 9 5 10 7
8 10 12 6 12 10 2 1
10 15 16 8 3 5 4 2
2 5 20 10 6 10 6 3
4 10 9 2 9 15 8 4
6 5 13 4 12 5 10 5
8 10 4 6 15 10 2 6
10 15 8 8 3 5 4 7
12 20 12 2 6 10 6 1
2 10 16 4 9 15 8 2
4 5 20 6 12 5 10 3
6 10 9 8 15 10 2 4
8 15 13 10 3 5 4 5
2 5 17 12 6 10 6 6
4 10 6 2 9 15 8 7
6 15 10 4 12 20 2 1
8 5 14 6 15 10 4 2
10 10 18 8 3 5 6 3
12 15 7 2 6 10 8 4
2 5 11 4 9 15 10 5
4 10 15 6 3 5 12 6
6 15 4 8 6 10 2 7
8 20 8 2 9 15 4 1
10 10 12 4 12 5 6 2
2 15 16 6 3 10 8 3
4 5 20 8 6 5 10 4
6 10 9 10 9 10 2 5
8 5 13 12 12 5 4 6
10 10 4 2 15 10 6 7
12 15 8 4 18 15 2 1
14 20 12 6 6 5 4 2
2 10 16 8 9 10 6 3
4 15 5 2 12 15 8 4
6 5 9 4 15 5 10 5
2 10 13 6 3 10 12 6
4 15 4 8 6 15 2 7
6 20 8 2 9 20 4 1
8 10 12 4 12 10 6 2
10 15 16 6 3 5 8 3
2 5 20 8 6 10 10 4
4 10 9 10 9 15 2 5
6 5 13 12 12 5 4 6
8 10 4 2 15 10 6 7
10 15 8 4 18 15 2 1
12 20 12 6 6 5 4 2
2 10 16 8 9 10 6 3
4 15 5 2 12 15 8 4
6 5 9 4 15 5 10 5
2 10 13 6 3 10 12 6
4 15 4 8 6 15 2 7
6 20 8 2 9 20 4 1
8 10 12 4 12 10 6 2
10 15 16 6 3 5 8 3
2 5 20 8 6 10 10 4
4 10 9 10 9 15 2 5
6 5 13 12 12 5 4 6
8 10 4 2 15 10 6 7
10 15 8 4 18 15 2 1
12 20 12 6 6 5 4 2
2 10 16 8 9 10 6 3
4 15 5 2 12 15 8 4
6 5 9 4 15 5 10 5
2 10 13 6 3 10 12 6
4 15 4 8 6 15 2 7
6 20 8 2 9 20 4 1
8 10 12 4 12 10 6 2
10 15 16 6 3 5 8 3
2 5 20 8 6 10 10 4
4 10 9 10 9 15 2 5
6 5 13 12 12 5 4 6
8 10 4 2 15 10 6 7
10 15 8 4 18 15 2 1
12 20 12 6 6 5 4 2
2 10 16 8 9 10 6 3
4 15 5 2 12 15 8 4
6 5 9 4 15 5 10 5
2 10 13 6 3 10 12 6
4 15 4 8 6 15 2 7
6 20 8 2 9 20 4 1
8 10 12 4 12 10 6 2
10 15 16 6 3 5 8 3
2 5 20 8 6 10 10 4
4 10 9 10 9 15 2 5
6 5 13 12 12 5 4 6
8 10 4 2 15 10 6 7
10 15 8 4 18 15 2 1
12 20 12 6 6 5 4 2
2 10 16 8 9 10 6 3
4 15 5 2 12 15 8 4
6 5 9 4 15 5 10 5
2 10 13 6 3 10 12 6
4 15 4 8 6 15 2 7
6 20 8 2 9 20 4 1
8 10 12 4 12 10 6 2
10 15 16 6 3 5 8 3
*
waitingTimeCarsGone
550
0
676
577
341
0
156
67
16
*
waitingTimeCarsLeft
0
17
0
9
9
6
