2
1 4 4 4 3 3 3 2
15
101
2316
9925.319
529.3332
108
carsInLane
1 4 4 4 3 3 3 2
2 8 4 4 6 6 6 4
3 4 8 8 9 3 9 6
1 8 12 12 3 6 12 8
2 12 16 16 6 9 3 2
3 16 5 5 9 12 6 4
4 5 9 9 12 3 9 6
1 9 13 13 3 6 12 8
2 13 17 17 6 9 3 2
3 17 6 6 9 12 6 4
4 6 10 10 12 3 9 6
1 10 14 14 3 6 12 8
2 14 18 18 6 9 3 2
3 18 7 7 9 12 6 4
4 7 11 11 12 3 9 6
1 11 15 15 3 6 12 8
2 15 19 19 6 9 3 2
3 19 8 8 9 12 6 4
4 8 12 12 12 3 9 6
1 12 16 16 3 6 12 8
2 16 20 20 6 9 3 2
3 20 9 9 9 12 6 4
4 9 13 13 12 3 9 6
1 13 17 17 3 6 12 8
2 17 21 21 6 9 3 2
3 21 10 10 9 12 6 4
4 10 14 14 12 3 9 6
1 14 18 18 3 6 12 8
2 18 22 22 6 9 3 2
3 22 11 11 9 12 6 4
4 11 15 15 12 3 9 6
1 15 19 19 3 6 12 8
2 19 23 23 6 9 3 2
3 23 12 12 9 12 6 4
4 12 16 16 12 3 9 6
1 16 20 20 3 6 12 8
2 20 24 24 6 9 3 2
3 24 13 13 9 12 6 4
4 13 17 17 12 3 9 6
1 17 21 21 3 6 12 8
2 21 25 25 6 9 3 2
3 25 14 14 9 12 6 4
4 14 18 18 12 3 9 6
1 18 22 22 3 6 12 8
2 22 26 26 6 9 3 2
3 26 15 15 9 12 6 4
4 15 19 19 12 3 9 6
1 19 23 23 3 6 12 8
2 23 27 27 6 9 3 2
3 27 16 16 9 12 6 4
4 16 20 20 12 3 9 6
1 20 24 24 3 6 12 8
2 24 28 28 6 9 3 2
3 28 17 17 9 12 6 4
4 17 21 21 12 3 9 6
1 21 25 25 3 6 12 8
2 25 29 29 6 9 3 2
3 29 18 18 9 12 6 4
4 18 22 22 12 3 9 6
1 22 26 26 3 6 12 8
2 26 30 30 6 9 3 2
3 30 19 19 9 12 6 4
4 19 23 23 12 3 9 6
1 23 27 27 3 6 12 8
2 27 31 31 6 9 3 2
3 31 20 20 9 12 6 4
4 20 24 24 12 3 9 6
1 24 28 28 3 6 12 8
2 28 32 32 6 9 3 2
3 32 21 21 9 12 6 4
4 21 25 25 12 3 9 6
1 25 29 29 3 6 12 8
2 29 33 33 6 9 3 2
3 33 22 22 9 12 6 4
4 22 26 26 12 3 9 6
1 26 30 30 3 6 12 8
2 30 34 34 6 9 3 2
3 34 23 23 9 12 6 4
4 23 27 27 12 3 9 6
1 27 31 31 3 6 12 8
2 31 35 35 6 9 3 2
3 35 24 24 9 12 6 4
4 24 28 28 12 3 9 6
1 28 32 32 3 6 12 8
2 32 36 36 6 9 3 2
3 36 25 25 9 12 6 4
4 25 29 29 12 3 9 6
1 29 33 33 3 6 12 8
2 33 37 37 6 9 3 2
3 37 26 26 9 12 6 4
4 26 30 30 12 3 9 6
1 30 34 34 3 6 12 8
2 34 38 38 6 9 3 2
3 38 27 27 9 12 6 4
4 27 31 31 12 3 9 6
1 31 35 35 3 6 12 8
2 35 39 39 6 9 3 2
3 39 28 28 9 12 6 4
4 28 32 32 12 3 9 6
1 32 36 36 3 6 12 8
2 36 40 40 6 9 3 2
*
waitingTimeCarsGone
330
0
370
411
455
0
180
180
168
0
122
74
26
*
waitingTimeCarsLeft
0
24
0
19
15
12
0
12
12
6
0
4
4
