10
4 4 3 4 0 4 3 2
15
101
2380
6300.001
carsInLane
4 4 3 4 0 4 3 2
8 4 6 8 0 4 6 4
12 8 3 4 0 8 9 6
4 4 6 8 0 12 12 8
8 8 9 12 0 16 3 2
12 4 12 16 0 5 6 4
16 8 3 5 0 9 9 6
5 4 6 9 0 13 12 8
9 8 9 13 0 17 3 2
13 4 12 17 0 6 6 4
17 8 3 6 0 10 9 6
6 12 6 10 0 14 12 8
10 4 9 14 0 4 15 10
14 8 12 18 0 8 3 2
18 12 3 7 0 12 6 4
7 4 6 11 0 16 9 6
11 4 9 15 0 5 12 8
15 8 3 4 0 9 15 10
19 12 6 8 0 13 3 2
8 4 9 12 0 17 6 4
12 4 12 16 0 6 9 6
16 8 3 5 0 10 12 8
5 12 6 9 0 14 15 10
9 4 9 13 0 4 18 12
13 8 12 17 0 8 6 2
17 12 3 6 0 12 9 4
6 4 6 10 0 16 12 6
10 4 9 14 0 5 15 8
14 8 3 18 0 9 3 10
18 12 6 7 0 13 6 2
7 4 9 11 0 17 9 4
11 4 12 15 0 6 12 6
15 8 3 4 0 10 15 8
4 12 6 8 0 14 18 10
8 16 9 12 0 18 6 2
12 5 12 16 0 7 9 4
16 9 3 5 0 11 12 6
5 4 6 9 0 15 15 8
9 8 9 13 0 19 3 2
13 4 12 17 0 8 6 4
17 8 3 6 0 12 9 6
6 4 6 10 0 16 12 8
10 4 9 14 0 5 15 10
14 8 12 18 0 9 3 2
4 12 15 22 0 13 6 4
8 16 3 11 0 17 9 6
12 5 6 15 0 6 12 8
16 9 9 4 0 10 15 2
5 4 12 8 0 14 18 4
9 8 3 12 0 18 6 6
13 4 6 16 0 7 9 8
17 8 9 5 0 11 12 2
6 4 12 9 0 15 15 4
10 8 3 13 0 19 3 6
14 4 6 17 0 8 6 8
4 8 9 21 0 12 9 10
8 12 12 10 0 16 12 2
12 4 15 14 0 5 15 4
16 8 3 18 0 9 3 6
20 12 6 7 0 13 6 2
9 4 9 11 0 17 9 4
13 4 12 15 0 6 12 6
17 8 3 4 0 10 15 8
6 4 6 8 0 14 18 10
10 8 9 12 0 18 6 2
14 4 12 16 0 7 9 4
4 8 15 20 0 11 12 6
8 12 3 9 0 15 15 8
12 4 6 13 0 4 18 10
16 8 9 17 0 8 6 2
20 12 3 6 0 12 9 4
9 4 6 10 0 16 12 6
13 4 9 14 0 5 15 8
17 8 3 18 0 9 3 10
21 12 6 7 0 13 6 2
10 4 9 11 0 17 9 4
14 4 12 15 0 6 12 6
4 8 15 19 0 10 15 8
8 12 3 8 0 14 18 10
12 16 6 12 0 18 6 2
16 5 9 16 0 7 9 4
20 9 3 5 0 11 12 6
9 4 6 9 0 15 15 8
13 8 9 13 0 19 3 2
17 4 12 17 0 8 6 4
21 8 3 6 0 12 9 6
10 4 6 10 0 16 12 8
14 4 9 14 0 5 15 10
4 8 12 18 0 9 18 12
8 12 3 22 0 13 6 14
12 16 6 11 0 17 9 2
16 5 9 15 0 6 12 4
20 9 3 4 0 10 15 6
9 4 6 8 0 14 18 8
13 8 9 12 0 18 6 2
17 4 12 16 0 7 9 4
21 8 3 5 0 11 12 6
10 4 6 9 0 15 15 8
14 8 9 13 0 19 3 2
18 12 12 17 0 8 6 4
7 4 15 21 0 12 9 6
*
waitingTimeCarsGone
497
0
619
561
464
0
200
37
2
*
waitingTimeCarsLeft
0
21
0
14
9
