6
4 1 4 4 5 1 3 2
15
101
2386
5796.671
108
38
8.333333
-193.3575
carsInLane
4 1 4 4 5 1 3 2
4 2 8 8 5 2 6 4
8 3 4 4 10 3 9 6
4 4 8 8 5 4 12 8
8 5 4 12 10 5 3 10
12 6 8 4 15 6 6 2
4 7 12 8 5 7 9 4
8 1 16 12 10 1 12 6
12 2 5 16 15 2 3 8
4 3 9 20 5 3 6 10
8 4 13 9 10 4 9 2
12 5 4 13 15 5 3 4
4 6 8 17 5 6 6 6
8 7 4 6 10 7 9 8
12 1 8 10 15 1 12 10
4 2 12 14 5 2 15 12
8 3 4 18 10 3 3 14
12 4 8 7 15 4 6 2
4 5 12 11 5 5 9 4
8 6 4 4 10 6 12 6
4 7 8 8 5 7 15 8
8 1 12 12 10 1 18 10
12 2 4 16 15 2 6 12
16 3 8 5 20 3 9 2
5 4 12 9 10 4 12 4
9 5 4 13 15 5 3 6
4 6 8 17 5 6 6 8
8 7 12 6 10 7 9 2
12 1 16 10 15 1 12 4
16 2 5 14 20 2 3 6
5 3 9 18 10 3 6 8
9 4 4 7 15 4 9 10
4 5 8 11 5 5 12 12
8 6 12 15 10 6 3 2
12 7 4 4 15 7 6 4
16 1 8 8 20 1 9 6
5 2 12 12 10 2 12 8
9 3 4 16 15 3 3 10
13 4 8 5 20 4 6 2
4 5 12 9 10 5 9 4
8 6 4 13 15 6 3 6
4 7 8 17 5 7 6 8
8 1 12 21 10 1 9 10
12 2 4 10 15 2 12 12
4 3 8 14 5 3 15 14
8 4 12 18 10 4 3 2
12 5 4 7 15 5 6 4
4 6 8 11 5 6 9 6
8 7 4 4 10 7 12 8
12 1 8 8 15 1 15 10
4 2 12 12 5 2 18 12
8 3 4 16 10 3 6 14
12 4 8 5 15 4 9 2
4 5 12 9 5 5 12 4
8 6 4 13 10 6 3 6
12 7 8 4 15 7 6 2
16 1 12 8 20 1 9 4
5 2 16 12 10 2 12 6
9 3 5 16 15 3 3 8
4 4 9 20 5 4 6 10
8 5 13 9 10 5 9 2
12 6 4 13 15 6 3 4
4 7 8 17 5 7 6 6
8 1 12 21 10 1 9 8
12 2 4 10 15 2 12 10
4 3 8 14 5 3 15 12
8 4 12 18 10 4 3 2
12 5 4 7 15 5 6 4
4 6 8 11 5 6 9 6
8 7 4 4 10 7 12 8
12 1 8 8 15 1 15 10
4 2 12 12 5 2 18 12
8 3 4 16 10 3 6 14
12 4 8 5 15 4 9 2
4 5 12 9 5 5 12 4
8 6 4 13 10 6 3 6
12 7 8 4 15 7 6 2
16 1 12 8 20 1 9 4
5 2 16 12 10 2 12 6
9 3 5 16 15 3 3 8
4 4 9 20 5 4 6 10
8 5 13 9 10 5 9 2
12 6 4 13 15 6 3 4
4 7 8 17 5 7 6 6
8 1 12 21 10 1 9 8
12 2 4 10 15 2 12 10
4 3 8 14 5 3 15 12
8 4 12 18 10 4 3 2
12 5 4 7 15 5 6 4
4 6 8 11 5 6 9 6
8 7 4 4 10 7 12 8
12 1 8 8 15 1 15 10
4 2 12 12 5 2 18 12
8 3 4 16 10 3 6 14
12 4 8 5 15 4 9 2
4 5 12 9 5 5 12 4
8 6 4 13 10 6 3 6
12 7 8 4 15 7 6 2
16 1 12 8 20 1 9 4
5 2 16 12 10 2 12 6
9 3 5 16 15 3 3 8
*
waitingTimeCarsGone
593
0
681
618
279
0
116
61
38
*
waitingTimeCarsLeft
0
15
0
9
8
6
