10
0 3 3 5 2 3 4 4
15
101
2385
5673.67
carsInLane
0 3 3 5 2 3 4 4
0 6 6 5 4 6 8 4
0 9 3 10 6 9 4 8
0 3 6 15 8 3 8 12
0 6 9 5 10 6 12 4
0 9 3 10 12 9 4 8
0 12 6 15 2 3 8 12
0 15 9 5 4 6 12 4
0 3 12 10 6 3 16 8
0 6 3 15 8 6 5 12
0 9 6 5 10 9 9 4
0 12 9 10 2 12 13 8
0 3 12 15 4 3 17 12
0 6 3 20 6 6 6 16
0 9 6 10 8 9 10 5
0 3 9 15 10 3 14 9
0 6 12 5 12 6 18 4
0 9 3 10 14 9 7 8
0 12 6 15 2 3 11 12
0 15 9 5 4 6 15 4
0 18 3 10 6 9 4 8
0 6 6 15 8 3 8 12
0 9 9 20 2 6 12 16
0 12 12 10 4 9 16 5
0 15 3 15 6 12 5 9
0 3 6 20 8 3 9 13
0 6 9 10 10 6 13 4
0 9 3 15 12 9 4 8
0 12 6 5 14 12 8 4
0 15 9 10 2 3 12 8
0 18 3 15 4 6 4 12
0 21 6 5 6 9 8 4
0 9 9 10 8 3 12 8
0 12 12 15 2 6 16 12
0 15 3 20 4 9 5 16
0 18 6 10 6 12 9 5
0 6 9 15 8 3 13 9
0 9 12 5 10 6 17 4
0 12 3 10 12 9 6 8
0 3 6 15 14 3 10 12
0 6 9 5 16 6 14 4
0 9 3 10 18 9 4 8
0 12 6 15 5 3 8 12
0 15 9 5 7 6 12 4
0 3 12 10 9 9 16 8
0 6 3 15 11 12 5 12
0 9 6 5 13 15 9 4
0 12 9 10 2 3 13 8
0 15 3 15 4 6 4 12
0 18 6 5 6 9 8 4
0 6 9 10 8 3 12 8
0 9 3 15 10 6 4 12
0 12 6 5 12 9 8 4
0 3 9 10 14 3 12 8
0 6 3 15 16 6 4 12
0 9 6 20 3 9 8 16
0 12 9 10 5 12 12 5
0 3 12 15 7 3 16 9
0 6 3 20 9 6 5 13
0 9 6 10 11 9 9 4
0 12 9 15 2 3 13 8
0 15 3 5 4 6 17 12
0 18 6 10 6 9 6 4
0 6 9 15 8 3 10 8
0 9 3 5 10 6 14 12
0 12 6 10 12 9 4 4
0 15 9 15 2 12 8 8
0 3 12 20 4 3 12 12
0 6 15 10 6 6 16 4
0 9 3 15 8 9 5 8
0 12 6 5 10 12 9 4
0 3 9 10 12 3 13 8
0 6 3 15 14 6 4 12
0 9 6 5 16 9 8 4
0 12 9 10 3 3 12 8
0 15 3 15 5 6 4 12
0 18 6 5 7 9 8 4
0 6 9 10 9 12 12 8
0 9 3 15 11 15 4 12
0 12 6 5 13 18 8 4
0 15 9 10 2 6 12 8
0 3 12 15 4 3 16 12
0 6 3 20 6 6 5 16
0 9 6 10 8 9 9 5
0 3 9 15 10 3 13 9
0 6 12 5 12 6 17 4
0 9 3 10 14 9 6 8
0 12 6 15 2 3 10 12
0 3 9 20 4 6 14 16
0 6 12 10 6 9 18 5
0 9 3 15 8 12 7 9
0 12 6 5 10 15 11 4
0 3 9 10 12 3 15 8
0 6 3 15 14 6 4 12
0 9 6 5 16 9 8 4
0 12 9 10 3 3 12 8
0 15 3 15 5 6 4 12
0 18 6 5 7 9 8 4
0 6 9 10 9 3 12 8
0 9 12 15 2 6 16 12
0 12 3 20 4 9 5 16
*
waitingTimeCarsGone
586
0
681
652
307
0
83
47
19
0
8
2
*
waitingTimeCarsLeft
0
21
0
9
6
3
