9
3 3 4 5 2 3 1 3
15
101
2387
5621.004
carsInLane
3 3 4 5 2 3 1 3
6 6 4 5 4 6 2 6
9 3 8 10 6 3 3 9
12 6 12 5 8 6 4 3
3 9 16 10 2 9 5 6
6 12 5 5 4 12 6 9
9 3 9 10 6 3 7 12
12 6 13 5 8 6 8 3
15 9 4 10 10 9 1 6
3 12 8 15 2 12 2 9
6 3 12 20 4 3 3 12
9 6 16 10 6 6 4 3
12 9 5 5 8 9 5 6
3 3 9 10 10 12 6 9
6 6 13 15 2 3 7 12
9 9 4 5 4 6 8 15
12 12 8 10 6 9 1 3
3 3 12 15 8 12 2 6
6 6 4 5 10 15 3 9
9 9 8 10 2 3 4 12
12 12 12 5 4 6 5 3
3 3 16 10 6 9 6 6
6 6 5 5 8 12 7 9
9 9 9 10 2 3 8 12
12 12 13 5 4 6 9 3
3 3 17 10 6 9 10 6
6 6 6 15 8 12 1 9
9 9 10 5 10 15 2 3
12 12 14 10 2 3 3 6
3 3 18 15 4 6 4 9
6 6 7 5 6 9 5 12
9 9 11 5 8 12 6 3
12 3 15 10 10 3 7 6
15 6 4 5 12 6 8 9
3 9 8 10 2 9 9 12
6 12 12 5 4 12 10 3
9 15 4 10 6 15 1 6
12 3 8 15 8 3 2 9
15 6 12 5 10 6 3 3
3 9 16 10 2 9 4 6
6 12 5 5 4 12 5 9
9 3 9 10 6 3 6 12
12 6 13 5 8 6 7 3
3 9 17 10 2 9 8 6
6 12 6 5 4 12 9 9
9 3 10 10 6 3 10 12
12 6 14 15 8 6 1 3
15 9 4 5 10 9 2 6
3 12 8 10 2 12 3 9
6 3 12 15 4 3 4 12
9 6 16 5 6 6 5 3
12 9 5 10 8 9 1 6
3 3 9 15 10 12 2 9
6 6 13 5 12 15 3 3
9 9 17 10 2 3 4 6
12 12 6 5 4 6 5 9
3 3 10 10 6 9 6 12
6 6 14 5 8 12 7 3
9 9 4 10 10 15 1 6
12 12 8 15 2 3 2 9
15 15 12 5 4 6 3 3
3 3 16 10 6 9 4 6
6 6 5 5 8 12 5 9
9 9 9 10 2 3 6 12
12 12 13 5 4 6 7 3
3 3 17 10 6 9 8 6
6 6 6 5 8 12 9 9
9 9 10 10 2 3 10 12
12 12 14 15 4 6 1 3
15 15 4 5 6 9 2 6
3 3 8 10 8 12 3 9
6 6 12 15 2 3 4 12
9 9 16 5 4 6 5 3
12 12 5 10 6 9 1 6
3 3 9 15 8 12 2 9
6 6 13 5 10 15 3 3
9 9 17 10 2 3 4 6
12 12 6 5 4 6 5 9
3 3 10 10 6 9 6 12
6 6 14 5 8 12 7 3
9 9 4 10 10 15 1 6
12 12 8 15 2 3 2 9
15 15 12 5 4 6 3 3
3 3 16 10 6 9 4 6
6 6 5 5 8 12 5 9
9 9 9 10 2 3 6 12
12 12 13 5 4 6 7 3
3 3 17 10 6 9 8 6
6 6 6 5 8 12 9 9
9 9 10 10 2 3 10 12
12 12 14 15 4 6 1 3
15 15 4 5 6 9 2 6
3 3 8 10 8 12 3 9
6 6 12 15 2 3 4 12
9 9 16 5 4 6 5 3
12 12 5 10 6 9 1 6
3 3 9 15 8 12 2 9
6 6 13 5 10 15 3 3
9 9 17 10 2 3 4 6
12 12 6 5 4 6 5 9
3 3 10 10 6 9 6 12
*
waitingTimeCarsGone
644
0
661
535
397
0
111
13
9
0
7
5
5
*
waitingTimeCarsLeft
0
16
0
10
8
1
0
1
1
