9
2 4 1 2 5 2 1 7
15
101
2143
17791.67
3394.666
281
30.66667
carsInLane
2 4 1 2 5 2 1 7
4 8 2 2 10 4 2 7
2 12 3 4 5 6 3 14
4 4 4 6 10 2 4 21
6 8 5 2 15 4 5 13
2 12 6 4 5 6 6 20
4 16 7 6 10 8 1 12
6 5 8 8 15 2 2 19
8 9 9 2 20 4 3 11
2 13 10 4 10 6 4 18
4 17 1 6 15 8 1 25
6 21 2 2 20 10 2 17
8 10 3 4 25 2 3 24
2 14 4 6 15 4 4 31
4 18 5 2 20 6 5 23
6 22 6 4 25 8 1 15
8 26 7 6 15 2 2 22
2 15 8 8 20 4 3 29
4 19 9 2 25 6 4 21
6 23 10 4 15 2 5 28
8 27 1 6 20 4 1 35
10 31 2 2 25 6 2 27
2 20 3 4 30 8 3 34
4 24 4 2 35 10 4 26
6 28 5 4 25 2 5 33
8 32 6 6 30 4 1 25
2 21 7 8 35 6 2 32
4 25 8 10 25 2 3 39
6 29 9 2 30 4 4 31
2 33 10 4 20 6 5 38
4 37 1 6 25 8 1 45
6 41 2 2 30 10 2 37
8 30 3 4 35 2 3 44
10 34 4 2 40 4 4 36
2 38 5 4 30 6 5 43
4 42 6 6 35 8 1 35
6 31 7 8 40 2 2 42
8 35 8 2 45 4 3 34
2 39 9 4 35 6 4 41
4 28 10 6 40 2 5 48
6 32 1 8 45 4 1 55
8 36 2 2 50 6 2 47
2 40 3 4 40 8 3 54
4 44 4 2 45 10 4 46
6 48 5 4 35 2 5 53
8 52 6 6 40 4 1 45
2 41 7 8 45 6 2 52
4 45 8 2 50 8 3 44
6 49 9 4 40 2 4 51
8 53 10 2 45 4 5 43
10 57 1 4 50 6 1 50
2 46 2 6 55 8 2 57
4 50 3 2 60 10 3 49
6 54 4 4 50 2 4 56
8 58 5 2 55 4 5 48
2 47 6 4 60 6 6 55
4 51 7 6 50 2 7 62
6 55 8 8 55 4 1 54
8 59 9 2 60 6 2 46
2 63 10 4 50 8 3 53
4 67 1 6 55 10 1 60
6 56 2 8 60 2 2 67
8 60 3 2 65 4 3 59
2 64 4 4 55 6 4 66
4 53 5 6 60 2 5 73
6 57 6 2 65 4 6 65
2 61 7 4 55 6 7 72
4 65 8 6 60 8 1 64
6 54 9 8 65 2 2 71
8 58 10 2 70 4 3 63
10 62 1 4 75 6 1 70
2 66 2 6 65 8 2 77
4 70 3 2 70 10 3 69
6 59 4 4 75 2 4 76
2 63 5 6 65 4 5 83
4 67 6 2 70 6 6 75
6 71 7 4 75 8 1 67
8 75 8 6 65 2 2 74
2 64 9 8 70 4 3 81
4 68 10 2 75 6 4 73
6 72 1 4 80 8 1 80
8 76 2 6 70 2 2 87
10 80 3 2 75 4 3 79
2 69 4 4 80 6 4 86
4 73 5 2 85 8 5 78
6 77 6 4 75 2 6 85
8 81 7 6 80 4 1 77
2 70 8 8 85 6 2 84
4 74 9 2 90 8 3 76
6 78 10 4 80 2 4 83
8 82 1 6 85 4 1 90
10 86 2 2 90 6 2 82
2 90 3 4 80 8 3 89
4 79 4 6 85 2 4 96
6 83 5 2 90 4 5 88
2 87 6 4 80 6 6 95
4 91 7 6 85 8 1 87
6 80 8 8 90 2 2 94
8 84 9 2 95 4 3 86
2 88 10 4 85 6 4 93
4 92 1 6 90 8 1 100
*
waitingTimeCarsGone
222
0
246
264
209
0
151
105
118
0
104
78
95
0
94
94
81
0
60
46
45
0
42
34
17
0
16
9
8
0
5
*
waitingTimeCarsLeft
0
22
0
20
18
18
0
16
16
16
0
16
16
16
0
16
16
10
0
9
9
9
0
9
9
4
0
4
4
4
0
4
