6
3 3 4 5 2 3 1 3
15
101
2390
5570.004
carsInLane
3 3 4 5 2 3 1 3
6 6 4 5 4 6 2 6
9 3 8 10 6 3 3 9
12 6 12 5 8 6 4 3
3 9 16 10 2 9 5 6
6 12 5 5 4 12 6 9
9 3 9 10 6 3 7 12
12 6 13 15 8 6 1 3
15 9 4 5 10 9 2 6
3 12 8 10 2 12 3 9
6 3 12 15 4 3 4 12
9 6 16 5 6 6 5 3
12 9 5 10 8 9 1 6
3 3 9 15 10 12 2 9
6 6 13 5 12 15 3 3
9 9 17 10 2 3 4 6
12 12 6 5 4 6 5 9
3 3 10 10 6 9 6 12
6 6 14 5 8 12 7 3
9 9 4 10 10 15 1 6
12 12 8 15 2 3 2 9
15 15 12 5 4 6 3 3
3 3 16 10 6 9 4 6
6 6 5 5 8 12 5 9
9 9 9 10 2 3 6 12
12 12 13 5 4 6 7 3
15 15 4 10 6 9 1 6
3 3 8 15 8 12 2 9
6 6 12 5 10 15 3 3
9 9 16 10 2 3 4 6
12 12 5 5 4 6 5 9
3 3 9 10 6 9 6 12
6 6 13 5 8 12 7 3
9 9 4 10 10 15 1 6
12 12 8 15 2 3 2 9
15 15 12 5 4 6 3 3
3 3 16 10 6 9 4 6
6 6 5 5 8 12 5 9
9 9 9 10 2 3 6 12
12 12 13 5 4 6 7 3
15 15 4 10 6 9 1 6
3 3 8 15 8 12 2 9
6 6 12 5 10 15 3 3
9 9 16 10 2 3 4 6
12 12 5 5 4 6 5 9
3 3 9 10 6 9 6 12
6 6 13 5 8 12 7 3
9 9 4 10 10 15 1 6
12 12 8 15 2 3 2 9
15 15 12 5 4 6 3 3
3 3 16 10 6 9 4 6
6 6 5 5 8 12 5 9
9 9 9 10 2 3 6 12
12 12 13 5 4 6 7 3
15 15 4 10 6 9 1 6
3 3 8 15 8 12 2 9
6 6 12 5 10 15 3 3
9 9 16 10 2 3 4 6
12 12 5 5 4 6 5 9
3 3 9 10 6 9 6 12
6 6 13 5 8 12 7 3
9 9 4 10 10 15 1 6
12 12 8 15 2 3 2 9
15 15 12 5 4 6 3 3
3 3 16 10 6 9 4 6
6 6 5 5 8 12 5 9
9 9 9 10 2 3 6 12
12 12 13 5 4 6 7 3
15 15 4 10 6 9 1 6
3 3 8 15 8 12 2 9
6 6 12 5 10 15 3 3
9 9 16 10 2 3 4 6
12 12 5 5 4 6 5 9
3 3 9 10 6 9 6 12
6 6 13 5 8 12 7 3
9 9 4 10 10 15 1 6
12 12 8 15 2 3 2 9
15 15 12 5 4 6 3 3
3 3 16 10 6 9 4 6
6 6 5 5 8 12 5 9
9 9 9 10 2 3 6 12
12 12 13 5 4 6 7 3
15 15 4 10 6 9 1 6
3 3 8 15 8 12 2 9
6 6 12 5 10 15 3 3
9 9 16 10 2 3 4 6
12 12 5 5 4 6 5 9
3 3 9 10 6 9 6 12
6 6 13 5 8 12 7 3
9 9 4 10 10 15 1 6
12 12 8 15 2 3 2 9
15 15 12 5 4 6 3 3
3 3 16 10 6 9 4 6
6 6 5 5 8 12 5 9
9 9 9 10 2 3 6 12
12 12 13 5 4 6 7 3
15 15 4 10 6 9 1 6
3 3 8 15 8 12 2 9
6 6 12 5 10 15 3 3
9 9 16 10 2 3 4 6
12 12 5 5 4 6 5 9
*
waitingTimeCarsGone
656
0
663
522
364
0
157
15
13
*
waitingTimeCarsLeft
0
18
0
10
4
1
0
1
