10
6 3 4 0 2 2 4 3
15
101
2375
6689.001
125.3333
49
12.33333
carsInLane
6 3 4 0 2 2 4 3
6 3 8 0 4 4 8 6
12 6 4 0 6 6 4 9
6 9 8 0 2 8 8 12
12 12 12 0 4 10 4 3
6 3 16 0 6 12 8 6
12 6 5 0 8 14 4 9
18 9 9 0 2 2 8 12
9 3 13 0 4 4 12 15
15 6 17 0 6 6 4 3
6 9 21 0 2 8 8 6
12 12 10 0 4 10 12 9
6 3 14 0 6 12 16 12
12 6 4 0 8 14 5 15
18 9 8 0 2 2 9 18
9 3 12 0 4 4 13 21
15 6 16 0 6 6 4 9
6 9 20 0 2 8 8 12
12 12 9 0 4 10 4 15
6 3 13 0 6 12 8 18
12 6 17 0 8 14 4 6
18 9 21 0 2 2 8 9
24 12 10 0 4 4 12 12
15 3 14 0 6 6 16 15
21 6 18 0 8 8 5 3
12 9 22 0 2 10 9 6
18 12 11 0 4 12 4 9
9 3 15 0 6 14 8 12
15 6 4 0 8 16 4 15
21 9 8 0 2 3 8 18
12 3 12 0 4 5 12 21
18 6 16 0 6 7 4 9
9 9 20 0 2 9 8 12
15 12 9 0 4 11 12 15
6 3 13 0 6 13 16 18
12 6 17 0 8 15 5 6
18 9 21 0 2 2 9 9
24 12 10 0 4 4 4 12
15 3 14 0 6 6 8 15
21 6 18 0 8 8 4 3
12 9 22 0 2 10 8 6
18 12 11 0 4 12 4 9
9 3 15 0 6 14 8 12
15 6 4 0 8 16 4 15
21 9 8 0 10 18 8 3
12 12 12 0 2 20 12 6
18 3 16 0 4 7 16 9
24 6 5 0 6 9 5 12
15 9 9 0 2 11 9 15
6 3 13 0 4 13 13 18
12 6 17 0 6 15 4 6
18 3 21 0 8 2 8 9
24 6 10 0 10 4 4 12
15 9 14 0 2 6 8 15
6 3 18 0 4 8 12 18
12 6 22 0 6 10 16 6
18 9 11 0 8 12 5 9
9 3 15 0 10 14 9 12
15 6 4 0 12 16 4 15
21 9 8 0 2 3 8 18
12 3 12 0 4 5 12 21
18 6 16 0 6 7 4 9
9 9 20 0 2 9 8 12
15 12 9 0 4 11 4 15
6 3 13 0 6 13 8 18
12 6 17 0 8 15 4 6
18 9 6 0 10 17 8 9
9 12 10 0 2 19 12 12
15 3 14 0 4 6 16 15
21 6 18 0 6 8 5 3
12 9 22 0 2 10 9 6
18 12 11 0 4 12 4 9
9 3 15 0 6 14 8 12
15 6 4 0 8 16 4 15
21 9 8 0 2 3 8 18
12 3 12 0 4 5 12 21
18 6 16 0 6 7 4 9
24 9 5 0 8 9 8 12
15 3 9 0 10 11 12 15
21 6 13 0 12 13 4 3
12 9 17 0 2 15 8 6
18 12 6 0 4 17 4 9
9 3 10 0 6 19 8 12
15 6 14 0 2 6 12 15
21 9 18 0 4 8 4 3
12 3 22 0 6 10 8 6
18 6 11 0 8 12 4 9
9 9 15 0 2 14 8 12
15 12 19 0 4 16 12 3
21 15 8 0 6 18 4 6
12 3 12 0 8 20 8 9
18 6 16 0 2 7 12 12
24 9 5 0 4 9 4 15
15 3 9 0 6 11 8 18
21 6 13 0 8 13 4 6
12 9 17 0 2 15 8 9
18 12 6 0 4 17 4 12
9 3 10 0 6 19 8 15
15 6 14 0 2 6 12 18
21 9 18 0 4 8 16 6
27 12 7 0 6 10 5 9
*
waitingTimeCarsGone
467
0
648
589
369
0
152
77
38
0
18
10
7
*
waitingTimeCarsLeft
0
21
0
17
7
2
0
2
