5
4 4 3 5 3 2 2 1
15
101
2376
6814.67
carsInLane
4 4 3 5 3 2 2 1
4 4 6 10 6 4 4 2
8 8 3 5 9 6 6 3
4 12 6 10 3 8 8 4
8 4 9 15 6 2 10 5
12 8 3 5 9 4 12 6
16 12 6 10 12 6 2 1
5 16 9 15 3 8 4 2
9 5 12 20 6 2 6 3
13 9 3 10 9 4 8 4
4 13 6 15 3 6 10 5
8 17 3 5 6 8 12 6
12 21 6 10 9 10 2 1
4 10 9 15 12 12 4 2
8 14 12 20 3 2 6 3
12 18 3 10 6 4 8 4
4 7 6 15 9 6 10 5
8 11 3 5 12 8 12 6
12 15 6 10 15 10 2 1
4 19 9 15 3 12 4 2
8 8 12 20 6 2 6 3
12 12 3 10 9 4 8 4
4 4 6 15 12 6 10 5
8 8 3 5 15 8 12 6
12 12 6 10 18 10 2 1
16 16 9 15 6 2 4 2
5 5 12 20 9 4 6 3
9 9 3 10 12 6 8 4
4 13 6 15 3 8 10 5
8 4 9 20 6 2 12 6
12 8 12 25 9 4 2 1
16 12 3 15 12 6 4 2
5 16 6 20 3 8 6 3
9 20 3 10 6 10 8 4
13 9 6 15 9 2 10 5
4 13 9 20 3 4 12 6
8 17 12 25 6 6 2 1
12 21 3 15 9 8 4 2
4 10 6 20 12 10 6 3
8 14 3 10 15 12 8 4
12 18 6 15 3 2 10 5
4 7 9 20 6 4 12 6
8 11 12 25 9 6 2 1
12 15 3 15 12 8 4 2
4 4 6 20 15 10 6 3
8 8 3 10 18 12 8 4
12 12 6 15 6 2 10 5
4 4 9 20 9 4 12 6
8 8 12 25 12 6 2 1
12 12 3 15 15 8 4 2
4 16 6 20 3 10 6 3
8 5 9 25 6 2 8 4
12 9 3 15 9 4 10 5
4 13 6 20 3 6 12 6
8 17 9 25 6 8 2 1
12 21 3 15 9 10 4 2
4 10 6 20 12 12 6 3
8 14 9 25 3 2 8 4
12 18 3 15 6 4 10 5
4 7 6 20 9 6 12 6
8 11 9 25 12 8 2 1
12 15 3 15 15 10 4 2
4 19 6 20 3 12 6 3
8 8 9 25 6 2 8 4
12 12 3 15 9 4 10 5
4 4 6 20 12 6 12 6
8 8 9 25 15 8 2 1
12 12 3 15 18 10 4 2
16 16 6 20 6 2 6 3
5 5 9 25 9 4 8 4
9 9 3 15 12 6 10 5
4 13 6 20 3 8 12 6
8 17 9 25 6 10 2 1
12 21 3 15 9 12 4 2
16 10 6 20 12 2 6 3
5 14 9 25 3 4 8 4
9 18 3 15 6 6 10 5
4 7 6 20 9 8 12 6
8 11 9 25 12 10 2 1
12 15 3 15 15 12 4 2
16 19 6 20 3 2 6 3
5 8 9 25 6 4 8 4
9 12 3 15 9 6 10 5
4 4 6 20 12 8 12 6
8 8 9 25 15 10 2 1
12 12 3 15 18 12 4 2
16 16 6 20 6 2 6 3
5 5 9 25 9 4 8 4
9 9 3 15 12 6 10 5
4 13 6 20 3 8 12 6
8 17 9 25 6 10 2 1
12 21 3 15 9 12 4 2
16 10 6 20 12 2 6 3
5 14 9 25 3 4 8 4
9 18 3 15 6 6 10 5
4 7 6 20 9 8 12 6
8 11 9 25 12 10 2 1
12 15 3 15 15 12 4 2
16 19 6 20 3 2 6 3
5 8 9 25 6 4 8 4
9 12 3 15 9 6 10 5
*
waitingTimeCarsGone
448
0
545
610
427
0
259
87
*
waitingTimeCarsLeft
0
16
0
13
13
3
0
3
