2
4 3 4 4 0 3 3 3
15
101
2317
9929.652
526.6666
107
carsInLane
4 3 4 4 0 3 3 3
8 6 4 4 0 6 6 6
4 3 8 8 0 9 9 9
8 6 12 12 0 3 12 12
12 9 16 16 0 6 3 3
16 12 5 5 0 9 6 6
5 3 9 9 0 12 9 9
9 6 13 13 0 3 12 12
13 9 17 17 0 6 3 3
17 12 6 6 0 9 6 6
6 3 10 10 0 12 9 9
10 6 14 14 0 3 12 12
14 9 18 18 0 6 3 3
18 12 7 7 0 9 6 6
7 3 11 11 0 12 9 9
11 6 15 15 0 3 12 12
15 9 19 19 0 6 3 3
19 12 8 8 0 9 6 6
8 3 12 12 0 12 9 9
12 6 16 16 0 3 12 12
16 9 20 20 0 6 3 3
20 12 9 9 0 9 6 6
9 3 13 13 0 12 9 9
13 6 17 17 0 3 12 12
17 9 21 21 0 6 3 3
21 12 10 10 0 9 6 6
10 3 14 14 0 12 9 9
14 6 18 18 0 3 12 12
18 9 22 22 0 6 3 3
22 12 11 11 0 9 6 6
11 3 15 15 0 12 9 9
15 6 19 19 0 3 12 12
19 9 23 23 0 6 3 3
23 12 12 12 0 9 6 6
12 3 16 16 0 12 9 9
16 6 20 20 0 3 12 12
20 9 24 24 0 6 3 3
24 12 13 13 0 9 6 6
13 3 17 17 0 12 9 9
17 6 21 21 0 3 12 12
21 9 25 25 0 6 3 3
25 12 14 14 0 9 6 6
14 3 18 18 0 12 9 9
18 6 22 22 0 3 12 12
22 9 26 26 0 6 3 3
26 12 15 15 0 9 6 6
15 3 19 19 0 12 9 9
19 6 23 23 0 3 12 12
23 9 27 27 0 6 3 3
27 12 16 16 0 9 6 6
16 3 20 20 0 12 9 9
20 6 24 24 0 3 12 12
24 9 28 28 0 6 3 3
28 12 17 17 0 9 6 6
17 3 21 21 0 12 9 9
21 6 25 25 0 3 12 12
25 9 29 29 0 6 3 3
29 12 18 18 0 9 6 6
18 3 22 22 0 12 9 9
22 6 26 26 0 3 12 12
26 9 30 30 0 6 3 3
30 12 19 19 0 9 6 6
19 3 23 23 0 12 9 9
23 6 27 27 0 3 12 12
27 9 31 31 0 6 3 3
31 12 20 20 0 9 6 6
20 3 24 24 0 12 9 9
24 6 28 28 0 3 12 12
28 9 32 32 0 6 3 3
32 12 21 21 0 9 6 6
21 3 25 25 0 12 9 9
25 6 29 29 0 3 12 12
29 9 33 33 0 6 3 3
33 12 22 22 0 9 6 6
22 3 26 26 0 12 9 9
26 6 30 30 0 3 12 12
30 9 34 34 0 6 3 3
34 12 23 23 0 9 6 6
23 3 27 27 0 12 9 9
27 6 31 31 0 3 12 12
31 9 35 35 0 6 3 3
35 12 24 24 0 9 6 6
24 3 28 28 0 12 9 9
28 6 32 32 0 3 12 12
32 9 36 36 0 6 3 3
36 12 25 25 0 9 6 6
25 3 29 29 0 12 9 9
29 6 33 33 0 3 12 12
33 9 37 37 0 6 3 3
37 12 26 26 0 9 6 6
26 3 30 30 0 12 9 9
30 6 34 34 0 3 12 12
34 9 38 38 0 6 3 3
38 12 27 27 0 9 6 6
27 3 31 31 0 12 9 9
31 6 35 35 0 3 12 12
35 9 39 39 0 6 3 3
39 12 28 28 0 9 6 6
28 3 32 32 0 12 9 9
32 6 36 36 0 3 12 12
36 9 40 40 0 6 3 3
*
waitingTimeCarsGone
330
0
370
411
456
0
180
180
168
0
122
74
26
*
waitingTimeCarsLeft
0
24
0
18
15
12
0
12
12
6
0
4
4
