10
2 4 5 0 3 6 4 0
15
101
2383
5174.333
113.3333
41
carsInLane
2 4 5 0 3 6 4 0
4 4 10 0 6 6 8 0
6 8 5 0 9 12 4 0
8 12 10 0 3 6 8 0
2 4 15 0 6 12 12 0
4 8 5 0 9 18 4 0
6 12 10 0 3 9 8 0
8 4 15 0 6 6 12 0
10 8 5 0 9 12 4 0
12 12 10 0 3 6 8 0
2 4 15 0 6 12 12 0
4 8 20 0 9 18 16 0
6 12 10 0 12 24 5 0
8 4 15 0 15 15 9 0
10 8 20 0 3 6 13 0
12 12 10 0 6 12 4 0
14 4 15 0 9 6 8 0
2 8 20 0 3 12 12 0
4 12 10 0 6 18 4 0
6 4 15 0 9 9 8 0
8 8 5 0 12 15 4 0
10 12 10 0 3 6 8 0
12 16 15 0 6 12 12 0
14 5 20 0 9 6 16 0
16 9 10 0 12 12 5 0
3 13 15 0 3 18 9 0
5 4 20 0 6 9 13 0
7 8 10 0 9 15 4 0
9 12 15 0 3 6 8 0
11 16 5 0 6 12 4 0
13 5 10 0 9 6 8 0
2 9 15 0 3 12 12 0
4 13 5 0 6 18 4 0
6 17 10 0 9 24 8 0
8 6 15 0 12 15 12 0
10 10 5 0 15 21 4 0
12 14 10 0 3 12 8 0
14 4 15 0 6 6 12 0
16 8 5 0 9 12 4 0
3 12 10 0 3 18 8 0
5 4 15 0 6 9 12 0
7 8 5 0 9 15 4 0
9 12 10 0 3 6 8 0
2 4 15 0 6 12 12 0
4 8 20 0 9 18 16 0
6 12 10 0 12 24 5 0
8 4 15 0 15 15 9 0
10 8 20 0 3 6 13 0
12 12 10 0 6 12 4 0
14 4 15 0 9 6 8 0
2 8 20 0 3 12 12 0
4 12 10 0 6 18 4 0
6 4 15 0 9 9 8 0
8 8 5 0 12 15 4 0
10 12 10 0 3 6 8 0
12 16 15 0 6 12 12 0
14 5 20 0 9 6 16 0
16 9 10 0 12 12 5 0
3 13 15 0 3 18 9 0
5 4 20 0 6 9 13 0
7 8 10 0 9 15 4 0
9 12 15 0 3 6 8 0
11 16 5 0 6 12 4 0
13 5 10 0 9 6 8 0
2 9 15 0 3 12 12 0
4 13 5 0 6 18 4 0
6 17 10 0 9 24 8 0
8 6 15 0 12 15 12 0
10 10 5 0 15 21 4 0
12 14 10 0 3 12 8 0
14 4 15 0 6 6 12 0
16 8 5 0 9 12 4 0
3 12 10 0 3 18 8 0
5 4 15 0 6 9 12 0
7 8 5 0 9 15 4 0
9 12 10 0 3 6 8 0
2 4 15 0 6 12 12 0
4 8 20 0 9 18 16 0
6 12 10 0 12 24 5 0
8 4 15 0 15 15 9 0
10 8 20 0 3 6 13 0
12 12 10 0 6 12 4 0
14 4 15 0 9 6 8 0
2 8 20 0 3 12 12 0
4 12 10 0 6 18 4 0
6 4 15 0 9 9 8 0
8 8 5 0 12 15 4 0
10 12 10 0 3 6 8 0
12 16 15 0 6 12 12 0
14 5 20 0 9 6 16 0
16 9 10 0 12 12 5 0
3 13 15 0 3 18 9 0
5 4 20 0 6 9 13 0
7 8 10 0 9 15 4 0
9 12 15 0 3 6 8 0
11 16 5 0 6 12 4 0
13 5 10 0 9 6 8 0
2 9 15 0 3 12 12 0
4 13 5 0 6 18 4 0
6 17 10 0 9 24 8 0
8 6 15 0 12 15 12 0
*
waitingTimeCarsGone
626
0
768
639
253
0
44
24
19
0
10
*
waitingTimeCarsLeft
0
15
0
13
8
5
