4
0 4 2 2 4 4 0 8
15
101
1900
27358.66
9316
524
carsInLane
0 4 2 2 4 4 0 8
0 8 4 2 8 8 0 8
0 4 6 4 12 4 0 16
0 8 8 2 16 8 0 9
0 12 10 4 5 4 0 17
0 16 2 6 9 8 0 25
0 5 4 8 13 12 0 33
0 9 6 2 17 16 0 26
0 13 8 4 6 5 0 34
0 17 10 2 10 9 0 27
0 21 2 4 14 13 0 35
0 10 4 6 18 17 0 43
0 14 6 2 22 21 0 36
0 18 8 4 11 10 0 44
0 22 10 2 15 14 0 37
0 26 2 4 19 18 0 45
0 15 4 6 23 22 0 53
0 19 6 2 27 26 0 46
0 23 8 4 16 15 0 54
0 27 10 2 20 19 0 47
0 31 2 4 24 23 0 55
0 20 4 6 28 27 0 63
0 24 6 2 32 31 0 56
0 28 8 4 21 20 0 64
0 32 10 2 25 24 0 57
0 36 2 4 29 28 0 65
0 25 4 6 33 32 0 73
0 29 6 2 37 36 0 66
0 33 8 4 26 25 0 74
0 37 10 2 30 29 0 67
0 41 2 4 34 33 0 75
0 30 4 6 38 37 0 83
0 34 6 2 42 41 0 76
0 38 8 4 31 30 0 84
0 42 10 2 35 34 0 77
0 46 2 4 39 38 0 85
0 35 4 6 43 42 0 93
0 39 6 2 47 46 0 86
0 43 8 4 36 35 0 94
0 47 10 2 40 39 0 87
0 51 2 4 44 43 0 95
0 40 4 6 48 47 0 103
0 44 6 2 52 51 0 96
0 48 8 4 41 40 0 104
0 52 10 2 45 44 0 97
0 56 2 4 49 48 0 105
0 45 4 6 53 52 0 113
0 49 6 2 57 56 0 106
0 53 8 4 46 45 0 114
0 57 10 2 50 49 0 107
0 61 2 4 54 53 0 115
0 50 4 6 58 57 0 123
0 54 6 2 62 61 0 116
0 58 8 4 51 50 0 124
0 62 10 2 55 54 0 117
0 66 2 4 59 58 0 125
0 55 4 6 63 62 0 133
0 59 6 2 67 66 0 126
0 63 8 4 56 55 0 134
0 67 10 2 60 59 0 127
0 71 2 4 64 63 0 135
0 60 4 6 68 67 0 143
0 64 6 2 72 71 0 136
0 68 8 4 61 60 0 144
0 72 10 2 65 64 0 137
0 76 2 4 69 68 0 145
0 65 4 6 73 72 0 153
0 69 6 2 77 76 0 146
0 73 8 4 66 65 0 154
0 77 10 2 70 69 0 147
0 81 2 4 74 73 0 155
0 70 4 6 78 77 0 163
0 74 6 2 82 81 0 156
0 78 8 4 71 70 0 164
0 82 10 2 75 74 0 157
0 86 2 4 79 78 0 165
0 75 4 6 83 82 0 173
0 79 6 2 87 86 0 166
0 83 8 4 76 75 0 174
0 87 10 2 80 79 0 167
0 91 2 4 84 83 0 175
0 80 4 6 88 87 0 183
0 84 6 2 92 91 0 176
0 88 8 4 81 80 0 184
0 92 10 2 85 84 0 177
0 96 2 4 89 88 0 185
0 85 4 6 93 92 0 193
0 89 6 2 97 96 0 186
0 93 8 4 86 85 0 194
0 97 10 2 90 89 0 187
0 101 2 4 94 93 0 195
0 90 4 6 98 97 0 203
0 94 6 2 102 101 0 196
0 98 8 4 91 90 0 204
0 102 10 2 95 94 0 197
0 106 2 4 99 98 0 205
0 95 4 6 103 102 0 213
0 99 6 2 107 106 0 206
0 103 8 4 96 95 0 214
0 107 10 2 100 99 0 207
0 111 2 4 104 103 0 215
*
waitingTimeCarsGone
158
0
159
119
105
0
98
59
62
0
62
59
58
0
59
62
62
0
59
58
59
0
62
62
59
0
58
59
62
0
62
59
51
0
43
22
3
*
waitingTimeCarsLeft
0
24
0
22
20
20
0
20
20
20
0
20
20
20
0
20
20
20
0
20
20
20
0
20
20
20
0
20
20
20
0
20
20
16
0
15
7
