4
4 5 2 7 2 0 3 1
15
101
2053
20429.67
6164
371
38.66667
carsInLane
4 5 2 7 2 0 3 1
4 5 4 14 4 0 6 2
8 10 2 7 6 0 9 3
4 5 4 14 8 0 12 4
8 10 6 7 10 0 15 1
12 15 8 14 2 0 18 2
16 20 2 21 4 0 6 3
5 10 4 28 6 0 9 4
9 15 6 20 8 0 12 1
13 20 2 12 10 0 15 2
17 25 4 19 2 0 18 3
21 30 6 26 4 0 6 1
10 20 8 33 6 0 9 2
14 25 2 25 8 0 12 3
4 15 4 32 10 0 15 4
8 20 6 39 2 0 18 5
12 25 8 46 4 0 6 1
16 30 2 38 6 0 9 2
5 20 4 45 8 0 12 3
9 25 2 37 10 0 15 4
13 30 4 44 2 0 18 5
17 35 6 51 4 0 6 1
21 40 2 43 6 0 9 2
10 30 4 50 8 0 12 3
14 35 2 42 10 0 15 4
18 40 4 49 2 0 18 5
22 45 6 56 4 0 6 1
11 35 8 63 6 0 9 2
15 40 2 55 8 0 12 3
19 45 4 47 10 0 15 1
23 50 6 54 2 0 18 2
27 55 2 61 4 0 6 3
16 45 4 68 6 0 9 4
20 50 6 60 8 0 12 1
9 40 8 67 10 0 15 2
13 45 10 74 2 0 18 3
17 50 2 81 4 0 6 4
21 55 4 73 6 0 9 1
25 60 2 65 8 0 12 2
14 50 4 72 10 0 15 3
18 55 6 79 2 0 18 4
22 60 8 86 4 0 6 1
26 65 2 78 6 0 9 2
15 55 4 85 8 0 12 3
19 60 2 77 10 0 15 4
23 65 4 84 2 0 18 5
27 70 6 91 4 0 6 1
16 60 8 98 6 0 9 2
20 65 2 90 8 0 12 3
24 70 4 82 10 0 15 1
28 75 6 89 2 0 18 2
32 80 2 96 4 0 6 3
21 70 4 103 6 0 9 4
25 75 6 95 8 0 12 1
29 80 2 87 10 0 15 2
33 85 4 94 2 0 18 3
37 90 6 101 4 0 6 1
26 80 8 108 6 0 9 2
30 85 2 100 8 0 12 3
19 75 4 107 10 0 15 4
23 80 6 114 2 0 18 5
27 85 8 121 4 0 6 1
31 90 2 113 6 0 9 2
20 80 4 120 8 0 12 3
24 85 2 112 10 0 15 4
28 90 4 119 2 0 18 5
32 95 6 126 4 0 6 1
36 100 2 118 6 0 9 2
25 90 4 125 8 0 12 3
29 95 2 117 10 0 15 4
33 100 4 124 2 0 18 5
37 105 6 131 4 0 6 1
26 95 8 138 6 0 9 2
30 100 2 130 8 0 12 3
34 105 4 122 10 0 15 1
38 110 6 129 2 0 18 2
42 115 2 136 4 0 6 3
31 105 4 143 6 0 9 4
35 110 6 135 8 0 12 1
24 100 8 142 10 0 15 2
28 105 10 149 2 0 18 3
32 110 2 156 4 0 6 4
36 115 4 148 6 0 9 1
40 120 2 140 8 0 12 2
29 110 4 147 10 0 15 3
33 115 6 154 2 0 18 4
37 120 8 161 4 0 6 1
41 125 2 153 6 0 9 2
30 115 4 160 8 0 12 3
34 120 2 152 10 0 15 4
38 125 4 159 2 0 18 5
42 130 6 166 4 0 6 1
31 120 8 173 6 0 9 2
35 125 2 165 8 0 12 3
39 130 4 157 10 0 15 1
43 135 6 164 2 0 18 2
47 140 2 171 4 0 6 3
36 130 4 178 6 0 9 4
40 135 6 170 8 0 12 1
44 140 2 162 10 0 15 2
48 145 4 169 2 0 18 3
*
waitingTimeCarsGone
171
0
243
226
221
0
184
147
83
0
75
69
53
0
49
48
36
0
33
22
39
0
47
41
26
0
34
34
41
0
46
38
24
0
13
5
5
*
waitingTimeCarsLeft
0
23
0
18
16
16
0
16
16
16
0
16
16
16
0
16
16
12
0
12
12
12
0
12
12
12
0
12
12
12
0
12
12
6
0
5
5
5
0
5
