100
3 0 3 3 4 5 3 3
15
101
2369
6487.009
carsInLane
3 0 3 3 4 5 3 3
6 0 6 6 4 5 6 6
9 0 3 9 8 10 3 9
12 0 6 3 12 15 6 3
15 0 9 6 4 5 9 6
3 0 12 9 4 10 12 9
6 0 3 12 8 15 3 12
9 0 6 3 12 20 6 3
12 0 9 6 4 10 9 6
15 0 3 9 8 15 3 9
3 0 6 12 4 20 6 12
6 0 9 3 8 25 9 3
9 0 12 6 4 15 12 6
12 0 3 9 8 20 3 9
15 0 6 12 4 10 6 12
18 0 9 3 8 15 9 3
6 0 12 6 4 20 12 6
9 0 3 9 8 25 3 9
12 0 6 12 4 15 6 12
15 0 9 3 8 20 9 3
18 0 12 6 4 10 12 6
21 0 3 9 8 15 3 9
9 0 6 12 4 20 6 12
12 0 9 3 8 25 9 3
15 0 12 6 4 15 12 6
18 0 3 9 8 20 3 9
21 0 6 12 4 10 6 12
9 0 9 15 4 15 9 15
12 0 12 3 8 20 12 3
15 0 15 6 4 10 15 6
18 0 3 9 8 15 3 9
6 0 6 12 4 20 6 12
9 0 9 3 8 25 9 3
12 0 12 6 4 15 12 6
15 0 3 9 8 20 3 9
18 0 6 12 4 10 6 12
21 0 9 3 8 15 9 3
9 0 12 6 4 20 12 6
12 0 3 9 8 25 3 9
15 0 6 12 4 15 6 12
18 0 9 3 8 20 9 3
21 0 12 6 4 10 12 6
9 0 15 9 4 15 15 9
12 0 3 12 8 20 3 12
15 0 6 15 4 10 6 15
18 0 9 3 8 15 9 3
6 0 12 6 4 20 12 6
9 0 3 9 8 25 3 9
12 0 6 12 4 15 6 12
15 0 9 3 8 20 9 3
18 0 12 6 4 10 12 6
21 0 3 9 8 15 3 9
9 0 6 12 4 20 6 12
12 0 9 3 8 25 9 3
15 0 12 6 4 15 12 6
18 0 3 9 8 20 3 9
21 0 6 12 4 10 6 12
9 0 9 15 4 15 9 15
12 0 12 3 8 20 12 3
15 0 15 6 4 10 15 6
18 0 3 9 8 15 3 9
6 0 6 12 4 20 6 12
9 0 9 3 8 25 9 3
12 0 12 6 4 15 12 6
15 0 3 9 8 20 3 9
18 0 6 12 4 10 6 12
21 0 9 3 8 15 9 3
9 0 12 6 4 20 12 6
12 0 3 9 8 25 3 9
15 0 6 12 4 15 6 12
18 0 9 3 8 20 9 3
21 0 12 6 4 10 12 6
9 0 15 9 4 15 15 9
12 0 3 12 8 20 3 12
15 0 6 15 4 10 6 15
18 0 9 3 8 15 9 3
6 0 12 6 4 20 12 6
9 0 3 9 8 25 3 9
12 0 6 12 4 15 6 12
15 0 9 3 8 20 9 3
18 0 12 6 4 10 12 6
21 0 3 9 8 15 3 9
9 0 6 12 4 20 6 12
12 0 9 3 8 25 9 3
15 0 12 6 4 15 12 6
18 0 3 9 8 20 3 9
21 0 6 12 4 10 6 12
9 0 9 15 4 15 9 15
12 0 12 3 8 20 12 3
15 0 15 6 4 10 15 6
18 0 3 9 8 15 3 9
6 0 6 12 4 20 6 12
9 0 9 3 8 25 9 3
12 0 12 6 4 15 12 6
15 0 3 9 8 20 3 9
18 0 6 12 4 10 6 12
21 0 9 3 8 15 9 3
9 0 12 6 4 20 12 6
12 0 3 9 8 25 3 9
15 0 6 12 4 15 6 12
18 0 9 3 8 20 9 3
*
waitingTimeCarsGone
512
0
590
510
485
0
185
54
33
*
waitingTimeCarsLeft
0
24
0
15
11
5
