2
1 2 4 4 3 3 4 3
15
101
2316
9925.319
529.3334
108
12.33333
-2288.155
carsInLane
1 2 4 4 3 3 4 3
2 4 4 8 6 6 4 6
3 6 8 4 9 9 8 3
1 8 12 8 3 12 12 6
2 2 16 12 6 3 16 9
3 4 5 16 9 6 5 12
4 6 9 5 12 9 9 3
1 8 13 9 3 12 13 6
2 2 17 13 6 3 17 9
3 4 6 17 9 6 6 12
4 6 10 6 12 9 10 3
1 8 14 10 3 12 14 6
2 2 18 14 6 3 18 9
3 4 7 18 9 6 7 12
4 6 11 7 12 9 11 3
1 8 15 11 3 12 15 6
2 2 19 15 6 3 19 9
3 4 8 19 9 6 8 12
4 6 12 8 12 9 12 3
1 8 16 12 3 12 16 6
2 2 20 16 6 3 20 9
3 4 9 20 9 6 9 12
4 6 13 9 12 9 13 3
1 8 17 13 3 12 17 6
2 2 21 17 6 3 21 9
3 4 10 21 9 6 10 12
4 6 14 10 12 9 14 3
1 8 18 14 3 12 18 6
2 2 22 18 6 3 22 9
3 4 11 22 9 6 11 12
4 6 15 11 12 9 15 3
1 8 19 15 3 12 19 6
2 2 23 19 6 3 23 9
3 4 12 23 9 6 12 12
4 6 16 12 12 9 16 3
1 8 20 16 3 12 20 6
2 2 24 20 6 3 24 9
3 4 13 24 9 6 13 12
4 6 17 13 12 9 17 3
1 8 21 17 3 12 21 6
2 2 25 21 6 3 25 9
3 4 14 25 9 6 14 12
4 6 18 14 12 9 18 3
1 8 22 18 3 12 22 6
2 2 26 22 6 3 26 9
3 4 15 26 9 6 15 12
4 6 19 15 12 9 19 3
1 8 23 19 3 12 23 6
2 2 27 23 6 3 27 9
3 4 16 27 9 6 16 12
4 6 20 16 12 9 20 3
1 8 24 20 3 12 24 6
2 2 28 24 6 3 28 9
3 4 17 28 9 6 17 12
4 6 21 17 12 9 21 3
1 8 25 21 3 12 25 6
2 2 29 25 6 3 29 9
3 4 18 29 9 6 18 12
4 6 22 18 12 9 22 3
1 8 26 22 3 12 26 6
2 2 30 26 6 3 30 9
3 4 19 30 9 6 19 12
4 6 23 19 12 9 23 3
1 8 27 23 3 12 27 6
2 2 31 27 6 3 31 9
3 4 20 31 9 6 20 12
4 6 24 20 12 9 24 3
1 8 28 24 3 12 28 6
2 2 32 28 6 3 32 9
3 4 21 32 9 6 21 12
4 6 25 21 12 9 25 3
1 8 29 25 3 12 29 6
2 2 33 29 6 3 33 9
3 4 22 33 9 6 22 12
4 6 26 22 12 9 26 3
1 8 30 26 3 12 30 6
2 2 34 30 6 3 34 9
3 4 23 34 9 6 23 12
4 6 27 23 12 9 27 3
1 8 31 27 3 12 31 6
2 2 35 31 6 3 35 9
3 4 24 35 9 6 24 12
4 6 28 24 12 9 28 3
1 8 32 28 3 12 32 6
2 2 36 32 6 3 36 9
3 4 25 36 9 6 25 12
4 6 29 25 12 9 29 3
1 8 33 29 3 12 33 6
2 2 37 33 6 3 37 9
3 4 26 37 9 6 26 12
4 6 30 26 12 9 30 3
1 8 34 30 3 12 34 6
2 2 38 34 6 3 38 9
3 4 27 38 9 6 27 12
4 6 31 27 12 9 31 3
1 8 35 31 3 12 35 6
2 2 39 35 6 3 39 9
3 4 28 39 9 6 28 12
4 6 32 28 12 9 32 3
1 8 36 32 3 12 36 6
2 2 40 36 6 3 40 9
*
waitingTimeCarsGone
330
0
370
411
455
0
180
180
168
0
122
74
26
*
waitingTimeCarsLeft
0
24
0
19
15
12
0
12
12
6
0
4
4
