7
3 3 3 1 9 2 2 1
15
101
2204
15400
2427.999
220
33.66667
carsInLane
3 3 3 1 9 2 2 1
3 6 6 2 9 4 4 2
6 9 9 3 9 2 6 3
3 12 12 4 9 4 8 4
6 15 3 5 18 6 2 5
3 18 6 6 12 8 4 6
6 6 9 7 21 2 6 7
3 9 12 8 15 4 8 8
6 12 15 1 24 6 10 1
3 15 18 2 18 8 12 2
6 18 6 3 27 10 2 3
9 21 9 4 21 2 4 4
3 24 12 5 15 4 6 5
6 12 15 6 24 2 8 6
3 15 18 7 18 4 10 7
6 18 6 8 27 6 2 8
9 21 9 1 36 8 4 1
3 24 12 2 30 10 6 2
6 27 15 3 24 2 8 3
3 15 18 4 33 4 10 4
6 18 21 5 27 2 12 5
3 21 24 6 21 4 14 6
6 24 12 7 30 6 2 7
3 27 15 8 24 8 4 8
6 30 18 1 33 10 6 1
9 33 21 2 27 2 8 2
3 21 24 3 36 4 10 3
6 24 27 4 30 2 12 4
9 27 15 5 39 4 2 5
3 30 18 6 33 6 4 6
6 33 21 7 27 2 6 7
3 21 24 8 36 4 8 8
6 24 27 1 45 6 10 1
3 27 30 2 39 8 12 2
6 30 33 3 33 2 14 3
9 33 21 4 42 4 2 4
3 36 24 5 36 6 4 5
6 24 27 6 45 2 6 6
3 27 30 7 39 4 8 7
6 30 33 8 33 2 10 8
9 33 36 1 42 4 12 1
3 36 39 2 36 6 14 2
6 39 27 3 45 8 2 3
9 42 30 4 39 2 4 4
3 30 33 5 48 4 6 5
6 33 36 6 42 2 8 6
3 36 39 7 36 4 10 7
6 39 27 8 45 6 2 8
9 42 30 1 54 8 4 1
3 45 33 2 48 10 6 2
6 48 36 3 42 2 8 3
3 36 39 4 51 4 10 4
6 39 42 5 45 2 12 5
9 42 30 6 54 4 2 6
3 45 33 7 48 6 4 7
6 48 36 8 42 2 6 8
9 51 39 1 51 4 8 1
3 54 42 2 45 6 10 2
6 42 45 3 54 2 12 3
3 45 48 4 48 4 14 4
6 48 36 5 57 6 2 5
3 51 39 6 51 8 4 6
6 39 42 7 60 2 6 7
3 42 45 8 54 4 8 8
6 45 48 1 63 6 10 1
3 48 51 2 57 8 12 2
6 51 54 3 51 2 14 3
9 54 42 4 60 4 2 4
3 57 45 5 54 6 4 5
6 45 48 6 63 2 6 6
3 48 51 7 57 4 8 7
6 51 54 8 51 2 10 8
9 54 57 1 60 4 12 1
3 57 60 2 54 6 14 2
6 60 48 3 63 8 2 3
9 63 51 4 57 2 4 4
3 51 54 5 66 4 6 5
6 54 57 6 60 2 8 6
3 57 60 7 54 4 10 7
6 60 48 8 63 6 2 8
9 63 51 1 72 8 4 1
3 66 54 2 66 10 6 2
6 54 57 3 75 2 8 3
3 57 60 4 69 4 10 4
6 60 63 5 63 2 12 5
9 63 51 6 72 4 2 6
3 66 54 7 66 6 4 7
6 54 57 8 75 2 6 8
9 57 60 1 84 4 8 1
3 60 63 2 78 6 10 2
6 63 66 3 72 2 12 3
3 66 69 4 66 4 14 4
6 69 57 5 75 6 2 5
3 72 60 6 69 8 4 6
6 60 63 7 78 2 6 7
3 63 66 8 72 4 8 8
6 66 69 1 81 6 10 1
3 69 72 2 75 8 12 2
6 72 60 3 84 10 2 3
9 75 63 4 78 2 4 4
3 78 66 5 72 4 6 5
*
waitingTimeCarsGone
286
0
316
261
223
0
213
201
161
0
141
75
30
0
24
21
21
0
21
18
24
0
24
27
24
0
27
21
18
0
12
9
3
0
3
*
waitingTimeCarsLeft
0
22
0
19
19
17
0
17
15
15
0
15
6
6
0
6
6
6
0
6
6
6
0
6
6
6
0
6
6
3
