2
0 7 8 4 0 2 1 2
15
101
1632
29298.69
26261.34
792
72.33333
carsInLane
0 7 8 4 0 2 1 2
0 14 8 4 0 4 2 4
0 7 16 8 0 2 3 6
0 14 24 12 0 4 4 8
0 21 32 16 0 6 1 2
0 28 25 5 0 8 2 4
0 20 33 9 0 2 3 6
0 27 41 13 0 4 4 8
0 34 49 17 0 6 1 2
0 41 42 6 0 8 2 4
0 33 50 10 0 2 3 6
0 40 58 14 0 4 4 8
0 47 66 18 0 6 1 2
0 54 59 7 0 8 2 4
0 46 67 11 0 2 3 6
0 53 75 15 0 4 4 8
0 60 83 19 0 6 1 2
0 67 76 8 0 8 2 4
0 59 84 12 0 2 3 6
0 66 92 16 0 4 4 8
0 73 100 20 0 6 1 2
0 80 93 9 0 8 2 4
0 72 101 13 0 2 3 6
0 79 109 17 0 4 4 8
0 86 117 21 0 6 1 2
0 93 110 10 0 8 2 4
0 85 118 14 0 2 3 6
0 92 126 18 0 4 4 8
0 99 134 22 0 6 1 2
0 106 127 11 0 8 2 4
0 98 135 15 0 2 3 6
0 105 143 19 0 4 4 8
0 112 151 23 0 6 1 2
0 119 144 12 0 8 2 4
0 111 152 16 0 2 3 6
0 118 160 20 0 4 4 8
0 125 168 24 0 6 1 2
0 132 161 13 0 8 2 4
0 124 169 17 0 2 3 6
0 131 177 21 0 4 4 8
0 138 185 25 0 6 1 2
0 145 178 14 0 8 2 4
0 137 186 18 0 2 3 6
0 144 194 22 0 4 4 8
0 151 202 26 0 6 1 2
0 158 195 15 0 8 2 4
0 150 203 19 0 2 3 6
0 157 211 23 0 4 4 8
0 164 219 27 0 6 1 2
0 171 212 16 0 8 2 4
0 163 220 20 0 2 3 6
0 170 228 24 0 4 4 8
0 177 236 28 0 6 1 2
0 184 229 17 0 8 2 4
0 176 237 21 0 2 3 6
0 183 245 25 0 4 4 8
0 190 253 29 0 6 1 2
0 197 246 18 0 8 2 4
0 189 254 22 0 2 3 6
0 196 262 26 0 4 4 8
0 203 270 30 0 6 1 2
0 210 263 19 0 8 2 4
0 202 271 23 0 2 3 6
0 209 279 27 0 4 4 8
0 216 287 31 0 6 1 2
0 223 280 20 0 8 2 4
0 215 288 24 0 2 3 6
0 222 296 28 0 4 4 8
0 229 304 32 0 6 1 2
0 236 297 21 0 8 2 4
0 228 305 25 0 2 3 6
0 235 313 29 0 4 4 8
0 242 321 33 0 6 1 2
0 249 314 22 0 8 2 4
0 241 322 26 0 2 3 6
0 248 330 30 0 4 4 8
0 255 338 34 0 6 1 2
0 262 331 23 0 8 2 4
0 254 339 27 0 2 3 6
0 261 347 31 0 4 4 8
0 268 355 35 0 6 1 2
0 275 348 24 0 8 2 4
0 267 356 28 0 2 3 6
0 274 364 32 0 4 4 8
0 281 372 36 0 6 1 2
0 288 365 25 0 8 2 4
0 280 373 29 0 2 3 6
0 287 381 33 0 4 4 8
0 294 389 37 0 6 1 2
0 301 382 26 0 8 2 4
0 293 390 30 0 2 3 6
0 300 398 34 0 4 4 8
0 307 406 38 0 6 1 2
0 314 399 27 0 8 2 4
0 306 407 31 0 2 3 6
0 313 415 35 0 4 4 8
0 320 423 39 0 6 1 2
0 327 416 28 0 8 2 4
0 319 424 32 0 2 3 6
0 326 432 36 0 4 4 8
0 333 440 40 0 6 1 2
*
waitingTimeCarsGone
150
0
155
175
194
0
73
77
70
0
59
39
27
0
13
17
13
0
17
14
16
0
15
15
16
0
14
17
13
0
17
13
17
0
13
17
14
0
16
15
15
0
15
15
15
0
15
16
14
0
17
13
17
0
14
16
15
0
15
15
15
0
11
8
6
0
8
6
8
0
7
7
8
*
waitingTimeCarsLeft
0
24
0
21
21
19
0
19
19
16
0
15
15
15
0
15
15
15
0
15
15
15
0
15
15
15
0
15
15
15
0
15
15
15
0
15
15
15
0
15
15
15
0
15
15
15
0
15
15
15
0
15
15
15
0
15
15
15
0
15
15
15
0
15
12
8
0
8
8
8
0
8
1
