6
2 1 6 5 2 1 3 4
15
101
2388
5524.002
carsInLane
2 1 6 5 2 1 3 4
4 2 6 5 4 2 6 8
6 3 12 10 6 3 3 4
8 4 6 5 8 4 6 8
2 5 12 10 2 5 9 12
4 6 18 5 4 6 12 4
6 7 9 10 6 7 3 8
8 1 15 15 8 1 6 12
10 2 6 5 10 2 9 16
12 3 12 10 12 3 3 5
2 4 18 15 2 4 6 9
4 5 9 5 4 5 9 13
6 6 15 10 6 6 3 4
8 7 6 5 8 7 6 8
10 1 12 10 10 1 9 12
12 2 18 5 12 2 12 4
14 3 9 10 14 3 3 8
2 4 15 15 2 4 6 12
4 5 6 5 4 5 9 16
6 6 12 10 6 6 3 5
8 7 6 5 8 7 6 9
10 1 12 10 10 1 9 13
12 2 18 5 12 2 12 4
14 3 9 10 14 3 3 8
2 4 15 15 2 4 6 12
4 5 6 5 4 5 9 16
6 6 12 10 6 6 3 5
8 7 6 5 8 7 6 9
10 1 12 10 10 1 9 13
12 2 18 5 12 2 12 4
14 3 9 10 14 3 3 8
2 4 15 15 2 4 6 12
4 5 6 5 4 5 9 16
6 6 12 10 6 6 3 5
8 7 6 5 8 7 6 9
10 1 12 10 10 1 9 13
12 2 18 5 12 2 12 4
14 3 9 10 14 3 3 8
2 4 15 15 2 4 6 12
4 5 6 5 4 5 9 16
6 6 12 10 6 6 3 5
8 7 6 5 8 7 6 9
10 1 12 10 10 1 9 13
12 2 18 5 12 2 12 4
14 3 9 10 14 3 3 8
2 4 15 15 2 4 6 12
4 5 6 5 4 5 9 16
6 6 12 10 6 6 3 5
8 7 6 5 8 7 6 9
10 1 12 10 10 1 9 13
12 2 18 5 12 2 12 4
14 3 9 10 14 3 3 8
2 4 15 15 2 4 6 12
4 5 6 5 4 5 9 16
6 6 12 10 6 6 3 5
8 7 6 5 8 7 6 9
10 1 12 10 10 1 9 13
12 2 18 5 12 2 12 4
14 3 9 10 14 3 3 8
2 4 15 15 2 4 6 12
4 5 6 5 4 5 9 16
6 6 12 10 6 6 3 5
8 7 6 5 8 7 6 9
10 1 12 10 10 1 9 13
12 2 18 5 12 2 12 4
14 3 9 10 14 3 3 8
2 4 15 15 2 4 6 12
4 5 6 5 4 5 9 16
6 6 12 10 6 6 3 5
8 7 6 5 8 7 6 9
10 1 12 10 10 1 9 13
12 2 18 5 12 2 12 4
14 3 9 10 14 3 3 8
2 4 15 15 2 4 6 12
4 5 6 5 4 5 9 16
6 6 12 10 6 6 3 5
8 7 6 5 8 7 6 9
10 1 12 10 10 1 9 13
12 2 18 5 12 2 12 4
14 3 9 10 14 3 3 8
2 4 15 15 2 4 6 12
4 5 6 5 4 5 9 16
6 6 12 10 6 6 3 5
8 7 6 5 8 7 6 9
10 1 12 10 10 1 9 13
12 2 18 5 12 2 12 4
14 3 9 10 14 3 3 8
2 4 15 15 2 4 6 12
4 5 6 5 4 5 9 16
6 6 12 10 6 6 3 5
8 7 6 5 8 7 6 9
10 1 12 10 10 1 9 13
12 2 18 5 12 2 12 4
14 3 9 10 14 3 3 8
2 4 15 15 2 4 6 12
4 5 6 5 4 5 9 16
6 6 12 10 6 6 3 5
8 7 6 5 8 7 6 9
10 1 12 10 10 1 9 13
12 2 18 5 12 2 12 4
14 3 9 10 14 3 3 8
*
waitingTimeCarsGone
706
0
753
486
195
0
84
84
80
*
waitingTimeCarsLeft
0
20
0
14
2
