3
3 6 3 3 1 4 3 1
15
101
2143
15147.64
carsInLane
3 6 3 3 1 4 3 1
6 6 6 6 2 4 6 2
9 12 3 9 3 8 3 3
3 6 6 12 4 12 6 4
6 12 9 3 5 16 9 1
9 18 12 6 1 5 12 2
12 24 3 9 2 9 3 3
3 15 6 12 3 13 6 4
6 21 9 3 4 17 9 1
9 27 12 6 1 6 12 2
12 33 3 9 2 10 3 3
3 24 6 12 3 14 6 4
6 30 9 3 4 18 9 1
9 36 12 6 1 7 12 2
12 42 3 9 2 11 3 3
3 33 6 12 3 15 6 4
6 39 9 3 4 19 9 1
9 45 12 6 1 8 12 2
12 51 3 9 2 12 3 3
3 42 6 12 3 16 6 4
6 48 9 3 4 20 9 1
9 54 12 6 1 9 12 2
12 60 3 9 2 13 3 3
3 51 6 12 3 17 6 4
6 57 9 3 4 21 9 1
9 63 12 6 1 10 12 2
12 69 3 9 2 14 3 3
3 60 6 12 3 18 6 4
6 66 9 3 4 22 9 1
9 72 12 6 1 11 12 2
12 78 3 9 2 15 3 3
3 69 6 12 3 19 6 4
6 75 9 3 4 23 9 1
9 81 12 6 1 12 12 2
12 87 3 9 2 16 3 3
3 78 6 12 3 20 6 4
6 84 9 3 4 24 9 1
9 90 12 6 1 13 12 2
12 96 3 9 2 17 3 3
3 87 6 12 3 21 6 4
6 93 9 3 4 25 9 1
9 99 12 6 1 14 12 2
12 105 3 9 2 18 3 3
3 96 6 12 3 22 6 4
6 102 9 3 4 26 9 1
9 108 12 6 1 15 12 2
12 114 3 9 2 19 3 3
3 105 6 12 3 23 6 4
6 111 9 3 4 27 9 1
9 117 12 6 1 16 12 2
12 123 3 9 2 20 3 3
3 114 6 12 3 24 6 4
6 120 9 3 4 28 9 1
9 126 12 6 1 17 12 2
12 132 3 9 2 21 3 3
3 123 6 12 3 25 6 4
6 129 9 3 4 29 9 1
9 135 12 6 1 18 12 2
12 141 3 9 2 22 3 3
3 132 6 12 3 26 6 4
6 138 9 3 4 30 9 1
9 144 12 6 1 19 12 2
12 150 3 9 2 23 3 3
3 141 6 12 3 27 6 4
6 147 9 3 4 31 9 1
9 153 12 6 1 20 12 2
12 159 3 9 2 24 3 3
3 150 6 12 3 28 6 4
6 156 9 3 4 32 9 1
9 162 12 6 1 21 12 2
12 168 3 9 2 25 3 3
3 159 6 12 3 29 6 4
6 165 9 3 4 33 9 1
9 171 12 6 1 22 12 2
12 177 3 9 2 26 3 3
3 168 6 12 3 30 6 4
6 174 9 3 4 34 9 1
9 180 12 6 1 23 12 2
12 186 3 9 2 27 3 3
3 177 6 12 3 31 6 4
6 183 9 3 4 35 9 1
9 189 12 6 1 24 12 2
12 195 3 9 2 28 3 3
3 186 6 12 3 32 6 4
6 192 9 3 4 36 9 1
9 198 12 6 1 25 12 2
12 204 3 9 2 29 3 3
3 195 6 12 3 33 6 4
6 201 9 3 4 37 9 1
9 207 12 6 1 26 12 2
12 213 3 9 2 30 3 3
3 204 6 12 3 34 6 4
6 210 9 3 4 38 9 1
9 216 12 6 1 27 12 2
12 222 3 9 2 31 3 3
3 213 6 12 3 35 6 4
6 219 9 3 4 39 9 1
9 225 12 6 1 28 12 2
12 231 3 9 2 32 3 3
3 222 6 12 3 36 6 4
6 228 9 3 4 40 9 1
*
waitingTimeCarsGone
372
0
381
388
407
0
70
69
69
0
51
35
22
0
9
9
12
0
9
9
12
0
9
9
12
0
9
9
12
0
9
9
12
0
9
9
12
0
9
9
12
0
9
9
12
0
9
9
12
0
6
3
*
waitingTimeCarsLeft
0
23
0
19
16
10
0
10
10
7
0
6
6
6
0
6
6
6
0
6
6
6
0
6
6
6
0
6
6
6
0
6
6
6
0
6
6
6
0
6
6
6
0
6
6
6
0
6
6
6
0
6
