7
4 3 4 4 0 3 3 3
15
101
2386
6444.671
78.66666
38
carsInLane
4 3 4 4 0 3 3 3
8 6 4 4 0 6 6 6
4 3 8 8 0 9 9 9
8 6 12 12 0 12 3 3
12 9 4 4 0 15 6 6
16 3 8 8 0 3 9 9
5 3 12 12 0 6 12 12
9 6 4 16 0 9 3 15
13 9 8 20 0 3 6 18
17 12 12 9 0 6 9 6
6 3 16 13 0 9 12 9
10 6 5 4 0 12 15 12
14 9 9 8 0 15 3 3
18 3 13 12 0 3 6 6
22 6 4 4 0 6 9 9
11 3 8 8 0 9 12 12
15 6 12 12 0 3 15 15
19 9 16 16 0 6 3 3
23 12 5 5 0 9 6 6
12 3 9 9 0 12 9 9
16 6 4 13 0 15 3 12
20 9 8 4 0 18 6 3
9 3 12 8 0 21 9 6
13 3 16 12 0 9 12 9
4 6 20 16 0 12 15 12
8 9 9 5 0 15 18 15
12 12 13 9 0 18 6 3
16 3 17 13 0 6 9 6
20 6 6 4 0 9 12 9
9 3 10 8 0 12 15 12
13 6 14 12 0 15 3 3
17 9 4 4 0 18 6 6
21 12 8 8 0 6 9 9
10 3 12 12 0 9 12 12
14 6 4 16 0 12 3 15
18 9 8 5 0 15 6 3
7 3 12 9 0 18 9 6
11 3 16 13 0 6 12 9
15 6 5 4 0 9 15 12
19 9 9 8 0 12 3 3
8 12 13 12 0 15 6 6
12 3 17 16 0 3 9 9
16 6 6 5 0 6 12 12
20 9 10 9 0 9 3 3
9 3 14 13 0 12 6 6
13 6 4 4 0 15 9 9
17 3 8 8 0 3 12 12
21 6 12 12 0 6 3 3
10 9 16 16 0 9 6 6
14 12 5 5 0 12 9 9
4 3 9 9 0 15 12 12
8 6 13 13 0 18 3 3
12 9 4 4 0 21 6 6
16 3 8 8 0 9 9 9
5 3 12 12 0 12 12 12
9 6 4 16 0 15 3 15
13 9 8 20 0 3 6 18
17 12 12 9 0 6 9 6
6 3 16 13 0 9 12 9
10 6 5 4 0 12 15 12
14 9 9 8 0 15 3 3
18 3 13 12 0 3 6 6
22 6 4 4 0 6 9 9
11 3 8 8 0 9 12 12
15 6 12 12 0 3 15 15
19 9 16 16 0 6 3 3
23 12 5 5 0 9 6 6
12 3 9 9 0 12 9 9
16 6 4 13 0 15 3 12
20 9 8 4 0 18 6 3
9 3 12 8 0 21 9 6
13 3 16 12 0 9 12 9
4 6 20 16 0 12 15 12
8 9 9 5 0 15 18 15
12 12 13 9 0 18 6 3
16 3 17 13 0 6 9 6
20 6 6 4 0 9 12 9
9 3 10 8 0 12 15 12
13 6 14 12 0 15 3 3
17 9 4 4 0 18 6 6
21 12 8 8 0 6 9 9
10 3 12 12 0 9 12 12
14 6 4 16 0 12 3 15
18 9 8 5 0 15 6 3
7 3 12 9 0 18 9 6
11 3 16 13 0 6 12 9
15 6 5 4 0 9 15 12
19 9 9 8 0 12 3 3
8 12 13 12 0 15 6 6
12 3 17 16 0 3 9 9
16 6 6 5 0 6 12 12
20 9 10 9 0 9 3 3
9 3 14 13 0 12 6 6
13 6 4 4 0 15 9 9
17 3 8 8 0 3 12 12
21 6 12 12 0 6 3 3
10 9 16 16 0 9 6 6
14 12 5 5 0 12 9 9
4 3 9 9 0 15 12 12
8 6 13 13 0 18 3 3
12 9 4 4 0 21 6 6
*
waitingTimeCarsGone
497
0
587
600
438
0
196
56
12
*
waitingTimeCarsLeft
0
21
0
13
4
