1
2 3 4 5 2 4 3 1
15
101
2220
14389.31
2529.333
204
36.33334
carsInLane
2 3 4 5 2 4 3 1
4 6 4 5 4 8 6 2
2 9 8 10 2 12 9 3
4 3 12 15 4 4 12 4
6 6 16 20 6 8 3 1
8 9 5 10 8 12 6 2
2 12 9 15 2 16 9 3
4 3 13 20 4 5 12 4
6 6 17 25 6 9 3 1
8 9 6 15 8 13 6 2
2 12 10 20 2 17 9 3
4 3 14 25 4 6 12 4
6 6 18 30 6 10 3 1
8 9 7 20 8 14 6 2
2 12 11 25 2 18 9 3
4 3 15 30 4 7 12 4
6 6 19 35 6 11 3 1
8 9 8 25 8 15 6 2
2 12 12 30 2 19 9 3
4 3 16 35 4 8 12 4
6 6 20 40 6 12 3 1
8 9 9 30 8 16 6 2
2 12 13 35 2 20 9 3
4 3 17 40 4 9 12 4
6 6 21 45 6 13 3 1
8 9 10 35 8 17 6 2
2 12 14 40 2 21 9 3
4 3 18 45 4 10 12 4
6 6 22 50 6 14 3 1
8 9 11 40 8 18 6 2
2 12 15 45 2 22 9 3
4 3 19 50 4 11 12 4
6 6 23 55 6 15 3 1
8 9 12 45 8 19 6 2
2 12 16 50 2 23 9 3
4 3 20 55 4 12 12 4
6 6 24 60 6 16 3 1
8 9 13 50 8 20 6 2
2 12 17 55 2 24 9 3
4 3 21 60 4 13 12 4
6 6 25 65 6 17 3 1
8 9 14 55 8 21 6 2
2 12 18 60 2 25 9 3
4 3 22 65 4 14 12 4
6 6 26 70 6 18 3 1
8 9 15 60 8 22 6 2
2 12 19 65 2 26 9 3
4 3 23 70 4 15 12 4
6 6 27 75 6 19 3 1
8 9 16 65 8 23 6 2
2 12 20 70 2 27 9 3
4 3 24 75 4 16 12 4
6 6 28 80 6 20 3 1
8 9 17 70 8 24 6 2
2 12 21 75 2 28 9 3
4 3 25 80 4 17 12 4
6 6 29 85 6 21 3 1
8 9 18 75 8 25 6 2
2 12 22 80 2 29 9 3
4 3 26 85 4 18 12 4
6 6 30 90 6 22 3 1
8 9 19 80 8 26 6 2
2 12 23 85 2 30 9 3
4 3 27 90 4 19 12 4
6 6 31 95 6 23 3 1
8 9 20 85 8 27 6 2
2 12 24 90 2 31 9 3
4 3 28 95 4 20 12 4
6 6 32 100 6 24 3 1
8 9 21 90 8 28 6 2
2 12 25 95 2 32 9 3
4 3 29 100 4 21 12 4
6 6 33 105 6 25 3 1
8 9 22 95 8 29 6 2
2 12 26 100 2 33 9 3
4 3 30 105 4 22 12 4
6 6 34 110 6 26 3 1
8 9 23 100 8 30 6 2
2 12 27 105 2 34 9 3
4 3 31 110 4 23 12 4
6 6 35 115 6 27 3 1
8 9 24 105 8 31 6 2
2 12 28 110 2 35 9 3
4 3 32 115 4 24 12 4
6 6 36 120 6 28 3 1
8 9 25 110 8 32 6 2
2 12 29 115 2 36 9 3
4 3 33 120 4 25 12 4
6 6 37 125 6 29 3 1
8 9 26 115 8 33 6 2
2 12 30 120 2 37 9 3
4 3 34 125 4 26 12 4
6 6 38 130 6 30 3 1
8 9 27 120 8 34 6 2
2 12 31 125 2 38 9 3
4 3 35 130 4 27 12 4
6 6 39 135 6 31 3 1
8 9 28 125 8 35 6 2
2 12 32 130 2 39 9 3
4 3 36 135 4 28 12 4
6 6 40 140 6 32 3 1
*
waitingTimeCarsGone
300
0
328
361
391
0
135
135
126
0
95
63
31
0
15
15
15
0
15
15
15
0
15
15
15
0
15
15
15
0
15
15
15
0
15
10
5
*
waitingTimeCarsLeft
0
24
0
20
17
13
0
13
13
10
0
9
5
5
0
5
5
5
0
5
5
5
0
5
5
5
0
5
5
5
0
5
5
5
