1
1 4 4 4 3 3 3 2
15
101
2319
9934.319
485.3334
105
carsInLane
1 4 4 4 3 3 3 2
2 8 4 4 6 6 6 4
1 12 8 8 3 9 9 6
2 4 12 12 6 3 12 8
3 8 16 16 9 6 3 2
4 12 5 5 12 9 6 4
1 16 9 9 3 12 9 6
2 5 13 13 6 3 12 8
3 9 17 17 9 6 3 2
4 13 6 6 12 9 6 4
1 17 10 10 3 12 9 6
2 6 14 14 6 3 12 8
3 10 18 18 9 6 3 2
4 14 7 7 12 9 6 4
1 18 11 11 3 12 9 6
2 7 15 15 6 3 12 8
3 11 19 19 9 6 3 2
4 15 8 8 12 9 6 4
1 19 12 12 3 12 9 6
2 8 16 16 6 3 12 8
3 12 20 20 9 6 3 2
4 16 9 9 12 9 6 4
1 20 13 13 3 12 9 6
2 9 17 17 6 3 12 8
3 13 21 21 9 6 3 2
4 17 10 10 12 9 6 4
1 21 14 14 3 12 9 6
2 10 18 18 6 3 12 8
3 14 22 22 9 6 3 2
4 18 11 11 12 9 6 4
1 22 15 15 3 12 9 6
2 11 19 19 6 3 12 8
3 15 23 23 9 6 3 2
4 19 12 12 12 9 6 4
1 23 16 16 3 12 9 6
2 12 20 20 6 3 12 8
3 16 24 24 9 6 3 2
4 20 13 13 12 9 6 4
1 24 17 17 3 12 9 6
2 13 21 21 6 3 12 8
3 17 25 25 9 6 3 2
4 21 14 14 12 9 6 4
1 25 18 18 3 12 9 6
2 14 22 22 6 3 12 8
3 18 26 26 9 6 3 2
4 22 15 15 12 9 6 4
1 26 19 19 3 12 9 6
2 15 23 23 6 3 12 8
3 19 27 27 9 6 3 2
4 23 16 16 12 9 6 4
1 27 20 20 3 12 9 6
2 16 24 24 6 3 12 8
3 20 28 28 9 6 3 2
4 24 17 17 12 9 6 4
1 28 21 21 3 12 9 6
2 17 25 25 6 3 12 8
3 21 29 29 9 6 3 2
4 25 18 18 12 9 6 4
1 29 22 22 3 12 9 6
2 18 26 26 6 3 12 8
3 22 30 30 9 6 3 2
4 26 19 19 12 9 6 4
1 30 23 23 3 12 9 6
2 19 27 27 6 3 12 8
3 23 31 31 9 6 3 2
4 27 20 20 12 9 6 4
1 31 24 24 3 12 9 6
2 20 28 28 6 3 12 8
3 24 32 32 9 6 3 2
4 28 21 21 12 9 6 4
1 32 25 25 3 12 9 6
2 21 29 29 6 3 12 8
3 25 33 33 9 6 3 2
4 29 22 22 12 9 6 4
1 33 26 26 3 12 9 6
2 22 30 30 6 3 12 8
3 26 34 34 9 6 3 2
4 30 23 23 12 9 6 4
1 34 27 27 3 12 9 6
2 23 31 31 6 3 12 8
3 27 35 35 9 6 3 2
4 31 24 24 12 9 6 4
1 35 28 28 3 12 9 6
2 24 32 32 6 3 12 8
3 28 36 36 9 6 3 2
4 32 25 25 12 9 6 4
1 36 29 29 3 12 9 6
2 25 33 33 6 3 12 8
3 29 37 37 9 6 3 2
4 33 26 26 12 9 6 4
1 37 30 30 3 12 9 6
2 26 34 34 6 3 12 8
3 30 38 38 9 6 3 2
4 34 27 27 12 9 6 4
1 38 31 31 3 12 9 6
2 27 35 35 6 3 12 8
3 31 39 39 9 6 3 2
4 35 28 28 12 9 6 4
1 39 32 32 3 12 9 6
2 28 36 36 6 3 12 8
3 32 40 40 9 6 3 2
*
waitingTimeCarsGone
330
0
370
414
455
0
180
180
168
0
122
74
26
*
waitingTimeCarsLeft
0
24
0
19
16
12
0
12
12
6
0
4
