1
0 4 3 8 1 5 2 1
15
101
1831
24710.36
carsInLane
0 4 3 8 1 5 2 1
0 8 3 8 2 10 4 2
0 12 6 16 1 15 6 3
0 4 9 24 2 5 8 4
0 8 12 32 3 10 2 1
0 12 3 25 4 15 4 2
0 16 6 33 1 20 6 3
0 5 9 41 2 10 8 4
0 9 12 49 3 15 2 1
0 13 3 42 4 20 4 2
0 17 6 50 1 25 6 3
0 6 9 58 2 15 8 4
0 10 12 66 3 20 2 1
0 14 3 59 4 25 4 2
0 18 6 67 1 30 6 3
0 7 9 75 2 20 8 4
0 11 12 83 3 25 2 1
0 15 3 76 4 30 4 2
0 19 6 84 1 35 6 3
0 8 9 92 2 25 8 4
0 12 12 100 3 30 2 1
0 16 3 93 4 35 4 2
0 20 6 101 1 40 6 3
0 9 9 109 2 30 8 4
0 13 12 117 3 35 2 1
0 17 3 110 4 40 4 2
0 21 6 118 1 45 6 3
0 10 9 126 2 35 8 4
0 14 12 134 3 40 2 1
0 18 3 127 4 45 4 2
0 22 6 135 1 50 6 3
0 11 9 143 2 40 8 4
0 15 12 151 3 45 2 1
0 19 3 144 4 50 4 2
0 23 6 152 1 55 6 3
0 12 9 160 2 45 8 4
0 16 12 168 3 50 2 1
0 20 3 161 4 55 4 2
0 24 6 169 1 60 6 3
0 13 9 177 2 50 8 4
0 17 12 185 3 55 2 1
0 21 3 178 4 60 4 2
0 25 6 186 1 65 6 3
0 14 9 194 2 55 8 4
0 18 12 202 3 60 2 1
0 22 3 195 4 65 4 2
0 26 6 203 1 70 6 3
0 15 9 211 2 60 8 4
0 19 12 219 3 65 2 1
0 23 3 212 4 70 4 2
0 27 6 220 1 75 6 3
0 16 9 228 2 65 8 4
0 20 12 236 3 70 2 1
0 24 3 229 4 75 4 2
0 28 6 237 1 80 6 3
0 17 9 245 2 70 8 4
0 21 12 253 3 75 2 1
0 25 3 246 4 80 4 2
0 29 6 254 1 85 6 3
0 18 9 262 2 75 8 4
0 22 12 270 3 80 2 1
0 26 3 263 4 85 4 2
0 30 6 271 1 90 6 3
0 19 9 279 2 80 8 4
0 23 12 287 3 85 2 1
0 27 3 280 4 90 4 2
0 31 6 288 1 95 6 3
0 20 9 296 2 85 8 4
0 24 12 304 3 90 2 1
0 28 3 297 4 95 4 2
0 32 6 305 1 100 6 3
0 21 9 313 2 90 8 4
0 25 12 321 3 95 2 1
0 29 3 314 4 100 4 2
0 33 6 322 1 105 6 3
0 22 9 330 2 95 8 4
0 26 12 338 3 100 2 1
0 30 3 331 4 105 4 2
0 34 6 339 1 110 6 3
0 23 9 347 2 100 8 4
0 27 12 355 3 105 2 1
0 31 3 348 4 110 4 2
0 35 6 356 1 115 6 3
0 24 9 364 2 105 8 4
0 28 12 372 3 110 2 1
0 32 3 365 4 115 4 2
0 36 6 373 1 120 6 3
0 25 9 381 2 110 8 4
0 29 12 389 3 115 2 1
0 33 3 382 4 120 4 2
0 37 6 390 1 125 6 3
0 26 9 398 2 115 8 4
0 30 12 406 3 120 2 1
0 34 3 399 4 125 4 2
0 38 6 407 1 130 6 3
0 27 9 415 2 120 8 4
0 31 12 423 3 125 2 1
0 35 3 416 4 130 4 2
0 39 6 424 1 135 6 3
0 28 9 432 2 125 8 4
0 32 12 440 3 130 2 1
*
waitingTimeCarsGone
201
0
211
238
251
0
81
83
75
0
61
43
29
0
21
23
21
0
23
21
23
0
21
23
22
0
22
23
21
0
23
21
23
0
16
13
6
0
8
6
8
0
6
8
6
0
8
7
7
0
8
6
8
0
6
8
6
0
8
6
8
0
6
8
6
0
8
6
8
0
7
7
8
*
waitingTimeCarsLeft
0
21
0
18
18
17
0
17
17
17
0
17
13
13
0
13
13
13
0
13
13
13
0
13
13
13
0
13
13
13
0
13
13
13
0
13
8
8
0
8
8
8
0
8
8
8
0
8
8
8
0
8
8
8
0
8
8
8
0
8
8
8
0
8
8
8
0
8
8
8
0
8
1
