5
4 3 1 3 5 1 4 3
15
100
2358
7795.006
209.3333
66
carsInLane
4 3 1 3 5 1 4 3
4 6 2 6 5 2 8 6
8 9 3 9 10 3 4 3
4 12 4 12 5 4 8 6
8 15 5 3 10 5 12 3
4 3 6 6 15 6 16 6
8 6 1 9 20 7 5 9
12 9 2 12 10 1 9 12
16 12 3 3 15 2 13 3
5 15 4 6 5 3 17 6
9 18 5 9 10 4 6 3
13 6 6 12 15 1 10 6
17 9 1 3 20 2 14 9
6 12 2 6 10 3 18 12
10 15 3 9 15 4 7 3
4 18 4 12 5 5 11 6
8 6 5 15 10 1 15 9
12 9 6 3 15 2 19 3
16 12 1 6 20 3 8 6
5 15 2 9 10 4 12 9
9 18 3 12 15 5 4 3
4 6 4 15 20 6 8 6
8 9 5 18 10 1 12 9
12 12 1 6 15 2 16 12
16 15 2 9 20 3 5 3
5 18 3 12 10 4 9 6
4 6 4 15 15 5 13 9
8 9 5 3 20 6 17 3
12 12 6 6 10 1 21 6
16 15 1 9 15 2 10 9
5 18 2 12 5 3 14 12
9 21 3 15 10 4 4 3
13 9 4 18 15 1 8 6
17 12 1 6 20 2 12 9
6 15 2 9 10 3 16 12
10 18 3 12 15 4 5 3
4 6 4 15 20 5 9 6
8 9 5 18 10 1 13 9
12 12 6 6 15 2 17 3
16 15 1 9 20 3 6 6
5 18 2 12 10 4 10 9
4 6 3 15 15 5 14 12
8 9 4 3 20 6 18 3
12 12 5 6 10 1 22 6
16 15 6 9 15 2 11 3
20 18 1 3 20 3 15 6
9 21 2 6 10 4 19 9
13 9 3 9 15 1 23 12
17 12 4 12 20 2 12 3
6 15 5 15 10 3 16 6
10 18 6 18 15 4 5 3
14 21 1 6 20 5 9 6
4 9 2 9 25 6 13 9
8 12 3 12 15 1 17 12
12 15 4 15 20 2 6 3
4 18 5 18 10 3 10 6
8 21 6 6 15 4 14 3
12 24 1 9 20 5 4 6
16 12 2 12 25 1 8 9
5 15 3 15 15 2 12 12
9 18 4 3 20 3 16 3
4 21 5 6 10 4 20 6
8 24 6 9 15 5 9 3
12 27 1 3 20 6 13 6
16 15 2 6 25 1 17 9
5 18 3 9 15 2 21 12
9 21 4 12 20 3 10 3
4 9 5 15 25 4 14 6
4 12 6 18 15 5 18 9
8 15 1 6 20 6 22 12
12 3 2 9 25 1 26 15
16 6 3 12 30 2 15 3
5 9 4 15 20 3 19 6
4 12 5 18 10 4 23 9
8 15 6 21 15 5 12 3
12 18 1 9 20 6 16 6
16 6 2 12 25 1 20 9
5 9 3 15 15 2 24 12
9 12 4 18 20 3 13 3
4 15 5 21 10 4 17 6
8 18 6 9 15 5 21 3
12 21 1 12 20 6 10 6
16 9 2 15 25 1 14 9
5 12 3 18 15 2 18 12
9 15 4 6 20 3 22 3
4 18 5 9 10 4 26 6
8 21 6 12 15 5 15 3
12 24 1 3 20 6 19 6
16 12 2 6 25 1 23 9
5 15 3 9 15 2 27 12
9 18 4 12 20 3 16 3
4 21 5 15 10 4 20 6
8 24 6 18 15 5 9 3
12 27 1 6 20 6 13 6
16 15 2 9 25 1 17 9
5 18 3 12 15 2 21 12
9 21 4 15 20 3 10 3
4 9 5 18 25 4 14 6
4 12 6 21 15 5 18 9
8 15 1 9 20 6 22 12
12 3 2 12 25 1 26 15
*
waitingTimeCarsGone
345
9
498
532
496
17
246
148
49
0
12
6
*
waitingTimeCarsLeft
0
21
0
17
15
8
0
5
