3
0 4 3 8 1 5 2 1
15
101
1821
23685.68
carsInLane
0 4 3 8 1 5 2 1
0 8 3 8 2 10 4 2
0 4 6 16 3 5 6 3
0 8 3 9 4 10 8 4
0 12 6 17 1 15 10 5
0 16 9 25 2 20 2 1
0 5 12 33 3 10 4 2
0 9 3 26 4 15 6 3
0 13 6 34 1 20 8 4
0 17 9 42 2 25 2 1
0 6 12 50 3 15 4 2
0 10 3 43 4 20 6 3
0 14 6 51 1 25 8 4
0 18 9 59 2 30 2 1
0 7 12 67 3 20 4 2
0 11 3 60 4 25 6 3
0 15 6 68 1 30 8 4
0 19 9 76 2 35 2 1
0 8 12 84 3 25 4 2
0 12 3 77 4 30 6 3
0 16 6 85 1 35 8 4
0 20 9 93 2 40 2 1
0 9 12 101 3 30 4 2
0 13 3 94 4 35 6 3
0 17 6 102 1 40 8 4
0 21 9 110 2 45 2 1
0 10 12 118 3 35 4 2
0 14 3 111 4 40 6 3
0 18 6 119 1 45 8 4
0 22 9 127 2 50 2 1
0 11 12 135 3 40 4 2
0 15 3 128 4 45 6 3
0 19 6 136 1 50 8 4
0 23 9 144 2 55 2 1
0 12 12 152 3 45 4 2
0 16 3 145 4 50 6 3
0 20 6 153 1 55 8 4
0 24 9 161 2 60 2 1
0 13 12 169 3 50 4 2
0 17 3 162 4 55 6 3
0 21 6 170 1 60 8 4
0 25 9 178 2 65 2 1
0 14 12 186 3 55 4 2
0 18 3 179 4 60 6 3
0 22 6 187 1 65 8 4
0 26 9 195 2 70 2 1
0 15 12 203 3 60 4 2
0 19 3 196 4 65 6 3
0 23 6 204 1 70 8 4
0 27 9 212 2 75 2 1
0 16 12 220 3 65 4 2
0 20 3 213 4 70 6 3
0 24 6 221 1 75 8 4
0 28 9 229 2 80 2 1
0 17 12 237 3 70 4 2
0 21 3 230 4 75 6 3
0 25 6 238 1 80 8 4
0 29 9 246 2 85 2 1
0 18 12 254 3 75 4 2
0 22 3 247 4 80 6 3
0 26 6 255 1 85 8 4
0 30 9 263 2 90 2 1
0 19 12 271 3 80 4 2
0 23 3 264 4 85 6 3
0 27 6 272 1 90 8 4
0 31 9 280 2 95 2 1
0 20 12 288 3 85 4 2
0 24 3 281 4 90 6 3
0 28 6 289 1 95 8 4
0 32 9 297 2 100 2 1
0 21 12 305 3 90 4 2
0 25 3 298 4 95 6 3
0 29 6 306 1 100 8 4
0 33 9 314 2 105 2 1
0 22 12 322 3 95 4 2
0 26 3 315 4 100 6 3
0 30 6 323 1 105 8 4
0 34 9 331 2 110 2 1
0 23 12 339 3 100 4 2
0 27 3 332 4 105 6 3
0 31 6 340 1 110 8 4
0 35 9 348 2 115 2 1
0 24 12 356 3 105 4 2
0 28 3 349 4 110 6 3
0 32 6 357 1 115 8 4
0 36 9 365 2 120 2 1
0 25 12 373 3 110 4 2
0 29 3 366 4 115 6 3
0 33 6 374 1 120 8 4
0 37 9 382 2 125 2 1
0 26 12 390 3 115 4 2
0 30 3 383 4 120 6 3
0 34 6 391 1 125 8 4
0 38 9 399 2 130 2 1
0 27 12 407 3 120 4 2
0 31 3 400 4 125 6 3
0 35 6 408 1 130 8 4
0 39 9 416 2 135 2 1
0 28 12 424 3 125 4 2
0 32 3 417 4 130 6 3
0 36 6 425 1 135 8 4
*
waitingTimeCarsGone
208
0
219
226
249
0
84
83
75
0
61
43
29
0
21
23
21
0
23
21
23
0
22
22
23
0
21
23
21
0
23
21
23
0
16
13
6
0
8
6
8
0
6
8
7
0
7
8
6
0
8
6
8
0
6
8
6
0
8
6
8
0
6
8
6
0
8
7
7
0
8
*
waitingTimeCarsLeft
0
21
0
20
17
17
0
17
17
17
0
17
17
13
0
13
13
13
0
13
13
13
0
13
13
13
0
13
13
13
0
13
13
13
0
13
13
8
0
8
8
8
0
8
8
8
0
8
8
8
0
8
8
8
0
8
8
8
0
8
8
8
0
8
8
8
0
8
8
8
0
8
1
