4
2 3 4 5 2 4 3 1
15
101
2379
6858.334
102.6667
45
7
carsInLane
2 3 4 5 2 4 3 1
4 6 4 5 4 8 6 2
6 3 8 10 6 4 9 3
8 6 4 5 8 8 12 4
2 9 8 10 2 12 15 5
4 12 12 15 4 16 3 1
6 3 16 20 6 5 6 2
8 6 5 10 8 9 9 3
10 9 9 15 2 4 12 4
2 3 13 20 4 8 15 5
4 6 17 25 6 12 3 1
6 9 6 15 8 16 6 2
8 3 10 20 10 5 9 3
2 6 14 25 2 9 12 4
4 9 4 15 4 13 15 5
6 12 8 20 6 17 3 1
8 3 12 25 8 6 6 2
10 6 4 15 10 10 9 3
2 9 8 20 2 14 12 4
4 12 4 10 4 18 15 5
6 15 8 15 6 22 3 1
8 3 12 20 8 11 6 2
10 6 4 10 10 15 9 3
2 9 8 15 2 19 12 4
4 3 12 20 4 8 15 5
6 6 16 25 6 12 3 1
8 9 5 15 8 16 6 2
10 3 9 20 10 5 9 3
2 6 13 25 2 9 12 4
4 9 4 15 4 13 15 5
6 12 8 20 6 17 3 1
8 3 12 25 8 6 6 2
10 6 4 15 10 10 9 3
2 9 8 20 2 14 12 4
4 12 4 10 4 18 15 5
6 15 8 15 6 22 3 1
8 3 12 20 8 11 6 2
10 6 4 10 10 15 9 3
2 9 8 15 2 19 12 4
4 3 12 20 4 8 15 5
6 6 16 25 6 12 3 1
8 9 5 15 8 16 6 2
10 3 9 20 10 5 9 3
2 6 13 25 2 9 12 4
4 9 4 15 4 13 15 5
6 12 8 20 6 17 3 1
8 3 12 25 8 6 6 2
10 6 4 15 10 10 9 3
2 9 8 20 2 14 12 4
4 12 4 10 4 18 15 5
6 15 8 15 6 22 3 1
8 3 12 20 8 11 6 2
10 6 4 10 10 15 9 3
2 9 8 15 2 19 12 4
4 3 12 20 4 8 15 5
6 6 16 25 6 12 3 1
8 9 5 15 8 16 6 2
10 3 9 20 10 5 9 3
2 6 13 25 2 9 12 4
4 9 4 15 4 13 15 5
6 12 8 20 6 17 3 1
8 3 12 25 8 6 6 2
10 6 4 15 10 10 9 3
2 9 8 20 2 14 12 4
4 12 4 10 4 18 15 5
6 15 8 15 6 22 3 1
8 3 12 20 8 11 6 2
10 6 4 10 10 15 9 3
2 9 8 15 2 19 12 4
4 3 12 20 4 8 15 5
6 6 16 25 6 12 3 1
8 9 5 15 8 16 6 2
10 3 9 20 10 5 9 3
2 6 13 25 2 9 12 4
4 9 4 15 4 13 15 5
6 12 8 20 6 17 3 1
8 3 12 25 8 6 6 2
10 6 4 15 10 10 9 3
2 9 8 20 2 14 12 4
4 12 4 10 4 18 15 5
6 15 8 15 6 22 3 1
8 3 12 20 8 11 6 2
10 6 4 10 10 15 9 3
2 9 8 15 2 19 12 4
4 3 12 20 4 8 15 5
6 6 16 25 6 12 3 1
8 9 5 15 8 16 6 2
10 3 9 20 10 5 9 3
2 6 13 25 2 9 12 4
4 9 4 15 4 13 15 5
6 12 8 20 6 17 3 1
8 3 12 25 8 6 6 2
10 6 4 15 10 10 9 3
2 9 8 20 2 14 12 4
4 12 4 10 4 18 15 5
6 15 8 15 6 22 3 1
8 3 12 20 8 11 6 2
10 6 4 10 10 15 9 3
2 9 8 15 2 19 12 4
4 3 12 20 4 8 15 5
6 6 16 25 6 12 3 1
*
waitingTimeCarsGone
419
0
533
603
498
0
314
12
*
waitingTimeCarsLeft
0
21
0
16
8
