5
3 2 3 3 4 4 4 1
15
101
2381
6057.671
carsInLane
3 2 3 3 4 4 4 1
6 4 6 6 4 4 8 2
9 6 3 9 8 8 4 3
3 8 6 12 4 12 8 4
6 2 9 15 8 4 12 5
9 4 3 3 12 8 16 6
12 6 6 6 16 12 5 1
3 8 9 9 5 16 9 2
6 2 12 12 9 5 13 3
9 4 3 15 13 9 4 4
3 6 6 18 4 13 8 5
6 8 9 6 8 17 12 1
9 2 12 9 12 6 16 2
12 4 3 12 16 10 5 3
3 6 6 15 5 14 9 4
6 8 3 3 9 18 13 5
9 10 6 6 4 7 17 6
12 12 9 9 8 11 6 1
3 2 12 12 12 15 10 2
6 4 15 15 4 4 14 3
9 6 3 3 8 8 18 4
12 8 6 6 12 12 7 1
3 10 9 9 4 16 11 2
6 2 12 12 8 5 15 3
9 4 3 15 12 9 4 4
3 6 6 18 4 13 8 5
6 8 9 6 8 17 12 1
9 2 12 9 12 6 16 2
12 4 3 12 16 10 5 3
3 6 6 15 5 14 9 4
6 8 3 3 9 18 13 5
9 10 6 6 4 7 17 6
12 12 9 9 8 11 6 1
3 2 12 12 12 15 10 2
6 4 15 15 4 4 14 3
9 6 3 3 8 8 18 4
12 8 6 6 12 12 7 1
3 10 9 9 4 16 11 2
6 2 12 12 8 5 15 3
9 4 3 15 12 9 4 4
3 6 6 18 4 13 8 5
6 8 9 6 8 17 12 1
9 2 12 9 12 6 16 2
12 4 3 12 16 10 5 3
3 6 6 15 5 14 9 4
6 8 3 3 9 18 13 5
9 10 6 6 4 7 17 6
12 12 9 9 8 11 6 1
3 2 12 12 12 15 10 2
6 4 15 15 4 4 14 3
9 6 3 3 8 8 18 4
12 8 6 6 12 12 7 1
3 10 9 9 4 16 11 2
6 2 12 12 8 5 15 3
9 4 3 15 12 9 4 4
3 6 6 18 4 13 8 5
6 8 9 6 8 17 12 1
9 2 12 9 12 6 16 2
12 4 3 12 16 10 5 3
3 6 6 15 5 14 9 4
6 8 3 3 9 18 13 5
9 10 6 6 4 7 17 6
12 12 9 9 8 11 6 1
3 2 12 12 12 15 10 2
6 4 15 15 4 4 14 3
9 6 3 3 8 8 18 4
12 8 6 6 12 12 7 1
3 10 9 9 4 16 11 2
6 2 12 12 8 5 15 3
9 4 3 15 12 9 4 4
3 6 6 18 4 13 8 5
6 8 9 6 8 17 12 1
9 2 12 9 12 6 16 2
12 4 3 12 16 10 5 3
3 6 6 15 5 14 9 4
6 8 3 3 9 18 13 5
9 10 6 6 4 7 17 6
12 12 9 9 8 11 6 1
3 2 12 12 12 15 10 2
6 4 15 15 4 4 14 3
9 6 3 3 8 8 18 4
12 8 6 6 12 12 7 1
3 10 9 9 4 16 11 2
6 2 12 12 8 5 15 3
9 4 3 15 12 9 4 4
3 6 6 18 4 13 8 5
6 8 9 6 8 17 12 1
9 2 12 9 12 6 16 2
12 4 3 12 16 10 5 3
3 6 6 15 5 14 9 4
6 8 3 3 9 18 13 5
9 10 6 6 4 7 17 6
12 12 9 9 8 11 6 1
3 2 12 12 12 15 10 2
6 4 15 15 4 4 14 3
9 6 3 3 8 8 18 4
12 8 6 6 12 12 7 1
3 10 9 9 4 16 11 2
6 2 12 12 8 5 15 3
9 4 3 15 12 9 4 4
3 6 6 18 4 13 8 5
*
waitingTimeCarsGone
532
0
626
579
452
0
152
40
*
waitingTimeCarsLeft
0
23
0
13
6
1
