100
4 5 6 2 0 2 3 2
15
101
2381
5075
carsInLane
4 5 6 2 0 2 3 2
8 10 6 4 0 4 3 4
4 5 12 6 0 6 6 6
8 10 6 8 0 8 3 8
12 5 12 10 0 2 6 10
16 10 6 2 0 4 9 12
5 5 12 4 0 6 12 14
9 10 18 6 0 8 3 2
13 15 9 2 0 10 6 4
4 5 15 4 0 12 9 6
8 10 6 6 0 14 3 8
12 5 12 8 0 2 6 10
16 10 6 2 0 4 9 12
5 5 12 4 0 6 12 14
9 10 18 6 0 8 3 2
13 15 9 2 0 10 6 4
4 5 15 4 0 12 9 6
8 10 6 6 0 14 3 8
12 5 12 8 0 2 6 10
16 10 6 2 0 4 9 12
5 5 12 4 0 6 12 14
9 10 18 6 0 8 3 2
13 15 9 2 0 10 6 4
4 5 15 4 0 12 9 6
8 10 6 6 0 14 3 8
12 5 12 8 0 2 6 10
16 10 6 2 0 4 9 12
5 5 12 4 0 6 12 14
9 10 18 6 0 8 3 2
13 15 9 2 0 10 6 4
4 5 15 4 0 12 9 6
8 10 6 6 0 14 3 8
12 5 12 8 0 2 6 10
16 10 6 2 0 4 9 12
5 5 12 4 0 6 12 14
9 10 18 6 0 8 3 2
13 15 9 2 0 10 6 4
4 5 15 4 0 12 9 6
8 10 6 6 0 14 3 8
12 5 12 8 0 2 6 10
16 10 6 2 0 4 9 12
5 5 12 4 0 6 12 14
9 10 18 6 0 8 3 2
13 15 9 2 0 10 6 4
4 5 15 4 0 12 9 6
8 10 6 6 0 14 3 8
12 5 12 8 0 2 6 10
16 10 6 2 0 4 9 12
5 5 12 4 0 6 12 14
9 10 18 6 0 8 3 2
13 15 9 2 0 10 6 4
4 5 15 4 0 12 9 6
8 10 6 6 0 14 3 8
12 5 12 8 0 2 6 10
16 10 6 2 0 4 9 12
5 5 12 4 0 6 12 14
9 10 18 6 0 8 3 2
13 15 9 2 0 10 6 4
4 5 15 4 0 12 9 6
8 10 6 6 0 14 3 8
12 5 12 8 0 2 6 10
16 10 6 2 0 4 9 12
5 5 12 4 0 6 12 14
9 10 18 6 0 8 3 2
13 15 9 2 0 10 6 4
4 5 15 4 0 12 9 6
8 10 6 6 0 14 3 8
12 5 12 8 0 2 6 10
16 10 6 2 0 4 9 12
5 5 12 4 0 6 12 14
9 10 18 6 0 8 3 2
13 15 9 2 0 10 6 4
4 5 15 4 0 12 9 6
8 10 6 6 0 14 3 8
12 5 12 8 0 2 6 10
16 10 6 2 0 4 9 12
5 5 12 4 0 6 12 14
9 10 18 6 0 8 3 2
13 15 9 2 0 10 6 4
4 5 15 4 0 12 9 6
8 10 6 6 0 14 3 8
12 5 12 8 0 2 6 10
16 10 6 2 0 4 9 12
5 5 12 4 0 6 12 14
9 10 18 6 0 8 3 2
13 15 9 2 0 10 6 4
4 5 15 4 0 12 9 6
8 10 6 6 0 14 3 8
12 5 12 8 0 2 6 10
16 10 6 2 0 4 9 12
5 5 12 4 0 6 12 14
9 10 18 6 0 8 3 2
13 15 9 2 0 10 6 4
4 5 15 4 0 12 9 6
8 10 6 6 0 14 3 8
12 5 12 8 0 2 6 10
16 10 6 2 0 4 9 12
5 5 12 4 0 6 12 14
9 10 18 6 0 8 3 2
13 15 9 2 0 10 6 4
4 5 15 4 0 12 9 6
*
waitingTimeCarsGone
734
0
781
500
198
0
58
56
54
*
waitingTimeCarsLeft
0
22
0
13
8
