10
3 4 3 4 0 1 4 5
15
101
2392
5376.003
82.66666
32
13.66667
carsInLane
3 4 3 4 0 1 4 5
6 8 6 4 0 2 8 5
9 12 3 8 0 3 4 10
3 4 6 12 0 4 8 15
6 8 9 4 0 5 12 5
9 12 3 8 0 6 4 10
3 4 6 12 0 7 8 15
6 8 9 4 0 8 12 5
9 12 3 8 0 9 4 10
12 4 6 12 0 1 8 15
15 8 9 4 0 2 12 5
3 12 12 8 0 3 16 10
6 16 3 12 0 4 5 15
9 20 6 4 0 5 9 5
3 9 9 8 0 6 13 10
6 13 12 12 0 7 4 5
9 17 3 4 0 8 8 10
3 6 6 8 0 9 12 15
6 10 9 12 0 10 4 5
9 14 3 4 0 11 8 10
12 18 6 8 0 1 12 15
3 7 9 12 0 2 16 20
6 11 12 16 0 3 5 10
9 15 3 5 0 4 9 15
3 4 6 9 0 5 13 20
6 8 9 13 0 6 4 10
9 12 12 4 0 7 8 5
3 4 15 8 0 8 12 10
6 8 3 12 0 9 4 15
9 12 6 4 0 10 8 5
12 4 9 8 0 1 12 10
3 8 12 12 0 2 16 15
6 12 15 16 0 3 5 5
9 16 3 5 0 4 9 10
3 5 6 9 0 5 13 15
6 9 9 13 0 6 4 5
9 13 3 4 0 7 8 10
3 4 6 8 0 8 12 15
6 8 9 12 0 9 4 5
9 12 3 4 0 10 8 10
12 4 6 8 0 1 12 15
15 8 9 12 0 2 4 5
3 12 12 16 0 3 8 10
6 16 3 5 0 4 12 15
9 20 6 9 0 5 4 5
3 9 9 13 0 6 8 10
6 13 12 4 0 7 12 5
9 17 3 8 0 8 4 10
3 6 6 12 0 9 8 15
6 10 9 4 0 10 12 5
9 14 3 8 0 11 4 10
12 18 6 12 0 1 8 15
3 7 9 16 0 2 12 20
6 11 12 5 0 3 16 10
9 15 3 9 0 4 5 15
12 19 6 4 0 5 9 5
3 8 9 8 0 6 13 10
6 12 12 12 0 7 4 5
9 16 3 4 0 8 8 10
3 5 6 8 0 9 12 15
6 9 9 12 0 10 4 5
9 13 3 4 0 11 8 10
12 17 6 8 0 1 12 15
3 6 9 12 0 2 16 20
6 10 12 16 0 3 5 10
9 14 3 5 0 4 9 15
12 18 6 9 0 5 4 5
3 7 9 13 0 6 8 10
6 11 12 4 0 7 12 5
9 15 3 8 0 8 4 10
3 4 6 12 0 9 8 15
6 8 9 4 0 10 12 5
9 12 3 8 0 11 4 10
12 16 6 12 0 1 8 15
3 5 9 16 0 2 12 20
6 9 12 5 0 3 16 10
9 13 3 9 0 4 5 15
12 17 6 4 0 5 9 5
3 6 9 8 0 6 13 10
6 10 12 12 0 7 4 5
9 14 3 4 0 8 8 10
3 4 6 8 0 9 12 15
6 8 9 12 0 10 4 5
9 12 3 4 0 11 8 10
12 16 6 8 0 1 12 15
3 5 9 12 0 2 16 20
6 9 12 16 0 3 5 10
9 13 3 5 0 4 9 15
12 17 6 9 0 5 4 5
3 6 9 13 0 6 8 10
6 10 12 4 0 7 12 5
9 14 3 8 0 8 4 10
3 4 6 12 0 9 8 15
6 8 9 4 0 10 12 5
9 12 3 8 0 11 4 10
12 16 6 12 0 1 8 15
3 5 9 16 0 2 12 20
6 9 12 5 0 3 16 10
9 13 3 9 0 4 5 15
12 17 6 4 0 5 9 5
3 6 9 8 0 6 13 10
*
waitingTimeCarsGone
638
0
716
656
288
0
44
9
9
0
9
9
8
0
6
*
waitingTimeCarsLeft
0
15
0
10
4
1
0
1
1
