9
1 2 4 5 5 4 3 0
15
100
2371
6502.669
228
53
carsInLane
1 2 4 5 5 4 3 0
2 4 4 5 10 8 6 0
3 6 8 10 5 4 9 0
4 8 4 5 10 8 12 0
5 10 8 10 5 4 15 0
6 12 4 15 10 8 3 0
7 2 8 20 15 4 6 0
8 4 4 10 20 8 9 0
1 6 8 15 10 12 12 0
2 8 4 5 15 16 15 0
3 10 8 10 20 20 3 0
4 12 12 15 10 9 6 0
5 14 4 5 15 13 9 0
6 16 8 10 5 4 12 0
1 3 12 15 10 8 15 0
2 5 4 20 15 12 3 0
3 7 8 25 5 4 6 0
4 9 4 15 10 8 9 0
5 11 4 5 15 12 12 0
6 13 8 10 5 4 15 0
7 15 12 15 10 8 3 0
8 17 4 5 15 12 6 0
9 4 8 10 20 4 9 0
1 6 12 15 10 8 12 0
2 8 4 5 15 12 15 0
3 10 8 10 5 4 18 0
4 12 4 15 10 8 6 0
5 2 8 20 15 4 9 0
6 4 4 10 20 8 12 0
7 6 8 15 10 4 15 0
8 8 12 20 15 8 3 0
9 10 4 10 20 12 6 0
10 12 8 15 10 4 9 0
1 2 12 20 15 8 12 0
2 4 4 10 20 12 15 0
3 6 8 15 10 4 18 0
4 8 4 20 15 8 6 0
5 10 4 10 20 12 9 0
6 12 8 15 10 4 12 0
7 14 4 5 15 8 15 0
8 16 8 10 20 12 3 0
9 18 12 15 10 4 6 0
1 5 16 20 15 8 9 0
2 7 5 10 20 12 12 0
3 9 9 15 10 4 15 0
4 11 4 20 15 8 3 0
5 13 4 10 20 12 6 0
6 15 8 15 10 4 9 0
7 17 4 5 15 8 12 0
8 4 8 10 20 4 15 0
9 6 12 15 25 8 3 0
1 8 16 20 15 12 6 0
2 10 5 10 20 16 9 0
3 12 9 15 10 5 12 0
4 14 4 5 15 9 15 0
5 16 8 10 5 4 18 0
6 18 4 15 10 8 6 0
7 5 8 20 15 4 9 0
8 7 4 10 20 8 12 0
1 9 8 15 10 12 15 0
2 11 12 20 15 16 3 0
3 13 4 10 20 20 6 0
4 15 8 15 10 9 9 0
5 2 12 20 15 4 12 0
6 4 4 10 20 8 15 0
7 6 8 15 10 4 18 0
8 8 4 20 15 8 6 0
9 10 4 10 20 12 9 0
10 12 8 15 10 4 12 0
1 2 12 20 15 8 15 0
2 4 16 25 20 12 3 0
3 6 5 15 25 16 6 0
4 8 9 20 15 5 9 0
5 10 4 10 20 9 12 0
6 12 8 15 10 4 15 0
7 14 4 20 15 8 3 0
8 16 4 10 20 12 6 0
9 18 8 15 10 4 9 0
1 5 12 20 15 8 12 0
2 7 4 10 20 12 15 0
3 9 8 15 25 16 3 0
4 11 12 20 15 5 6 0
5 13 4 10 20 9 9 0
6 15 8 15 10 4 12 0
7 17 4 5 15 8 15 0
8 4 8 10 20 4 18 0
1 6 12 15 10 8 21 0
2 8 4 20 15 12 9 0
3 10 8 25 5 4 12 0
4 12 4 15 10 8 15 0
5 14 8 20 15 12 3 0
6 16 4 10 20 16 6 0
7 18 8 15 10 5 9 0
1 5 12 20 15 9 12 0
2 7 4 10 20 13 15 0
3 9 8 15 10 4 18 0
4 11 4 20 15 8 6 0
5 13 4 10 20 12 9 0
6 15 8 15 10 4 12 0
7 17 4 5 15 8 15 0
8 19 8 10 20 12 3 0
*
waitingTimeCarsGone
469
14
671
576
375
5
130
55
31
3
23
17
2
*
waitingTimeCarsLeft
0
20
0
12
3
3
0
3
3
3
0
3
2
1
