10
0 6 4 5 4 2 1 2
15
99
2231
14761.67
1465.333
193
carsInLane
0 6 4 5 4 2 1 2
0 12 4 5 8 4 2 4
0 6 8 10 12 2 3 6
0 12 4 5 16 4 4 8
0 18 8 10 5 2 5 10
0 9 12 15 9 2 6 12
0 15 16 5 13 4 7 2
0 21 5 10 17 6 1 4
0 12 9 15 21 2 2 6
0 18 4 5 25 4 3 8
0 24 8 10 14 2 4 10
0 15 12 15 18 4 5 12
0 21 16 5 22 6 6 2
0 27 20 10 11 2 7 4
0 33 9 5 15 4 8 6
0 24 13 10 19 2 9 8
0 15 17 15 23 2 10 10
0 21 6 5 27 4 11 12
0 27 10 10 31 6 1 2
0 33 14 15 20 2 2 4
0 24 18 20 24 2 3 6
0 30 7 10 28 4 4 8
0 36 11 15 17 6 5 10
0 27 15 20 21 2 6 12
0 33 4 10 25 4 7 14
0 24 8 15 29 2 8 16
0 30 12 5 33 4 9 3
0 36 16 10 22 2 10 5
0 27 20 15 26 2 11 7
0 33 9 20 30 4 1 9
0 24 13 25 34 2 2 11
0 30 4 15 38 4 3 13
0 36 8 20 27 2 4 15
0 27 12 25 31 4 5 17
0 33 16 15 35 6 6 4
0 39 20 20 24 2 7 6
0 30 24 25 28 2 8 8
0 36 13 15 32 4 9 10
0 27 17 20 36 2 10 12
0 33 21 25 25 2 11 14
0 39 25 30 29 4 1 2
0 45 14 20 33 6 2 4
0 36 18 25 37 2 3 6
0 42 7 15 41 4 4 8
0 48 11 20 30 6 5 10
0 39 15 25 34 2 6 12
0 30 19 30 38 2 7 14
0 36 8 20 42 4 8 16
0 42 12 25 31 2 9 18
0 33 16 30 35 2 10 20
0 39 20 20 39 4 11 7
0 45 9 25 43 6 1 9
0 36 13 30 47 2 2 11
0 42 17 35 36 2 3 13
0 48 6 25 40 4 4 15
0 39 10 30 44 6 5 17
0 45 14 35 33 2 6 19
0 51 18 25 37 4 7 6
0 42 22 30 41 2 8 8
0 48 11 20 45 4 9 10
0 39 15 25 49 2 10 12
0 45 19 30 38 2 11 14
0 51 23 35 42 4 1 2
0 57 12 25 46 6 2 4
0 48 16 30 50 2 3 6
0 54 20 35 39 2 4 8
0 45 24 40 43 4 5 10
0 51 13 30 47 6 6 12
0 42 17 35 51 2 7 14
0 48 21 40 40 2 8 16
0 54 10 30 44 4 9 18
0 45 14 35 48 2 10 20
0 51 18 25 52 4 11 7
0 57 7 30 56 6 1 9
0 48 11 35 60 2 2 11
0 54 15 40 49 2 3 13
0 45 19 45 53 2 4 15
0 51 23 50 42 4 5 17
0 57 12 40 46 6 6 19
0 48 16 45 50 2 7 21
0 54 20 35 54 4 8 8
0 45 24 40 58 2 9 10
0 51 13 30 62 4 10 12
0 57 17 35 51 2 11 14
0 63 21 40 55 4 1 2
0 54 25 45 59 2 2 4
0 60 14 35 63 4 3 6
0 66 18 40 52 2 4 8
0 57 22 45 56 4 5 10
0 63 11 35 60 6 6 12
0 54 15 40 64 2 7 14
0 60 19 45 53 2 8 16
0 66 8 35 57 4 9 18
0 57 12 40 61 2 10 20
0 63 16 45 50 2 11 22
0 69 20 50 54 4 1 9
0 60 24 55 58 2 2 11
0 66 13 45 62 4 3 13
0 57 17 50 66 2 4 15
0 63 21 55 55 4 5 17
0 69 10 45 59 6 6 19
*
waitingTimeCarsGone
206
16
216
241
246
38
212
227
180
14
156
154
115
12
72
31
30
0
25
24
14
0
2
*
waitingTimeCarsLeft
0
22
0
22
20
18
0
18
18
17
0
17
17
5
0
4
4
4
0
4
3
