9
1 1 5 5 3 4 4 1
15
101
2385
5785.67
122.6667
39
12.33333
carsInLane
1 1 5 5 3 4 4 1
2 2 5 5 6 8 8 2
3 3 10 10 3 4 12 3
4 4 5 15 6 8 4 4
5 5 5 5 9 12 8 5
6 6 10 10 3 4 12 6
7 7 5 15 6 8 4 7
8 8 10 5 9 12 8 1
9 9 15 10 3 4 12 2
10 10 5 15 6 8 4 3
1 1 10 20 9 12 8 4
2 2 5 10 12 16 12 5
3 3 10 15 3 5 16 6
4 4 5 20 6 9 5 7
5 5 10 10 9 13 9 1
6 6 15 15 3 4 13 2
7 7 5 5 6 8 17 3
8 8 5 10 9 12 6 4
9 9 10 15 3 4 10 5
10 10 5 5 6 8 14 6
1 1 10 10 9 12 18 7
2 2 5 15 12 16 7 8
3 3 10 20 3 5 11 9
4 4 5 10 6 9 15 10
5 5 10 15 9 13 4 1
6 6 5 5 12 17 8 2
7 7 10 10 3 6 12 3
8 8 5 15 6 10 4 4
9 9 5 5 9 14 8 5
10 1 10 10 12 4 12 6
1 2 15 15 3 8 16 7
2 3 5 20 6 12 5 8
3 4 10 10 9 16 9 1
4 5 15 15 3 5 13 2
5 6 5 5 6 9 17 3
6 7 5 10 9 13 6 4
7 8 10 15 3 4 10 5
8 9 5 5 6 8 14 6
9 10 10 10 9 12 4 1
1 1 15 15 12 16 8 2
2 2 5 5 15 20 12 3
3 3 10 10 3 9 16 4
4 4 5 15 6 13 5 5
5 5 10 5 9 17 9 1
6 6 15 10 3 6 13 2
7 7 5 15 6 10 4 3
8 8 5 5 9 14 8 4
9 9 10 10 3 4 12 5
10 10 5 15 6 8 4 6
1 1 10 20 9 12 8 7
2 2 5 10 12 16 12 8
3 3 10 15 3 5 16 9
4 4 5 20 6 9 5 10
5 5 10 10 9 13 9 1
6 6 15 15 3 4 13 2
7 7 5 5 6 8 17 3
8 8 5 10 9 12 6 4
9 9 10 15 3 4 10 5
10 10 5 5 6 8 14 6
1 1 10 10 9 12 18 7
2 2 5 15 12 16 7 8
3 3 10 20 3 5 11 9
4 4 5 10 6 9 15 10
5 5 10 15 9 13 4 1
6 6 5 5 12 17 8 2
7 7 10 10 3 6 12 3
8 8 5 15 6 10 4 4
9 9 5 5 9 14 8 5
10 1 10 10 12 4 12 6
1 2 15 15 3 8 16 7
2 3 5 20 6 12 5 8
3 4 10 10 9 16 9 1
4 5 15 15 3 5 13 2
5 6 5 5 6 9 17 3
6 7 5 10 9 13 6 4
7 8 10 15 3 4 10 5
8 9 5 5 6 8 14 6
9 10 10 10 9 12 4 1
1 1 15 15 12 16 8 2
2 2 5 5 15 20 12 3
3 3 10 10 3 9 16 4
4 4 5 15 6 13 5 5
5 5 10 5 9 17 9 1
6 6 15 10 3 6 13 2
7 7 5 15 6 10 4 3
8 8 5 5 9 14 8 4
9 9 10 10 3 4 12 5
10 10 5 15 6 8 4 6
1 1 10 20 9 12 8 7
2 2 5 10 12 16 12 8
3 3 10 15 3 5 16 9
4 4 5 20 6 9 5 10
5 5 10 10 9 13 9 1
6 6 15 15 3 4 13 2
7 7 5 5 6 8 17 3
8 8 5 10 9 12 6 4
9 9 10 15 3 4 10 5
10 10 5 5 6 8 14 6
1 1 10 10 9 12 18 7
2 2 5 15 12 16 7 8
3 3 10 20 3 5 11 9
*
waitingTimeCarsGone
662
0
705
565
264
0
61
30
28
0
26
24
20
*
waitingTimeCarsLeft
0
19
0
8
6
1
0
1
1
1
0
1
1
