9
2 1 3 3 3 4 4 4
15
101
2386
5710.008
86.66666
38
11
carsInLane
2 1 3 3 3 4 4 4
4 2 6 6 6 8 4 4
6 3 9 9 3 4 8 8
8 4 3 3 6 8 12 12
10 5 6 6 9 12 4 4
12 6 9 9 3 4 8 8
2 1 12 12 6 8 12 12
4 2 3 15 9 12 4 16
6 3 6 3 12 16 8 5
8 4 9 6 3 5 12 9
10 5 3 9 6 9 4 13
12 6 6 3 9 13 8 4
14 7 9 6 3 4 12 8
16 8 3 9 6 8 4 12
3 1 6 12 9 12 8 16
5 2 9 3 12 16 12 5
7 3 12 6 3 5 16 9
9 4 3 9 6 9 5 13
11 5 6 3 9 13 9 4
13 6 9 6 3 4 13 8
15 7 3 9 6 8 4 12
2 1 6 12 9 12 8 16
4 2 9 3 12 16 12 5
6 3 12 6 3 5 16 9
8 4 3 9 6 9 5 13
10 5 6 3 9 13 9 4
12 6 9 6 3 4 13 8
14 7 3 9 6 8 4 12
16 8 6 3 9 12 8 4
3 9 9 6 3 16 12 8
5 1 12 9 6 5 16 12
7 2 3 12 9 9 5 16
9 3 6 3 12 13 9 5
11 4 9 6 3 4 13 9
13 5 3 9 6 8 4 13
15 6 6 3 9 12 8 4
2 7 9 6 3 16 12 8
4 1 12 9 6 5 16 12
6 2 3 12 9 9 5 16
8 3 6 3 12 13 9 5
10 4 9 6 3 4 13 9
12 5 3 9 6 8 4 13
14 6 6 3 9 12 8 4
2 7 9 6 3 16 12 8
4 1 12 9 6 5 16 12
6 2 3 12 9 9 5 16
8 3 6 3 12 13 9 5
10 4 9 6 3 4 13 9
12 5 3 9 6 8 4 13
14 6 6 3 9 12 8 4
2 7 9 6 3 16 12 8
4 1 12 9 6 5 16 12
6 2 3 12 9 9 5 16
8 3 6 3 12 13 9 5
10 4 9 6 3 4 13 9
12 5 3 9 6 8 4 13
14 6 6 3 9 12 8 4
2 7 9 6 3 16 12 8
4 1 12 9 6 5 16 12
6 2 3 12 9 9 5 16
8 3 6 3 12 13 9 5
10 4 9 6 3 4 13 9
12 5 3 9 6 8 4 13
14 6 6 3 9 12 8 4
2 7 9 6 3 16 12 8
4 1 12 9 6 5 16 12
6 2 3 12 9 9 5 16
8 3 6 3 12 13 9 5
10 4 9 6 3 4 13 9
12 5 3 9 6 8 4 13
14 6 6 3 9 12 8 4
2 7 9 6 3 16 12 8
4 1 12 9 6 5 16 12
6 2 3 12 9 9 5 16
8 3 6 3 12 13 9 5
10 4 9 6 3 4 13 9
12 5 3 9 6 8 4 13
14 6 6 3 9 12 8 4
2 7 9 6 3 16 12 8
4 1 12 9 6 5 16 12
6 2 3 12 9 9 5 16
8 3 6 3 12 13 9 5
10 4 9 6 3 4 13 9
12 5 3 9 6 8 4 13
14 6 6 3 9 12 8 4
2 7 9 6 3 16 12 8
4 1 12 9 6 5 16 12
6 2 3 12 9 9 5 16
8 3 6 3 12 13 9 5
10 4 9 6 3 4 13 9
12 5 3 9 6 8 4 13
14 6 6 3 9 12 8 4
2 7 9 6 3 16 12 8
4 1 12 9 6 5 16 12
6 2 3 12 9 9 5 16
8 3 6 3 12 13 9 5
10 4 9 6 3 4 13 9
12 5 3 9 6 8 4 13
14 6 6 3 9 12 8 4
2 7 9 6 3 16 12 8
4 1 12 9 6 5 16 12
*
waitingTimeCarsGone
610
0
644
637
360
0
45
42
39
0
8
1
*
waitingTimeCarsLeft
0
18
0
13
7
