6
1 6 1 3 3 3 3 4
15
100
2343
8944.995
carsInLane
1 6 1 3 3 3 3 4
2 6 2 6 6 3 6 8
3 12 3 3 9 6 9 4
4 6 4 6 12 3 12 8
5 12 5 9 15 6 3 4
6 18 6 12 3 3 6 8
1 9 7 15 6 6 9 12
2 15 1 3 9 9 12 16
3 21 2 6 12 12 3 5
4 12 3 9 15 3 6 9
1 18 4 12 3 6 9 13
2 24 5 3 6 9 12 4
3 15 6 6 9 3 15 8
4 21 7 9 12 6 3 4
5 27 1 3 15 9 6 8
6 18 2 6 18 3 9 12
1 24 3 9 6 6 12 16
2 15 4 12 9 3 15 20
3 21 5 15 12 6 3 9
4 12 6 18 15 3 6 13
5 18 7 6 18 6 9 4
6 24 1 9 21 9 3 8
7 15 2 12 24 3 6 12
1 21 3 15 12 6 9 16
2 27 4 3 15 9 12 5
3 18 5 6 18 3 15 9
4 24 6 9 21 6 3 4
5 15 7 12 24 3 6 8
6 21 1 3 27 6 9 12
1 27 2 6 15 9 12 16
2 18 3 9 18 3 15 20
3 24 4 12 21 6 3 9
4 15 5 15 24 3 6 13
1 21 6 18 12 6 9 17
2 27 7 6 15 9 12 6
3 33 1 9 18 12 3 10
4 24 2 12 21 3 6 14
1 15 3 15 24 6 9 18
2 21 4 3 27 9 12 7
3 27 5 6 15 3 15 11
4 18 6 9 18 3 18 15
5 24 7 12 21 6 6 4
6 30 1 3 24 9 9 8
7 21 2 6 27 3 12 12
1 27 3 9 15 6 15 16
2 18 4 12 18 3 18 20
3 24 5 15 21 6 6 9
4 15 6 18 24 3 9 13
5 21 7 6 27 6 12 4
6 27 1 9 30 9 3 8
7 33 2 12 18 3 6 12
1 24 3 15 21 6 9 16
2 30 4 3 24 9 12 5
3 21 5 6 27 3 15 9
1 27 6 9 15 6 18 13
2 18 7 12 18 3 21 17
3 24 1 15 21 6 9 21
4 30 2 3 24 9 12 10
5 21 3 6 27 3 15 14
1 27 4 9 15 6 18 18
2 33 5 12 18 9 6 7
3 24 6 15 21 3 9 11
4 15 7 18 24 3 12 15
5 21 1 6 27 6 15 19
6 27 2 9 30 9 3 8
7 33 3 12 18 3 6 12
1 24 4 15 21 6 9 16
2 30 5 3 24 9 12 5
3 21 6 6 27 3 15 9
1 27 7 9 15 6 18 13
2 33 1 12 18 9 6 17
3 24 2 15 21 3 9 21
4 30 3 3 24 6 12 10
5 21 4 6 27 3 15 14
1 27 5 9 15 6 18 18
2 33 6 12 18 9 6 7
3 24 7 15 21 3 9 11
4 30 1 3 24 6 12 15
5 21 2 6 27 3 15 19
6 27 3 9 30 6 3 8
1 33 4 12 18 9 6 12
2 24 5 15 21 3 9 16
3 30 6 3 24 6 12 5
4 21 7 6 27 3 15 9
5 27 1 9 30 6 3 13
6 33 2 12 18 3 6 17
1 24 3 15 21 6 9 21
2 30 4 3 24 9 12 10
3 21 5 6 27 3 15 14
1 27 6 9 15 6 18 18
2 33 7 12 18 9 6 7
3 39 1 3 21 12 9 11
4 30 2 6 24 3 12 15
1 21 3 9 27 6 15 19
2 27 4 12 30 9 3 8
3 33 5 15 18 3 6 12
4 24 6 18 21 3 9 16
5 30 7 6 24 6 12 5
6 36 1 9 27 9 3 9
7 27 2 12 30 3 6 13
1 33 3 15 18 6 9 17
*
waitingTimeCarsGone
320
7
417
457
464
17
324
156
73
6
42
42
18
*
waitingTimeCarsLeft
0
21
0
20
20
10
0
7
3
