1
4 5 6 2 0 2 3 2
15
101
2025
21256.35
carsInLane
4 5 6 2 0 2 3 2
8 10 6 4 0 4 3 4
4 15 12 6 0 6 6 6
8 5 18 8 0 2 9 8
12 10 24 2 0 4 12 2
16 15 15 4 0 6 3 4
5 20 21 6 0 8 6 6
9 10 27 8 0 2 9 8
13 15 33 2 0 4 12 2
17 20 24 4 0 6 3 4
6 25 30 6 0 8 6 6
10 15 36 8 0 2 9 8
14 20 42 2 0 4 12 2
18 25 33 4 0 6 3 4
7 30 39 6 0 8 6 6
11 20 45 8 0 2 9 8
15 25 51 2 0 4 12 2
19 30 42 4 0 6 3 4
8 35 48 6 0 8 6 6
12 25 54 8 0 2 9 8
16 30 60 2 0 4 12 2
20 35 51 4 0 6 3 4
9 40 57 6 0 8 6 6
13 30 63 8 0 2 9 8
17 35 69 2 0 4 12 2
21 40 60 4 0 6 3 4
10 45 66 6 0 8 6 6
14 35 72 8 0 2 9 8
18 40 78 2 0 4 12 2
22 45 69 4 0 6 3 4
11 50 75 6 0 8 6 6
15 40 81 8 0 2 9 8
19 45 87 2 0 4 12 2
23 50 78 4 0 6 3 4
12 55 84 6 0 8 6 6
16 45 90 8 0 2 9 8
20 50 96 2 0 4 12 2
24 55 87 4 0 6 3 4
13 60 93 6 0 8 6 6
17 50 99 8 0 2 9 8
21 55 105 2 0 4 12 2
25 60 96 4 0 6 3 4
14 65 102 6 0 8 6 6
18 55 108 8 0 2 9 8
22 60 114 2 0 4 12 2
26 65 105 4 0 6 3 4
15 70 111 6 0 8 6 6
19 60 117 8 0 2 9 8
23 65 123 2 0 4 12 2
27 70 114 4 0 6 3 4
16 75 120 6 0 8 6 6
20 65 126 8 0 2 9 8
24 70 132 2 0 4 12 2
28 75 123 4 0 6 3 4
17 80 129 6 0 8 6 6
21 70 135 8 0 2 9 8
25 75 141 2 0 4 12 2
29 80 132 4 0 6 3 4
18 85 138 6 0 8 6 6
22 75 144 8 0 2 9 8
26 80 150 2 0 4 12 2
30 85 141 4 0 6 3 4
19 90 147 6 0 8 6 6
23 80 153 8 0 2 9 8
27 85 159 2 0 4 12 2
31 90 150 4 0 6 3 4
20 95 156 6 0 8 6 6
24 85 162 8 0 2 9 8
28 90 168 2 0 4 12 2
32 95 159 4 0 6 3 4
21 100 165 6 0 8 6 6
25 90 171 8 0 2 9 8
29 95 177 2 0 4 12 2
33 100 168 4 0 6 3 4
22 105 174 6 0 8 6 6
26 95 180 8 0 2 9 8
30 100 186 2 0 4 12 2
34 105 177 4 0 6 3 4
23 110 183 6 0 8 6 6
27 100 189 8 0 2 9 8
31 105 195 2 0 4 12 2
35 110 186 4 0 6 3 4
24 115 192 6 0 8 6 6
28 105 198 8 0 2 9 8
32 110 204 2 0 4 12 2
36 115 195 4 0 6 3 4
25 120 201 6 0 8 6 6
29 110 207 8 0 2 9 8
33 115 213 2 0 4 12 2
37 120 204 4 0 6 3 4
26 125 210 6 0 8 6 6
30 115 216 8 0 2 9 8
34 120 222 2 0 4 12 2
38 125 213 4 0 6 3 4
27 130 219 6 0 8 6 6
31 120 225 8 0 2 9 8
35 125 231 2 0 4 12 2
39 130 222 4 0 6 3 4
28 135 228 6 0 8 6 6
32 125 234 8 0 2 9 8
36 130 240 2 0 4 12 2
*
waitingTimeCarsGone
249
0
264
284
304
0
84
84
81
0
62
46
33
0
24
24
27
0
24
24
27
0
24
24
27
0
24
24
27
0
24
24
27
0
19
14
12
0
9
9
12
0
9
9
12
0
9
9
12
0
9
9
6
*
waitingTimeCarsLeft
0
21
0
17
15
15
0
15
15
15
0
15
15
11
0
11
11
11
0
11
11
11
0
11
11
11
0
11
11
11
0
11
11
11
0
11
6
6
0
6
6
6
0
6
6
6
0
6
6
6
0
3
