1
3 3 4 3 1 2 3 5
15
101
2245
13013.65
2382.667
179
carsInLane
3 3 4 3 1 2 3 5
6 6 8 3 2 4 6 5
3 9 12 6 1 6 9 10
6 3 16 9 2 2 12 15
9 6 5 12 3 4 3 20
12 9 9 3 4 6 6 10
3 12 13 6 1 8 9 15
6 3 17 9 2 2 12 20
9 6 6 12 3 4 3 25
12 9 10 3 4 6 6 15
3 12 14 6 1 8 9 20
6 3 18 9 2 2 12 25
9 6 7 12 3 4 3 30
12 9 11 3 4 6 6 20
3 12 15 6 1 8 9 25
6 3 19 9 2 2 12 30
9 6 8 12 3 4 3 35
12 9 12 3 4 6 6 25
3 12 16 6 1 8 9 30
6 3 20 9 2 2 12 35
9 6 9 12 3 4 3 40
12 9 13 3 4 6 6 30
3 12 17 6 1 8 9 35
6 3 21 9 2 2 12 40
9 6 10 12 3 4 3 45
12 9 14 3 4 6 6 35
3 12 18 6 1 8 9 40
6 3 22 9 2 2 12 45
9 6 11 12 3 4 3 50
12 9 15 3 4 6 6 40
3 12 19 6 1 8 9 45
6 3 23 9 2 2 12 50
9 6 12 12 3 4 3 55
12 9 16 3 4 6 6 45
3 12 20 6 1 8 9 50
6 3 24 9 2 2 12 55
9 6 13 12 3 4 3 60
12 9 17 3 4 6 6 50
3 12 21 6 1 8 9 55
6 3 25 9 2 2 12 60
9 6 14 12 3 4 3 65
12 9 18 3 4 6 6 55
3 12 22 6 1 8 9 60
6 3 26 9 2 2 12 65
9 6 15 12 3 4 3 70
12 9 19 3 4 6 6 60
3 12 23 6 1 8 9 65
6 3 27 9 2 2 12 70
9 6 16 12 3 4 3 75
12 9 20 3 4 6 6 65
3 12 24 6 1 8 9 70
6 3 28 9 2 2 12 75
9 6 17 12 3 4 3 80
12 9 21 3 4 6 6 70
3 12 25 6 1 8 9 75
6 3 29 9 2 2 12 80
9 6 18 12 3 4 3 85
12 9 22 3 4 6 6 75
3 12 26 6 1 8 9 80
6 3 30 9 2 2 12 85
9 6 19 12 3 4 3 90
12 9 23 3 4 6 6 80
3 12 27 6 1 8 9 85
6 3 31 9 2 2 12 90
9 6 20 12 3 4 3 95
12 9 24 3 4 6 6 85
3 12 28 6 1 8 9 90
6 3 32 9 2 2 12 95
9 6 21 12 3 4 3 100
12 9 25 3 4 6 6 90
3 12 29 6 1 8 9 95
6 3 33 9 2 2 12 100
9 6 22 12 3 4 3 105
12 9 26 3 4 6 6 95
3 12 30 6 1 8 9 100
6 3 34 9 2 2 12 105
9 6 23 12 3 4 3 110
12 9 27 3 4 6 6 100
3 12 31 6 1 8 9 105
6 3 35 9 2 2 12 110
9 6 24 12 3 4 3 115
12 9 28 3 4 6 6 105
3 12 32 6 1 8 9 110
6 3 36 9 2 2 12 115
9 6 25 12 3 4 3 120
12 9 29 3 4 6 6 110
3 12 33 6 1 8 9 115
6 3 37 9 2 2 12 120
9 6 26 12 3 4 3 125
12 9 30 3 4 6 6 115
3 12 34 6 1 8 9 120
6 3 38 9 2 2 12 125
9 6 27 12 3 4 3 130
12 9 31 3 4 6 6 120
3 12 35 6 1 8 9 125
6 3 39 9 2 2 12 130
9 6 28 12 3 4 3 135
12 9 32 3 4 6 6 125
3 12 36 6 1 8 9 130
6 3 40 9 2 2 12 135
9 6 29 12 3 4 3 140
*
waitingTimeCarsGone
389
0
402
419
435
0
75
75
72
0
57
41
25
0
15
15
15
0
15
15
15
0
15
15
15
0
15
15
15
0
15
15
15
0
15
10
5
*
waitingTimeCarsLeft
0
21
0
18
13
9
0
9
9
9
0
6
5
5
0
5
5
5
0
5
5
5
0
5
5
5
0
5
5
5
0
5
5
5
