4
2 4 2 3 2 7 3 1
15
100
2285
10912
1270.667
139
carsInLane
2 4 2 3 2 7 3 1
4 4 4 6 4 7 6 2
6 4 6 9 6 7 9 3
8 8 2 12 8 14 3 4
10 4 4 15 10 7 6 5
2 8 6 18 2 14 9 6
4 12 8 6 4 21 12 1
6 4 10 9 6 13 15 2
8 8 2 12 8 20 3 3
10 4 4 15 10 12 6 4
2 8 6 18 2 19 9 5
4 12 8 6 4 26 12 1
6 4 10 9 6 18 15 2
8 8 2 12 8 25 3 3
10 4 4 15 10 17 6 4
2 8 6 18 2 24 9 5
4 12 8 6 4 31 12 1
6 4 10 9 6 23 15 2
8 8 2 12 8 30 3 3
10 4 4 15 10 22 6 4
2 8 6 18 2 29 9 5
4 12 8 6 4 36 12 1
6 4 10 9 6 28 15 2
8 8 2 12 8 35 3 3
10 4 4 15 10 27 6 4
2 8 6 18 2 34 9 5
4 12 8 6 4 41 12 1
6 4 10 9 6 33 15 2
8 8 2 12 8 40 3 3
10 4 4 15 10 32 6 4
2 8 6 18 2 39 9 5
4 12 8 6 4 46 12 1
6 4 10 9 6 38 15 2
8 8 2 12 8 45 3 3
10 4 4 15 10 37 6 4
2 8 6 18 2 44 9 5
4 12 8 6 4 51 12 1
6 4 10 9 6 43 15 2
8 8 2 12 8 50 3 3
10 4 4 15 10 42 6 4
2 8 6 18 2 49 9 5
4 12 8 6 4 56 12 1
6 4 10 9 6 48 15 2
8 8 2 12 8 55 3 3
10 4 4 15 10 47 6 4
2 8 6 18 2 54 9 5
4 12 8 6 4 61 12 1
6 4 10 9 6 53 15 2
8 8 2 12 8 60 3 3
10 4 4 15 10 52 6 4
2 8 6 18 2 59 9 5
4 12 8 6 4 66 12 1
6 4 10 9 6 58 15 2
8 8 2 12 8 65 3 3
10 4 4 15 10 57 6 4
2 8 6 18 2 64 9 5
4 12 8 6 4 71 12 1
6 4 10 9 6 63 15 2
8 8 2 12 8 70 3 3
10 4 4 15 10 62 6 4
2 8 6 18 2 69 9 5
4 12 8 6 4 76 12 1
6 4 10 9 6 68 15 2
8 8 2 12 8 75 3 3
10 4 4 15 10 67 6 4
2 8 6 18 2 74 9 5
4 12 8 6 4 81 12 1
6 4 10 9 6 73 15 2
8 8 2 12 8 80 3 3
10 4 4 15 10 72 6 4
2 8 6 18 2 79 9 5
4 12 8 6 4 86 12 1
6 4 10 9 6 78 15 2
8 8 2 12 8 85 3 3
10 4 4 15 10 77 6 4
2 8 6 18 2 84 9 5
4 12 8 6 4 91 12 1
6 4 10 9 6 83 15 2
8 8 2 12 8 90 3 3
10 4 4 15 10 82 6 4
2 8 6 18 2 89 9 5
4 12 8 6 4 96 12 1
6 4 10 9 6 88 15 2
8 8 2 12 8 95 3 3
10 4 4 15 10 87 6 4
2 8 6 18 2 94 9 5
4 12 8 6 4 101 12 1
6 4 10 9 6 93 15 2
8 8 2 12 8 100 3 3
10 4 4 15 10 92 6 4
2 8 6 18 2 99 9 5
4 12 8 6 4 106 12 1
6 4 10 9 6 98 15 2
8 8 2 12 8 105 3 3
10 4 4 15 10 97 6 4
2 8 6 18 2 104 9 5
4 12 8 6 4 111 12 1
6 4 10 9 6 103 15 2
8 8 2 12 8 110 3 3
10 4 4 15 10 102 6 4
2 8 6 18 2 109 9 5
*
waitingTimeCarsGone
388
5
439
375
297
8
289
103
42
0
42
42
42
0
42
42
42
0
42
33
12
*
waitingTimeCarsLeft
0
23
0
16
12
7
0
7
7
7
0
7
7
7
0
7
7
7
0
7
7
4
