6
2 4 3 3 1 3 7 1
15
98
2270
12298.32
carsInLane
2 4 3 3 1 3 7 1
4 8 3 6 2 6 7 2
6 4 6 9 3 3 14 3
8 8 3 12 4 6 7 4
10 12 6 3 5 9 14 1
2 4 9 6 6 12 21 2
4 8 3 9 7 15 13 3
6 12 6 12 1 3 20 4
8 16 3 15 2 6 12 5
2 5 6 18 3 9 19 6
4 9 3 21 4 12 11 7
6 13 6 9 5 15 18 1
8 4 9 12 6 3 25 2
10 8 3 15 7 6 17 3
2 12 6 18 1 9 24 4
4 16 3 21 2 12 16 5
6 5 6 24 3 3 23 6
8 9 9 12 4 6 30 1
10 13 3 15 5 9 22 2
12 17 3 18 6 12 14 3
14 6 6 21 7 3 21 4
2 10 9 24 1 6 28 5
4 14 3 27 2 9 20 6
6 18 6 15 3 12 27 1
8 22 3 18 4 15 19 2
10 11 6 21 5 3 26 3
12 15 3 24 6 6 18 4
14 19 6 12 7 9 25 1
2 23 9 15 1 12 32 2
4 27 3 18 2 15 24 3
6 16 6 21 3 3 31 4
8 20 3 24 4 6 23 5
10 24 6 12 5 9 30 1
12 28 3 15 6 12 22 2
14 17 6 18 7 3 29 3
2 21 9 21 1 6 36 4
4 25 3 24 2 9 28 5
6 14 6 27 3 3 35 6
8 18 3 30 4 6 27 7
10 22 6 18 5 9 34 1
12 26 3 21 6 12 26 2
14 15 6 24 7 3 33 3
2 19 9 27 1 6 40 4
4 23 3 30 2 9 32 5
6 27 6 33 3 12 24 1
8 16 9 36 4 3 31 2
10 20 3 24 5 6 38 3
12 24 3 27 6 9 30 4
2 13 6 30 7 12 37 5
4 17 9 33 1 3 44 6
6 21 3 36 2 6 36 7
8 25 6 24 3 9 43 1
10 29 3 27 4 12 35 2
12 18 6 30 5 3 42 3
14 22 3 33 6 6 34 4
2 26 6 36 1 9 41 5
4 30 3 39 2 12 33 6
6 34 6 27 3 15 40 1
8 23 9 30 4 3 47 2
10 27 3 33 5 6 39 3
12 31 3 36 6 9 31 4
2 20 6 39 7 12 38 5
4 24 9 42 1 3 45 6
6 28 3 45 2 6 37 7
8 32 6 33 3 9 44 1
10 36 3 36 4 12 36 2
12 25 6 39 5 3 43 3
14 29 3 42 6 6 35 4
2 33 6 45 1 9 42 5
4 37 3 33 2 12 49 6
6 41 6 36 3 15 41 1
8 30 9 39 4 3 48 2
10 34 3 42 5 6 40 3
12 38 6 30 6 9 47 1
14 42 3 33 7 12 39 2
2 46 6 36 1 15 46 3
4 35 9 39 2 3 53 4
6 39 3 42 3 6 45 5
8 43 6 45 4 9 37 1
10 32 9 48 5 3 44 2
12 36 3 36 6 6 51 3
14 40 3 39 7 9 43 4
2 44 6 42 1 12 50 5
4 33 9 45 2 3 57 6
6 37 3 48 3 6 49 7
8 41 6 36 4 9 56 1
10 45 3 39 5 12 48 2
12 34 6 42 6 3 55 3
14 38 3 45 7 6 47 4
2 42 6 48 1 9 54 5
4 46 3 51 2 12 46 6
6 35 6 54 3 3 53 7
8 39 9 42 4 6 60 1
10 43 3 45 5 9 52 2
12 47 3 48 6 12 44 3
14 36 6 51 7 3 51 4
2 40 9 54 1 6 58 5
4 44 3 57 2 9 50 6
6 48 6 45 3 12 57 1
8 52 3 48 4 15 49 2
10 41 6 51 5 3 56 3
*
waitingTimeCarsGone
311
19
309
305
277
32
216
226
195
34
76
57
46
14
32
36
22
9
9
18
12
3
3
6
3
*
waitingTimeCarsLeft
0
21
0
18
18
17
0
17
13
7
7
0
7
7
4
0
3
3
3
0
3
3
3
