10
4 5 0 4 0 3 5 3
15
101
2277
11931
carsInLane
4 5 0 4 0 3 5 3
4 5 0 8 0 6 10 6
8 10 0 12 0 9 5 3
12 5 0 16 0 3 10 6
16 10 0 5 0 6 15 3
5 5 0 9 0 9 20 6
9 10 0 13 0 12 10 3
13 5 0 17 0 3 15 6
17 10 0 6 0 6 20 3
6 5 0 10 0 9 25 6
10 10 0 14 0 12 15 3
14 15 0 18 0 3 20 6
18 20 0 7 0 6 25 9
7 10 0 11 0 9 30 12
11 15 0 15 0 12 20 3
15 5 0 19 0 3 25 6
19 10 0 23 0 6 15 3
8 5 0 27 0 9 20 6
12 10 0 16 0 12 25 3
16 15 0 20 0 15 15 3
5 5 0 24 0 18 20 6
9 10 0 13 0 21 25 3
13 15 0 17 0 9 30 6
17 20 0 21 0 12 20 9
6 10 0 25 0 15 25 12
10 15 0 14 0 18 30 3
14 5 0 18 0 6 35 6
18 10 0 22 0 9 25 3
7 5 0 26 0 12 30 6
11 10 0 30 0 15 20 3
15 15 0 19 0 18 25 3
19 5 0 23 0 6 30 6
23 10 0 27 0 9 20 3
12 15 0 31 0 12 25 6
16 20 0 20 0 15 30 9
20 25 0 24 0 18 20 3
9 15 0 28 0 21 25 6
13 5 0 32 0 9 30 9
17 10 0 21 0 12 35 3
21 15 0 25 0 15 25 3
10 5 0 29 0 18 30 6
14 10 0 33 0 21 20 3
18 15 0 22 0 24 25 3
22 5 0 26 0 12 30 6
11 10 0 30 0 15 35 9
15 15 0 34 0 18 25 12
19 20 0 23 0 21 30 3
23 10 0 27 0 9 35 6
27 15 0 31 0 12 25 3
16 5 0 35 0 15 30 6
20 10 0 24 0 18 35 3
24 15 0 28 0 21 25 3
13 5 0 32 0 24 30 6
17 10 0 21 0 27 35 3
21 15 0 25 0 30 25 3
25 20 0 29 0 18 30 6
29 25 0 18 0 21 35 9
18 15 0 22 0 24 40 12
22 20 0 26 0 27 30 3
26 10 0 30 0 15 35 6
30 15 0 34 0 18 25 3
19 5 0 38 0 21 30 6
23 10 0 27 0 24 35 3
27 15 0 31 0 27 25 3
31 5 0 35 0 15 30 6
35 10 0 24 0 18 35 3
24 15 0 28 0 21 40 6
28 20 0 32 0 24 30 9
17 10 0 36 0 27 35 12
21 15 0 25 0 30 40 3
25 5 0 29 0 18 45 6
29 10 0 33 0 21 35 3
18 5 0 37 0 24 40 6
22 10 0 41 0 27 30 3
26 15 0 30 0 30 35 3
30 5 0 34 0 18 40 6
34 10 0 38 0 21 30 3
23 15 0 42 0 24 35 6
27 20 0 31 0 27 40 9
31 25 0 35 0 30 30 3
20 15 0 39 0 33 35 6
24 5 0 43 0 21 40 9
28 10 0 32 0 24 45 3
32 15 0 36 0 27 35 3
21 5 0 40 0 30 40 6
25 10 0 29 0 33 45 3
29 15 0 33 0 36 35 3
33 5 0 37 0 24 40 6
22 10 0 41 0 27 45 9
26 15 0 30 0 30 50 12
30 20 0 34 0 33 40 3
34 10 0 38 0 21 45 6
38 15 0 42 0 24 35 3
27 5 0 46 0 27 40 6
31 10 0 35 0 30 45 3
35 15 0 39 0 33 35 3
24 5 0 43 0 36 40 6
28 10 0 32 0 39 45 3
32 5 0 36 0 27 50 6
21 10 0 40 0 30 55 9
25 15 0 44 0 33 45 12
*
waitingTimeCarsGone
315
0
342
279
230
0
222
239
235
0
185
125
63
0
31
8
3
*
waitingTimeCarsLeft
0
21
0
21
21
16
0
16
16
8
0
7
7
7
0
7
