4
2 1 3 3 3 4 4 4
15
101
2383
5939.674
88.00002
41
5.666667
carsInLane
2 1 3 3 3 4 4 4
4 2 6 6 6 8 4 4
6 3 9 9 3 4 8 8
8 4 3 3 6 8 12 12
10 5 6 6 9 12 4 4
2 1 9 9 12 16 8 8
4 2 12 12 3 5 12 12
6 3 3 15 6 9 4 16
8 4 6 3 9 13 8 5
10 5 9 6 3 4 12 9
2 1 12 9 6 8 16 13
4 2 15 12 9 12 5 4
6 3 3 3 12 16 9 8
8 4 6 6 3 5 13 12
10 5 9 9 6 9 4 4
2 1 12 12 9 13 8 8
4 2 3 3 12 17 12 12
6 3 6 6 3 6 16 16
8 4 9 9 6 10 5 5
10 5 3 3 9 14 9 9
2 1 6 6 12 18 13 13
4 2 9 9 3 7 17 17
6 3 12 12 6 11 6 6
8 4 3 3 9 15 10 10
10 5 6 6 3 4 14 14
2 1 9 9 6 8 18 18
4 2 12 12 9 12 7 7
6 3 3 3 12 16 11 11
8 4 6 6 3 5 15 15
10 5 9 9 6 9 4 4
2 1 12 12 9 13 8 8
4 2 3 3 12 17 12 12
6 3 6 6 3 6 16 16
8 4 9 9 6 10 5 5
10 5 3 3 9 14 9 9
2 1 6 6 12 18 13 13
4 2 9 9 3 7 17 17
6 3 12 12 6 11 6 6
8 4 3 3 9 15 10 10
10 5 6 6 3 4 14 14
2 1 9 9 6 8 18 18
4 2 12 12 9 12 7 7
6 3 3 3 12 16 11 11
8 4 6 6 3 5 15 15
10 5 9 9 6 9 4 4
2 1 12 12 9 13 8 8
4 2 3 3 12 17 12 12
6 3 6 6 3 6 16 16
8 4 9 9 6 10 5 5
10 5 3 3 9 14 9 9
2 1 6 6 12 18 13 13
4 2 9 9 3 7 17 17
6 3 12 12 6 11 6 6
8 4 3 3 9 15 10 10
10 5 6 6 3 4 14 14
2 1 9 9 6 8 18 18
4 2 12 12 9 12 7 7
6 3 3 3 12 16 11 11
8 4 6 6 3 5 15 15
10 5 9 9 6 9 4 4
2 1 12 12 9 13 8 8
4 2 3 3 12 17 12 12
6 3 6 6 3 6 16 16
8 4 9 9 6 10 5 5
10 5 3 3 9 14 9 9
2 1 6 6 12 18 13 13
4 2 9 9 3 7 17 17
6 3 12 12 6 11 6 6
8 4 3 3 9 15 10 10
10 5 6 6 3 4 14 14
2 1 9 9 6 8 18 18
4 2 12 12 9 12 7 7
6 3 3 3 12 16 11 11
8 4 6 6 3 5 15 15
10 5 9 9 6 9 4 4
2 1 12 12 9 13 8 8
4 2 3 3 12 17 12 12
6 3 6 6 3 6 16 16
8 4 9 9 6 10 5 5
10 5 3 3 9 14 9 9
2 1 6 6 12 18 13 13
4 2 9 9 3 7 17 17
6 3 12 12 6 11 6 6
8 4 3 3 9 15 10 10
10 5 6 6 3 4 14 14
2 1 9 9 6 8 18 18
4 2 12 12 9 12 7 7
6 3 3 3 12 16 11 11
8 4 6 6 3 5 15 15
10 5 9 9 6 9 4 4
2 1 12 12 9 13 8 8
4 2 3 3 12 17 12 12
6 3 6 6 3 6 16 16
8 4 9 9 6 10 5 5
10 5 3 3 9 14 9 9
2 1 6 6 12 18 13 13
4 2 9 9 3 7 17 17
6 3 12 12 6 11 6 6
8 4 3 3 9 15 10 10
10 5 6 6 3 4 14 14
2 1 9 9 6 8 18 18
*
waitingTimeCarsGone
518
0
621
614
510
0
120
*
waitingTimeCarsLeft
0
22
0
13
6
