3
1 4 3 5 2 2 4 3
15
101
2215
14251.64
2634.666
209
carsInLane
1 4 3 5 2 2 4 3
2 8 6 5 4 4 8 3
3 12 3 10 6 6 4 6
4 4 6 15 8 2 8 9
1 8 9 20 2 4 12 12
2 12 12 10 4 6 16 3
3 16 3 15 6 8 5 6
4 5 6 20 8 2 9 9
1 9 9 25 2 4 13 12
2 13 12 15 4 6 17 3
3 17 3 20 6 8 6 6
4 6 6 25 8 2 10 9
1 10 9 30 2 4 14 12
2 14 12 20 4 6 18 3
3 18 3 25 6 8 7 6
4 7 6 30 8 2 11 9
1 11 9 35 2 4 15 12
2 15 12 25 4 6 19 3
3 19 3 30 6 8 8 6
4 8 6 35 8 2 12 9
1 12 9 40 2 4 16 12
2 16 12 30 4 6 20 3
3 20 3 35 6 8 9 6
4 9 6 40 8 2 13 9
1 13 9 45 2 4 17 12
2 17 12 35 4 6 21 3
3 21 3 40 6 8 10 6
4 10 6 45 8 2 14 9
1 14 9 50 2 4 18 12
2 18 12 40 4 6 22 3
3 22 3 45 6 8 11 6
4 11 6 50 8 2 15 9
1 15 9 55 2 4 19 12
2 19 12 45 4 6 23 3
3 23 3 50 6 8 12 6
4 12 6 55 8 2 16 9
1 16 9 60 2 4 20 12
2 20 12 50 4 6 24 3
3 24 3 55 6 8 13 6
4 13 6 60 8 2 17 9
1 17 9 65 2 4 21 12
2 21 12 55 4 6 25 3
3 25 3 60 6 8 14 6
4 14 6 65 8 2 18 9
1 18 9 70 2 4 22 12
2 22 12 60 4 6 26 3
3 26 3 65 6 8 15 6
4 15 6 70 8 2 19 9
1 19 9 75 2 4 23 12
2 23 12 65 4 6 27 3
3 27 3 70 6 8 16 6
4 16 6 75 8 2 20 9
1 20 9 80 2 4 24 12
2 24 12 70 4 6 28 3
3 28 3 75 6 8 17 6
4 17 6 80 8 2 21 9
1 21 9 85 2 4 25 12
2 25 12 75 4 6 29 3
3 29 3 80 6 8 18 6
4 18 6 85 8 2 22 9
1 22 9 90 2 4 26 12
2 26 12 80 4 6 30 3
3 30 3 85 6 8 19 6
4 19 6 90 8 2 23 9
1 23 9 95 2 4 27 12
2 27 12 85 4 6 31 3
3 31 3 90 6 8 20 6
4 20 6 95 8 2 24 9
1 24 9 100 2 4 28 12
2 28 12 90 4 6 32 3
3 32 3 95 6 8 21 6
4 21 6 100 8 2 25 9
1 25 9 105 2 4 29 12
2 29 12 95 4 6 33 3
3 33 3 100 6 8 22 6
4 22 6 105 8 2 26 9
1 26 9 110 2 4 30 12
2 30 12 100 4 6 34 3
3 34 3 105 6 8 23 6
4 23 6 110 8 2 27 9
1 27 9 115 2 4 31 12
2 31 12 105 4 6 35 3
3 35 3 110 6 8 24 6
4 24 6 115 8 2 28 9
1 28 9 120 2 4 32 12
2 32 12 110 4 6 36 3
3 36 3 115 6 8 25 6
4 25 6 120 8 2 29 9
1 29 9 125 2 4 33 12
2 33 12 115 4 6 37 3
3 37 3 120 6 8 26 6
4 26 6 125 8 2 30 9
1 30 9 130 2 4 34 12
2 34 12 120 4 6 38 3
3 38 3 125 6 8 27 6
4 27 6 130 8 2 31 9
1 31 9 135 2 4 35 12
2 35 12 125 4 6 39 3
3 39 3 130 6 8 28 6
4 28 6 135 8 2 32 9
1 32 9 140 2 4 36 12
*
waitingTimeCarsGone
303
0
332
362
393
0
135
135
123
0
91
59
27
0
15
15
15
0
15
15
15
0
15
15
15
0
15
15
15
0
15
15
15
0
15
10
5
*
waitingTimeCarsLeft
0
21
0
18
16
13
0
13
13
13
0
13
9
5
0
5
5
5
0
5
5
5
0
5
5
5
0
5
5
5
0
5
5
5
