10
2 4 1 5 1 2 7 2
15
101
2147
18252.99
3155.999
277
carsInLane
2 4 1 5 1 2 7 2
4 8 2 10 2 4 7 2
6 4 3 15 3 2 14 4
8 8 4 5 4 4 21 2
10 12 1 10 5 6 13 4
2 4 2 15 6 8 20 6
4 8 3 20 7 10 12 2
6 12 1 10 8 12 19 4
8 4 2 15 9 2 26 6
10 8 3 20 10 4 18 2
12 12 1 10 11 6 25 4
2 16 2 15 1 8 32 6
4 20 3 20 2 10 24 2
6 9 4 25 3 2 31 4
8 13 1 30 4 4 23 6
10 17 2 20 5 6 30 2
12 21 1 25 6 8 22 4
2 10 2 30 7 10 29 6
4 14 3 20 8 12 36 2
6 18 1 25 9 14 28 4
8 7 2 30 10 2 35 6
10 11 3 35 11 4 27 2
2 15 4 40 1 6 34 4
4 19 5 30 2 8 41 2
6 23 1 35 3 10 33 4
8 27 2 25 4 12 40 2
10 31 1 30 5 14 32 4
12 20 2 35 6 2 39 6
14 24 3 40 7 4 31 2
16 28 1 30 8 6 38 4
3 17 2 35 9 8 45 6
5 21 3 40 10 10 37 2
7 25 1 30 11 12 44 4
9 29 2 35 1 2 51 6
11 33 3 40 2 4 43 2
13 37 1 45 3 6 35 4
2 26 2 50 4 8 42 6
4 30 3 40 5 10 49 2
6 34 1 45 6 12 41 4
8 38 2 35 7 14 48 2
10 27 3 40 8 2 55 4
12 31 4 45 9 4 47 2
14 35 1 50 10 6 39 4
16 39 2 40 11 8 46 2
3 43 3 45 1 10 53 4
5 47 4 50 2 12 45 2
7 36 5 55 3 2 52 4
9 40 1 45 4 4 59 6
11 44 2 50 5 6 51 2
2 33 3 55 6 8 58 4
4 37 4 60 7 10 50 2
6 41 1 50 8 12 57 4
8 45 2 55 9 14 49 2
10 34 3 60 10 2 56 4
12 38 4 50 11 4 63 2
2 42 5 55 1 6 70 4
4 46 1 60 2 8 62 6
6 50 2 65 3 10 54 2
8 54 3 55 4 12 61 2
10 43 4 60 5 2 68 4
12 47 1 65 6 4 60 6
14 51 2 55 7 6 67 2
16 55 1 60 8 8 59 4
3 44 2 65 9 10 66 6
5 48 3 70 10 12 58 2
7 52 1 60 11 14 65 4
9 56 2 65 1 2 72 6
11 60 3 70 2 4 64 2
13 64 1 60 3 6 71 4
2 53 2 65 4 8 78 6
4 57 3 70 5 10 70 2
6 61 1 75 6 12 62 4
8 65 2 65 7 14 69 2
10 54 3 70 8 2 76 4
12 58 4 75 9 4 68 2
14 62 1 65 10 6 75 4
16 66 2 70 11 8 67 2
3 70 3 75 1 10 74 4
5 59 4 80 2 2 81 6
7 63 5 85 3 4 73 2
9 67 1 75 4 6 80 4
11 71 2 80 5 8 72 2
13 75 3 70 6 10 79 2
2 64 4 75 7 12 86 4
4 68 1 80 8 14 78 6
6 72 2 70 9 16 85 2
8 61 3 75 10 3 92 4
10 65 4 80 11 5 84 2
2 69 5 85 1 7 91 4
4 73 1 90 2 9 83 6
6 77 2 80 3 11 90 2
8 81 1 85 4 13 82 4
10 70 2 90 5 2 89 6
12 74 3 80 6 4 96 2
14 78 1 85 7 6 88 4
2 67 2 90 8 8 95 6
4 71 3 95 9 10 87 2
6 75 1 85 10 12 94 4
8 79 2 90 11 14 86 2
10 83 3 95 1 2 93 4
12 87 4 85 2 4 100 2
*
waitingTimeCarsGone
205
0
229
207
166
0
167
156
137
0
119
107
113
0
97
90
92
0
64
42
46
0
44
38
21
0
6
1
*
waitingTimeCarsLeft
0
23
0
21
18
18
0
18
18
16
0
16
16
16
0
16
16
10
0
9
9
9
0
9
4
4
0
4
4
3
