8
3 4 4 4 4 2 0 3
15
101
2371
7350.333
148
53
8.333333
carsInLane
3 4 4 4 4 2 0 3
6 8 4 4 8 4 0 6
3 12 8 8 4 6 0 9
6 4 12 12 8 2 0 12
9 8 16 4 12 4 0 3
3 12 20 8 4 6 0 6
6 16 9 4 8 8 0 9
9 5 13 8 12 2 0 12
3 9 17 12 4 4 0 15
6 13 21 16 8 6 0 3
9 17 10 5 12 8 0 6
3 6 14 9 16 10 0 9
6 10 18 13 5 2 0 12
9 14 7 4 9 4 0 15
3 4 11 8 13 6 0 18
6 8 15 4 17 8 0 6
9 12 19 8 6 2 0 9
12 16 8 4 10 4 0 12
15 20 12 8 14 6 0 3
3 9 16 12 18 8 0 6
6 13 5 4 22 10 0 9
9 17 9 8 11 2 0 12
3 6 13 12 15 4 0 15
6 10 17 4 19 6 0 3
3 14 21 8 8 8 0 6
6 18 10 4 12 10 0 9
9 7 14 8 16 2 0 12
12 11 18 12 20 4 0 3
3 15 22 16 9 6 0 6
6 19 11 5 13 8 0 9
9 8 15 9 17 2 0 12
3 12 19 13 6 4 0 15
6 16 8 4 10 6 0 18
9 5 12 8 14 2 0 21
12 9 16 4 18 4 0 9
3 13 20 8 7 6 0 12
6 17 9 12 11 8 0 15
9 21 13 4 15 10 0 3
12 10 17 8 19 2 0 6
3 14 21 12 8 4 0 9
6 18 10 4 12 6 0 12
9 7 14 8 16 2 0 15
3 11 18 12 5 4 0 18
6 15 22 4 9 6 0 6
9 19 11 4 13 8 0 9
12 23 15 8 17 10 0 3
3 12 19 12 21 12 0 6
6 16 23 16 10 2 0 9
9 20 12 5 14 4 0 12
3 9 16 9 18 6 0 15
6 13 5 4 22 8 0 18
9 17 9 8 11 2 0 21
12 21 13 4 15 4 0 9
3 10 17 8 19 6 0 12
6 14 6 12 23 8 0 15
9 18 10 16 12 2 0 18
12 22 14 5 16 4 0 6
3 11 18 9 20 6 0 9
6 15 7 4 24 8 0 12
9 19 11 8 13 2 0 15
3 8 15 12 17 4 0 18
6 12 19 4 21 6 0 6
3 16 23 8 10 8 0 9
6 20 12 12 14 10 0 12
9 9 16 16 18 2 0 15
12 13 5 5 22 4 0 18
3 17 9 9 11 6 0 21
6 21 13 4 15 8 0 9
9 10 17 8 19 2 0 12
3 14 21 12 8 4 0 15
6 18 10 4 12 6 0 18
9 7 14 8 16 2 0 21
12 11 18 12 20 4 0 9
3 15 22 16 9 6 0 12
6 19 11 5 13 8 0 15
9 8 15 9 17 2 0 18
12 12 19 4 21 4 0 6
3 16 23 8 10 6 0 9
6 20 12 4 14 8 0 12
9 9 16 8 18 2 0 15
3 13 20 12 7 4 0 18
6 17 24 16 11 6 0 6
9 21 13 5 15 8 0 9
3 10 17 9 19 10 0 12
6 14 21 13 8 2 0 15
9 18 10 4 12 4 0 18
3 7 14 8 16 6 0 21
6 11 18 4 20 8 0 9
9 15 22 8 9 2 0 12
12 19 11 4 13 4 0 15
15 23 15 8 17 6 0 3
3 12 19 12 21 8 0 6
6 16 8 4 25 10 0 9
9 20 12 8 14 2 0 12
3 9 16 12 18 4 0 15
6 13 5 4 22 6 0 18
3 17 9 8 11 8 0 21
6 21 13 4 15 10 0 9
9 10 17 8 19 2 0 12
12 14 6 12 23 4 0 15
3 18 10 16 12 6 0 18
*
waitingTimeCarsGone
368
0
534
583
467
0
295
105
19
*
waitingTimeCarsLeft
0
21
0
14
12
4
0
2
