10
1 2 4 5 5 4 3 0
15
100
2371
6984.005
199.9999
53
carsInLane
1 2 4 5 5 4 3 0
2 4 4 5 10 8 6 0
3 6 8 10 5 4 9 0
4 8 4 5 10 8 12 0
5 10 8 10 5 4 15 0
6 12 4 15 10 8 3 0
7 2 8 20 15 4 6 0
8 4 4 10 20 8 9 0
1 6 8 15 10 12 12 0
2 8 4 5 15 16 15 0
3 10 8 10 5 5 18 0
4 12 12 15 10 9 6 0
5 14 4 5 15 13 9 0
6 16 8 10 5 4 12 0
1 3 12 15 10 8 15 0
2 5 4 20 15 12 3 0
3 7 8 25 5 4 6 0
4 9 4 15 10 8 9 0
5 11 4 5 15 12 12 0
6 13 8 10 5 4 15 0
7 15 4 15 10 8 3 0
8 2 8 20 15 4 6 0
9 4 12 10 20 8 9 0
1 6 16 15 10 12 12 0
2 8 5 5 15 16 15 0
3 10 9 10 5 5 18 0
4 12 4 15 10 9 6 0
5 2 8 20 15 4 9 0
6 4 4 10 20 8 12 0
7 6 8 15 10 4 15 0
8 8 4 20 15 8 3 0
9 10 4 10 20 12 6 0
10 12 8 15 10 4 9 0
11 14 12 20 15 8 3 0
1 2 16 25 20 12 6 0
2 4 5 15 25 16 9 0
3 6 9 20 15 5 12 0
4 8 4 10 20 9 15 0
5 10 8 15 10 4 18 0
6 12 4 20 15 8 6 0
7 14 4 10 20 12 9 0
8 16 8 15 10 4 12 0
1 3 12 20 15 8 15 0
2 5 4 10 20 12 18 0
3 7 8 15 25 16 6 0
4 9 12 20 15 5 9 0
5 11 4 10 20 9 12 0
6 13 8 15 10 4 15 0
7 15 4 20 15 8 3 0
8 17 4 10 20 12 6 0
9 19 8 15 10 4 9 0
1 6 12 20 15 8 12 0
2 8 4 10 20 12 15 0
3 10 8 15 10 4 18 0
4 12 4 20 15 8 6 0
5 14 8 10 20 12 9 0
6 16 12 15 10 4 12 0
7 18 4 5 15 8 15 0
8 5 8 10 20 4 18 0
1 7 12 15 10 8 21 0
2 9 4 20 15 12 9 0
3 11 8 25 5 4 12 0
4 13 4 15 10 8 15 0
5 2 8 20 15 4 18 0
6 4 4 10 20 8 21 0
7 6 8 15 10 4 24 0
8 8 12 20 15 8 12 0
9 10 4 10 20 12 15 0
10 12 8 15 10 4 18 0
11 14 4 20 15 8 6 0
1 2 8 25 20 12 9 0
2 4 4 15 25 16 12 0
3 6 8 20 15 5 15 0
4 8 4 10 20 9 18 0
5 10 8 15 10 4 21 0
6 12 4 20 15 8 9 0
7 14 4 10 20 12 12 0
8 16 8 15 25 16 3 0
9 18 12 20 15 5 6 0
10 20 4 10 20 9 9 0
1 22 8 15 10 13 12 0
2 9 12 20 15 4 15 0
3 11 4 10 20 8 18 0
4 13 8 15 10 4 21 0
5 15 4 20 15 8 9 0
6 17 4 10 20 12 12 0
7 19 8 15 10 4 15 0
1 6 12 20 15 8 18 0
2 8 16 25 20 12 6 0
3 10 5 15 25 16 9 0
4 12 9 20 15 5 12 0
5 14 4 10 20 9 15 0
6 16 8 15 10 4 18 0
7 18 4 20 15 8 6 0
8 5 8 25 20 4 9 0
9 7 4 15 25 8 12 0
1 9 8 20 15 12 15 0
2 11 4 10 20 16 18 0
3 13 8 15 10 5 21 0
4 15 12 20 15 9 9 0
5 17 4 10 20 13 12 0
*
waitingTimeCarsGone
434
14
631
560
405
5
146
76
46
2
25
16
7
0
4
*
waitingTimeCarsLeft
0
20
0
11
6
6
0
3
2
2
0
2
1
