7
3 2 2 1 3 3 6 4
15
101
2388
5754.668
carsInLane
3 2 2 1 3 3 6 4
6 4 4 2 6 6 6 4
3 6 6 3 3 9 12 8
6 8 8 4 6 12 6 4
9 2 10 5 9 3 12 8
12 4 2 6 12 6 6 12
3 6 4 7 3 9 12 16
6 8 6 8 6 12 6 5
9 10 2 1 9 15 12 9
12 2 4 2 12 3 18 13
15 4 6 3 15 6 9 4
3 6 8 4 3 9 15 8
6 8 2 5 6 12 6 12
9 2 4 6 9 3 12 16
12 4 6 7 12 6 6 5
3 6 8 8 3 9 12 9
6 8 2 1 6 12 18 13
9 10 4 2 9 15 9 4
12 2 6 3 12 3 15 8
3 4 8 4 3 6 21 12
6 6 10 5 6 9 12 4
9 8 2 6 9 12 6 8
12 10 4 7 3 3 12 12
15 12 6 8 6 6 6 4
18 14 2 1 9 9 12 8
6 2 4 2 12 12 18 12
9 4 6 3 15 15 9 4
12 6 8 4 3 3 15 8
15 8 2 5 6 6 6 12
3 2 4 6 9 9 12 16
6 4 6 7 12 12 6 5
9 6 8 8 3 3 12 9
12 8 2 1 6 6 18 13
15 10 4 2 9 9 9 4
3 2 6 3 12 12 15 8
6 4 8 4 3 3 21 12
9 6 10 5 6 6 12 4
12 8 2 6 9 9 6 8
3 10 4 7 3 12 12 12
6 12 6 8 6 15 6 4
9 14 2 1 9 18 12 8
12 2 4 2 12 6 18 12
15 4 6 3 15 9 9 4
3 6 8 4 3 12 15 8
6 8 2 5 6 15 6 12
9 2 4 6 9 3 12 16
12 4 6 7 12 6 6 5
3 6 8 8 3 9 12 9
6 8 2 1 6 12 18 13
9 10 4 2 9 15 9 4
12 2 6 3 12 3 15 8
3 4 8 4 3 6 21 12
6 6 10 5 6 9 12 4
9 8 2 6 9 12 6 8
12 10 4 7 3 3 12 12
15 12 6 8 6 6 6 4
18 14 2 1 9 9 12 8
6 2 4 2 12 12 18 12
9 4 6 3 15 15 9 4
12 6 8 4 3 3 15 8
15 8 2 5 6 6 6 12
3 2 4 6 9 9 12 16
6 4 6 7 12 12 6 5
9 6 8 8 3 3 12 9
12 8 2 1 6 6 18 13
15 10 4 2 9 9 9 4
3 2 6 3 12 12 15 8
6 4 8 4 3 3 21 12
9 6 10 5 6 6 12 4
12 8 2 6 9 9 6 8
3 10 4 7 3 12 12 12
6 12 6 8 6 15 6 4
9 14 2 1 9 18 12 8
12 2 4 2 12 6 18 12
15 4 6 3 15 9 9 4
3 6 8 4 3 12 15 8
6 8 2 5 6 15 6 12
9 2 4 6 9 3 12 16
12 4 6 7 12 6 6 5
3 6 8 8 3 9 12 9
6 8 2 1 6 12 18 13
9 10 4 2 9 15 9 4
12 2 6 3 12 3 15 8
3 4 8 4 3 6 21 12
6 6 10 5 6 9 12 4
9 8 2 6 9 12 6 8
12 10 4 7 3 3 12 12
15 12 6 8 6 6 6 4
18 14 2 1 9 9 12 8
6 2 4 2 12 12 18 12
9 4 6 3 15 15 9 4
12 6 8 4 3 3 15 8
15 8 2 5 6 6 6 12
3 2 4 6 9 9 12 16
6 4 6 7 12 12 6 5
9 6 8 8 3 3 12 9
12 8 2 1 6 6 18 13
15 10 4 2 9 9 9 4
3 2 6 3 12 12 15 8
6 4 8 4 3 3 21 12
9 6 10 5 6 6 12 4
*
waitingTimeCarsGone
611
0
695
547
327
0
137
37
22
0
12
*
waitingTimeCarsLeft
0
16
0
12
6
1
0
1
