5
3 3 4 1 4 4 2 3
15
101
2378
6374.01
carsInLane
3 3 4 1 4 4 2 3
6 6 8 2 4 4 4 6
9 9 4 3 8 8 2 9
3 3 8 4 12 12 4 12
6 6 12 5 4 4 6 15
9 9 16 6 8 8 2 3
12 12 5 1 12 12 4 6
3 15 9 2 4 16 6 9
6 3 13 3 8 5 8 12
9 6 4 4 12 9 2 15
3 9 8 5 4 13 4 18
6 12 12 1 8 17 6 6
9 3 16 2 12 6 8 9
12 6 5 3 16 10 2 12
3 9 9 4 5 14 4 15
6 3 13 5 9 4 6 18
9 6 17 6 13 8 2 6
12 9 6 1 17 12 4 9
3 12 10 2 6 16 6 12
6 3 14 3 10 5 8 15
9 6 18 4 14 9 2 3
3 9 22 5 4 13 4 6
6 12 11 1 8 17 6 9
9 3 15 2 12 6 8 12
12 6 4 3 16 10 2 15
3 9 8 4 5 14 4 18
6 12 12 1 9 18 6 6
9 3 16 2 13 7 8 9
12 6 5 3 17 11 2 12
3 9 9 4 6 15 4 15
6 3 13 5 10 4 6 18
9 6 17 6 14 8 2 6
12 9 6 1 18 12 4 9
3 12 10 2 7 16 6 12
6 3 14 3 11 5 8 15
9 6 18 4 15 9 2 3
3 9 22 5 4 13 4 6
6 12 11 1 8 17 6 9
9 3 15 2 12 6 8 12
12 6 4 3 16 10 2 15
3 9 8 4 5 14 4 18
6 12 12 1 9 18 6 6
9 3 16 2 13 7 8 9
12 6 5 3 17 11 2 12
3 9 9 4 6 15 4 15
6 3 13 5 10 4 6 18
9 6 17 6 14 8 2 6
12 9 6 1 18 12 4 9
3 12 10 2 7 16 6 12
6 3 14 3 11 5 8 15
9 6 18 4 15 9 2 3
3 9 22 5 4 13 4 6
6 12 11 1 8 17 6 9
9 3 15 2 12 6 8 12
12 6 4 3 16 10 2 15
3 9 8 4 5 14 4 18
6 12 12 1 9 18 6 6
9 3 16 2 13 7 8 9
12 6 5 3 17 11 2 12
3 9 9 4 6 15 4 15
6 3 13 5 10 4 6 18
9 6 17 6 14 8 2 6
12 9 6 1 18 12 4 9
3 12 10 2 7 16 6 12
6 3 14 3 11 5 8 15
9 6 18 4 15 9 2 3
3 9 22 5 4 13 4 6
6 12 11 1 8 17 6 9
9 3 15 2 12 6 8 12
12 6 4 3 16 10 2 15
3 9 8 4 5 14 4 18
6 12 12 1 9 18 6 6
9 3 16 2 13 7 8 9
12 6 5 3 17 11 2 12
3 9 9 4 6 15 4 15
6 3 13 5 10 4 6 18
9 6 17 6 14 8 2 6
12 9 6 1 18 12 4 9
3 12 10 2 7 16 6 12
6 3 14 3 11 5 8 15
9 6 18 4 15 9 2 3
3 9 22 5 4 13 4 6
6 12 11 1 8 17 6 9
9 3 15 2 12 6 8 12
12 6 4 3 16 10 2 15
3 9 8 4 5 14 4 18
6 12 12 1 9 18 6 6
9 3 16 2 13 7 8 9
12 6 5 3 17 11 2 12
3 9 9 4 6 15 4 15
6 3 13 5 10 4 6 18
9 6 17 6 14 8 2 6
12 9 6 1 18 12 4 9
3 12 10 2 7 16 6 12
6 3 14 3 11 5 8 15
9 6 18 4 15 9 2 3
3 9 22 5 4 13 4 6
6 12 11 1 8 17 6 9
9 3 15 2 12 6 8 12
12 6 4 3 16 10 2 15
3 9 8 4 5 14 4 18
*
waitingTimeCarsGone
469
0
595
607
509
0
140
58
*
waitingTimeCarsLeft
0
23
0
14
7
2
