4
3 4 4 4 4 2 0 3
15
101
2373
7564.34
140
51
8.333333
carsInLane
3 4 4 4 4 2 0 3
6 8 4 4 8 4 0 6
3 12 8 8 4 6 0 9
6 4 12 12 8 2 0 12
9 8 16 4 12 4 0 3
12 12 5 8 16 6 0 6
3 16 9 12 5 8 0 9
6 5 13 16 9 2 0 12
9 9 4 5 13 4 0 15
12 13 8 9 17 6 0 3
3 17 12 13 6 8 0 6
6 6 16 17 10 2 0 9
9 10 5 6 14 4 0 12
3 14 9 10 4 6 0 15
6 18 13 14 8 8 0 3
9 22 4 4 12 10 0 6
12 11 8 8 16 2 0 9
3 15 12 12 5 4 0 12
6 19 16 4 9 6 0 3
9 23 5 8 13 8 0 6
3 12 9 12 17 10 0 9
6 16 13 16 6 2 0 12
9 20 4 5 10 4 0 15
12 24 8 9 14 6 0 3
3 13 12 13 18 8 0 6
6 17 16 17 7 2 0 9
9 21 5 6 11 4 0 12
3 10 9 10 15 6 0 15
6 14 13 14 19 8 0 3
9 18 4 4 23 10 0 6
12 22 8 8 12 2 0 9
3 11 12 12 16 4 0 12
6 15 16 4 20 6 0 3
9 19 5 8 24 8 0 6
3 23 9 12 13 10 0 9
6 12 13 16 17 2 0 12
9 16 4 5 21 4 0 15
12 20 8 9 25 6 0 3
3 24 12 13 14 8 0 6
6 13 16 17 18 2 0 9
9 17 5 6 22 4 0 12
3 21 9 10 11 6 0 15
6 25 13 14 15 8 0 3
9 14 17 18 19 2 0 6
12 18 6 7 23 4 0 9
3 22 10 11 12 6 0 12
6 11 14 15 16 2 0 15
9 15 18 19 20 4 0 3
12 19 7 8 24 6 0 6
3 23 11 12 13 8 0 9
6 12 15 16 17 2 0 12
9 16 4 5 21 4 0 15
12 20 8 9 25 6 0 3
3 24 12 13 14 8 0 6
6 13 16 17 18 2 0 9
9 17 5 6 22 4 0 12
3 21 9 10 11 6 0 15
6 25 13 14 15 8 0 3
9 14 17 18 19 2 0 6
12 18 6 7 23 4 0 9
3 22 10 11 12 6 0 12
6 11 14 15 16 2 0 15
9 15 18 19 20 4 0 3
12 19 7 8 24 6 0 6
3 23 11 12 13 8 0 9
6 12 15 16 17 2 0 12
9 16 4 5 21 4 0 15
12 20 8 9 25 6 0 3
3 24 12 13 14 8 0 6
6 13 16 17 18 2 0 9
9 17 5 6 22 4 0 12
3 21 9 10 11 6 0 15
6 25 13 14 15 8 0 3
9 14 17 18 19 2 0 6
12 18 6 7 23 4 0 9
3 22 10 11 12 6 0 12
6 11 14 15 16 2 0 15
9 15 18 19 20 4 0 3
12 19 7 8 24 6 0 6
3 23 11 12 13 8 0 9
6 12 15 16 17 2 0 12
9 16 4 5 21 4 0 15
12 20 8 9 25 6 0 3
3 24 12 13 14 8 0 6
6 13 16 17 18 2 0 9
9 17 5 6 22 4 0 12
3 21 9 10 11 6 0 15
6 25 13 14 15 8 0 3
9 14 17 18 19 2 0 6
12 18 6 7 23 4 0 9
3 22 10 11 12 6 0 12
6 11 14 15 16 2 0 15
9 15 18 19 20 4 0 3
12 19 7 8 24 6 0 6
3 23 11 12 13 8 0 9
6 12 15 16 17 2 0 12
9 16 4 5 21 4 0 15
12 20 8 9 25 6 0 3
3 24 12 13 14 8 0 6
6 13 16 17 18 2 0 9
9 17 5 6 22 4 0 12
*
waitingTimeCarsGone
367
0
463
586
537
0
275
136
9
*
waitingTimeCarsLeft
0
21
0
15
7
7
0
1
