5
5 3 0 2 5 3 3 3
15
101
2398
5311.335
58.66666
26
carsInLane
5 3 0 2 5 3 3 3
5 6 0 4 5 6 6 6
10 3 0 6 10 3 9 9
5 6 0 8 5 6 12 12
10 9 0 10 10 9 3 3
5 12 0 12 5 12 6 6
10 15 0 2 10 15 9 9
15 3 0 4 15 3 12 12
5 6 0 6 5 6 15 15
10 9 0 8 10 9 3 3
5 12 0 10 5 12 6 6
10 3 0 12 10 3 9 9
15 6 0 2 15 6 12 12
5 9 0 4 5 9 15 15
10 12 0 6 10 12 3 3
15 3 0 8 15 3 6 6
5 6 0 10 5 6 9 9
10 9 0 2 10 9 12 3
15 12 0 4 15 12 3 6
5 15 0 6 5 15 6 9
10 3 0 8 10 3 9 12
15 6 0 10 15 6 3 3
5 9 0 12 5 9 6 6
10 12 0 2 10 12 9 9
15 3 0 4 15 3 12 12
5 6 0 6 5 6 15 15
10 9 0 8 10 9 3 3
5 12 0 10 5 12 6 6
10 3 0 12 10 3 9 9
15 6 0 2 15 6 12 12
5 9 0 4 5 9 15 15
10 12 0 6 10 12 3 3
15 3 0 8 15 3 6 6
5 6 0 10 5 6 9 9
10 9 0 2 10 9 12 3
15 12 0 4 15 12 3 6
5 15 0 6 5 15 6 9
10 3 0 8 10 3 9 12
15 6 0 10 15 6 3 3
5 9 0 12 5 9 6 6
10 12 0 2 10 12 9 9
15 3 0 4 15 3 12 12
5 6 0 6 5 6 15 15
10 9 0 8 10 9 3 3
5 12 0 10 5 12 6 6
10 3 0 12 10 3 9 9
15 6 0 2 15 6 12 12
5 9 0 4 5 9 15 15
10 12 0 6 10 12 3 3
15 3 0 8 15 3 6 6
5 6 0 10 5 6 9 9
10 9 0 2 10 9 12 3
15 12 0 4 15 12 3 6
5 15 0 6 5 15 6 9
10 3 0 8 10 3 9 12
15 6 0 10 15 6 3 3
5 9 0 12 5 9 6 6
10 12 0 2 10 12 9 9
15 3 0 4 15 3 12 12
5 6 0 6 5 6 15 15
10 9 0 8 10 9 3 3
5 12 0 10 5 12 6 6
10 3 0 12 10 3 9 9
15 6 0 2 15 6 12 12
5 9 0 4 5 9 15 15
10 12 0 6 10 12 3 3
15 3 0 8 15 3 6 6
5 6 0 10 5 6 9 9
10 9 0 2 10 9 12 3
15 12 0 4 15 12 3 6
5 15 0 6 5 15 6 9
10 3 0 8 10 3 9 12
15 6 0 10 15 6 3 3
5 9 0 12 5 9 6 6
10 12 0 2 10 12 9 9
15 3 0 4 15 3 12 12
5 6 0 6 5 6 15 15
10 9 0 8 10 9 3 3
5 12 0 10 5 12 6 6
10 3 0 12 10 3 9 9
15 6 0 2 15 6 12 12
5 9 0 4 5 9 15 15
10 12 0 6 10 12 3 3
15 3 0 8 15 3 6 6
5 6 0 10 5 6 9 9
10 9 0 2 10 9 12 3
15 12 0 4 15 12 3 6
5 15 0 6 5 15 6 9
10 3 0 8 10 3 9 12
15 6 0 10 15 6 3 3
5 9 0 12 5 9 6 6
10 12 0 2 10 12 9 9
15 3 0 4 15 3 12 12
5 6 0 6 5 6 15 15
10 9 0 8 10 9 3 3
5 12 0 10 5 12 6 6
10 3 0 12 10 3 9 9
15 6 0 2 15 6 12 12
5 9 0 4 5 9 15 15
10 12 0 6 10 12 3 3
15 3 0 8 15 3 6 6
*
waitingTimeCarsGone
686
0
676
590
280
0
142
24
*
waitingTimeCarsLeft
0
14
0
8
2
2
