3
3 2 2 3 3 5 5 1
15
101
2145
16482.98
4889.333
279
36
carsInLane
3 2 2 3 3 5 5 1
6 4 4 6 3 5 10 2
9 6 2 9 6 10 5 3
12 2 4 12 9 5 10 4
15 4 6 3 12 10 15 1
3 6 8 6 3 15 20 2
6 8 2 9 6 20 10 3
9 2 4 12 9 10 15 4
12 4 6 3 12 15 20 1
3 6 8 6 3 20 25 2
6 8 2 9 6 25 15 3
9 2 4 12 9 15 20 4
12 4 6 3 12 20 25 1
3 6 8 6 3 25 30 2
6 8 2 9 6 30 20 3
9 2 4 12 9 20 25 4
12 4 6 3 12 25 30 1
3 6 8 6 3 30 35 2
6 8 2 9 6 35 25 3
9 2 4 12 9 25 30 4
12 4 6 3 12 30 35 1
3 6 8 6 3 35 40 2
6 8 2 9 6 40 30 3
9 2 4 12 9 30 35 4
12 4 6 3 12 35 40 1
3 6 8 6 3 40 45 2
6 8 2 9 6 45 35 3
9 2 4 12 9 35 40 4
12 4 6 3 12 40 45 1
3 6 8 6 3 45 50 2
6 8 2 9 6 50 40 3
9 2 4 12 9 40 45 4
12 4 6 3 12 45 50 1
3 6 8 6 3 50 55 2
6 8 2 9 6 55 45 3
9 2 4 12 9 45 50 4
12 4 6 3 12 50 55 1
3 6 8 6 3 55 60 2
6 8 2 9 6 60 50 3
9 2 4 12 9 50 55 4
12 4 6 3 12 55 60 1
3 6 8 6 3 60 65 2
6 8 2 9 6 65 55 3
9 2 4 12 9 55 60 4
12 4 6 3 12 60 65 1
3 6 8 6 3 65 70 2
6 8 2 9 6 70 60 3
9 2 4 12 9 60 65 4
12 4 6 3 12 65 70 1
3 6 8 6 3 70 75 2
6 8 2 9 6 75 65 3
9 2 4 12 9 65 70 4
12 4 6 3 12 70 75 1
3 6 8 6 3 75 80 2
6 8 2 9 6 80 70 3
9 2 4 12 9 70 75 4
12 4 6 3 12 75 80 1
3 6 8 6 3 80 85 2
6 8 2 9 6 85 75 3
9 2 4 12 9 75 80 4
12 4 6 3 12 80 85 1
3 6 8 6 3 85 90 2
6 8 2 9 6 90 80 3
9 2 4 12 9 80 85 4
12 4 6 3 12 85 90 1
3 6 8 6 3 90 95 2
6 8 2 9 6 95 85 3
9 2 4 12 9 85 90 4
12 4 6 3 12 90 95 1
3 6 8 6 3 95 100 2
6 8 2 9 6 100 90 3
9 2 4 12 9 90 95 4
12 4 6 3 12 95 100 1
3 6 8 6 3 100 105 2
6 8 2 9 6 105 95 3
9 2 4 12 9 95 100 4
12 4 6 3 12 100 105 1
3 6 8 6 3 105 110 2
6 8 2 9 6 110 100 3
9 2 4 12 9 100 105 4
12 4 6 3 12 105 110 1
3 6 8 6 3 110 115 2
6 8 2 9 6 115 105 3
9 2 4 12 9 105 110 4
12 4 6 3 12 110 115 1
3 6 8 6 3 115 120 2
6 8 2 9 6 120 110 3
9 2 4 12 9 110 115 4
12 4 6 3 12 115 120 1
3 6 8 6 3 120 125 2
6 8 2 9 6 125 115 3
9 2 4 12 9 115 120 4
12 4 6 3 12 120 125 1
3 6 8 6 3 125 130 2
6 8 2 9 6 130 120 3
9 2 4 12 9 120 125 4
12 4 6 3 12 125 130 1
3 6 8 6 3 130 135 2
6 8 2 9 6 135 125 3
9 2 4 12 9 125 130 4
12 4 6 3 12 130 135 1
*
waitingTimeCarsGone
368
0
370
368
376
0
33
30
30
0
30
30
30
0
30
30
30
0
30
30
30
0
30
30
30
0
30
30
30
0
30
30
30
0
20
10
*
waitingTimeCarsLeft
0
18
0
14
12
10
0
10
10
10
0
10
10
10
0
10
10
10
0
10
10
10
0
10
10
10
0
10
10
10
0
10
10
10
0
10
5
