9
4 5 6 2 0 2 3 2
15
101
2370
6767.336
carsInLane
4 5 6 2 0 2 3 2
8 10 6 4 0 4 3 4
4 5 12 6 0 6 6 6
8 10 6 8 0 8 3 8
12 5 12 10 0 2 6 10
16 10 6 2 0 4 9 12
5 5 12 4 0 6 12 14
9 10 18 6 0 8 3 2
13 15 9 2 0 10 6 4
4 5 15 4 0 12 9 6
8 10 21 6 0 2 12 8
12 15 12 8 0 4 3 10
4 5 18 10 0 6 6 12
8 10 9 2 0 8 9 14
12 15 15 4 0 10 3 2
4 5 21 6 0 12 6 4
8 10 12 8 0 14 3 6
12 5 18 10 0 2 6 8
16 10 9 2 0 4 9 10
5 5 15 4 0 6 12 12
9 10 21 6 0 2 15 14
13 15 12 8 0 4 3 16
4 5 18 10 0 6 6 18
8 10 24 2 0 8 9 5
12 15 15 4 0 10 3 7
4 5 21 6 0 12 6 9
8 10 12 8 0 14 3 11
12 5 18 10 0 2 6 13
16 10 9 2 0 4 9 15
5 5 15 4 0 6 12 17
9 10 21 6 0 2 15 19
13 15 12 8 0 4 3 21
17 20 18 2 0 6 6 8
6 10 24 4 0 8 9 10
10 15 15 6 0 10 3 12
14 5 21 8 0 2 6 14
18 10 12 2 0 4 9 16
7 5 18 4 0 6 12 18
11 10 9 6 0 8 3 20
15 15 15 2 0 10 6 7
19 20 21 4 0 2 9 9
8 10 27 6 0 4 12 11
12 15 18 8 0 6 3 13
4 5 24 10 0 8 6 15
8 10 15 2 0 10 9 17
12 15 21 4 0 12 3 4
16 5 27 6 0 2 6 6
20 10 18 8 0 4 3 8
9 5 24 10 0 6 6 10
13 10 15 2 0 8 9 12
17 15 21 4 0 2 12 14
21 20 12 6 0 4 3 16
10 10 18 8 0 6 6 18
14 15 24 2 0 8 9 5
18 20 15 4 0 10 3 7
7 10 21 6 0 12 6 9
11 15 12 8 0 14 3 11
15 5 18 10 0 2 6 13
19 10 9 2 0 4 9 15
8 5 15 4 0 6 12 17
12 10 21 6 0 2 15 19
16 15 12 8 0 4 3 21
5 5 18 10 0 6 6 23
9 10 24 2 0 8 9 10
13 15 15 4 0 10 3 12
4 5 21 6 0 12 6 14
8 10 12 8 0 14 3 16
12 5 18 10 0 2 6 18
16 10 24 2 0 4 9 5
20 15 15 4 0 6 3 7
9 20 21 6 0 8 6 9
4 10 27 8 0 10 9 11
8 15 18 10 0 12 3 13
12 20 9 2 0 14 6 15
16 10 15 4 0 2 9 17
5 5 21 6 0 4 12 19
9 10 12 8 0 6 3 21
13 15 18 2 0 8 6 8
4 5 24 4 0 10 9 10
8 10 15 6 0 12 3 12
12 15 21 8 0 2 6 14
16 20 12 2 0 4 9 16
5 10 18 4 0 6 12 18
9 15 9 6 0 8 3 20
13 20 15 2 0 10 6 7
4 10 21 4 0 12 9 9
8 15 12 6 0 14 3 11
12 5 18 8 0 2 6 13
16 10 9 2 0 4 9 15
5 5 15 4 0 6 12 17
9 10 21 6 0 2 15 19
13 15 12 8 0 4 3 21
17 20 18 2 0 6 6 8
6 10 24 4 0 8 9 10
10 15 15 6 0 10 3 12
14 5 21 8 0 2 6 14
18 10 12 2 0 4 9 16
7 5 18 4 0 6 12 18
11 10 9 6 0 8 3 20
15 15 15 2 0 10 6 7
19 20 21 4 0 2 9 9
*
waitingTimeCarsGone
438
0
671
619
372
0
124
45
38
0
22
21
14
0
5
1
*
waitingTimeCarsLeft
0
24
0
13
11
5
0
1
