5
1 3 1 7 2 5 3 2
15
100
2137
18106.66
3620
287
carsInLane
1 3 1 7 2 5 3 2
2 6 2 7 4 10 6 2
3 3 3 14 6 5 9 4
4 6 4 7 8 10 12 2
5 9 5 14 2 5 15 4
6 12 1 21 4 10 3 6
1 3 2 28 6 15 6 8
2 6 3 20 8 20 9 2
3 9 4 27 2 10 12 4
4 12 5 19 4 15 15 2
5 3 6 26 6 5 18 4
6 6 1 33 8 10 6 6
1 9 2 40 2 15 9 8
2 12 3 32 4 20 12 2
3 15 1 24 6 25 15 4
4 3 2 31 8 15 18 6
5 6 3 23 10 20 21 2
6 9 1 30 12 25 9 4
1 12 2 37 2 30 12 6
2 15 3 29 4 35 15 2
3 3 4 36 6 25 18 4
4 6 5 28 8 30 21 2
5 9 6 35 2 20 24 4
6 12 1 42 4 25 12 6
1 3 2 49 6 30 15 8
2 6 3 41 8 35 18 2
3 9 1 33 10 40 21 4
4 12 2 40 2 30 24 6
5 15 3 32 4 35 27 2
6 18 1 39 6 40 15 4
1 6 2 46 8 45 18 6
2 9 3 53 2 35 21 8
3 12 4 45 4 40 24 2
4 3 5 52 6 30 27 4
5 6 1 44 8 35 30 6
6 9 2 51 10 40 18 2
1 12 3 58 2 45 21 4
2 15 4 50 4 50 24 2
3 3 5 57 6 40 27 4
4 6 1 49 8 45 30 6
5 9 2 41 10 50 33 2
6 12 1 48 12 55 21 4
1 15 2 55 2 60 24 6
2 3 3 62 4 50 27 8
3 6 4 54 6 55 30 2
4 3 5 61 8 45 33 4
5 6 1 53 10 50 36 6
6 9 2 60 12 55 24 2
1 12 3 67 2 60 27 4
2 3 4 74 4 50 30 6
3 6 5 66 6 55 33 2
4 9 1 58 8 60 36 4
5 3 2 65 10 50 39 6
6 6 3 72 12 55 27 2
1 9 4 79 2 60 30 4
2 12 5 71 4 65 33 2
3 3 6 78 6 55 36 4
4 6 1 85 8 60 24 6
5 9 2 77 10 65 27 2
6 12 3 69 12 70 30 2
1 15 4 76 2 75 33 4
2 3 5 83 4 65 36 6
3 6 6 75 6 70 39 2
4 9 1 82 8 75 27 4
5 12 2 74 10 80 30 2
6 3 3 81 12 70 33 4
1 6 4 88 2 75 36 6
2 9 5 80 4 80 39 2
3 3 6 87 6 70 42 4
4 6 1 94 8 75 30 6
5 9 2 86 10 80 33 2
6 12 3 93 2 70 36 4
1 3 4 100 4 75 39 6
2 6 5 92 6 80 42 2
3 9 1 84 8 85 45 4
4 12 2 91 10 90 33 2
5 3 3 98 12 80 36 4
1 6 4 105 2 85 39 6
2 9 5 97 4 90 42 2
3 12 1 89 6 95 45 4
4 3 2 96 8 85 48 6
5 6 3 103 10 90 36 2
6 9 1 95 12 95 39 4
1 12 2 102 2 100 42 6
2 3 3 109 4 90 45 8
3 6 4 101 6 95 48 2
4 9 1 93 8 100 51 4
5 12 2 100 10 105 39 2
6 3 3 107 12 95 42 4
1 6 4 114 2 100 45 6
2 9 5 106 4 105 48 2
3 3 6 113 6 95 51 4
4 6 1 120 8 100 39 6
5 9 2 112 10 105 42 2
6 12 3 119 2 95 45 4
1 3 4 126 4 100 48 6
2 6 5 118 6 105 51 2
3 9 1 110 8 110 54 4
4 12 2 117 10 115 42 2
5 3 3 124 12 105 45 4
1 6 4 131 2 110 48 6
*
waitingTimeCarsGone
252
3
252
241
217
7
144
121
81
0
78
62
74
31
58
82
72
26
54
67
58
0
44
33
30
0
20
20
5
0
5
*
waitingTimeCarsLeft
0
22
0
19
16
16
0
15
15
15
0
15
15
15
0
15
15
15
0
15
15
15
0
9
5
5
0
5
5
5
