5
5 4 3 5 1 0 3 3
15
101
2350
8066.003
carsInLane
5 4 3 5 1 0 3 3
5 4 6 10 2 0 6 6
10 8 9 5 3 0 9 3
15 12 3 10 4 0 3 6
5 4 6 15 5 0 6 9
10 8 9 5 6 0 9 3
15 12 12 10 1 0 12 6
5 4 15 15 2 0 15 9
10 8 3 20 3 0 3 12
15 12 6 10 4 0 6 3
5 4 9 15 5 0 9 6
10 8 3 5 6 0 12 9
15 12 6 10 1 0 15 12
5 4 9 15 2 0 18 15
10 8 12 20 3 0 6 3
15 12 3 10 4 0 9 6
5 4 6 15 5 0 12 9
10 8 9 5 6 0 15 3
15 12 12 10 1 0 18 6
20 16 3 15 2 0 6 9
10 5 6 20 3 0 9 12
15 9 9 10 4 0 12 3
5 4 12 15 5 0 15 6
10 8 3 20 6 0 3 9
15 12 6 25 1 0 6 12
20 16 9 15 2 0 9 3
10 5 12 20 3 0 12 6
15 9 3 10 4 0 15 9
5 4 6 15 5 0 18 12
10 8 9 20 6 0 6 3
15 12 12 25 1 0 9 6
20 16 3 15 2 0 12 9
10 5 6 20 3 0 15 12
15 9 9 10 4 0 18 3
20 13 3 15 5 0 6 6
10 4 6 20 6 0 9 9
15 8 9 25 1 0 12 12
20 12 12 15 2 0 15 3
10 4 15 20 3 0 18 6
15 8 3 10 4 0 21 9
20 12 6 15 5 0 9 3
10 4 9 20 6 0 12 6
15 8 12 25 1 0 15 9
20 12 3 15 2 0 18 12
10 4 6 20 3 0 21 15
15 8 9 25 4 0 9 3
20 12 3 15 5 0 12 6
10 4 6 20 6 0 15 9
15 8 9 25 1 0 18 12
20 12 12 15 2 0 21 3
25 16 3 20 3 0 9 6
15 5 6 25 4 0 12 9
20 9 9 15 5 0 15 3
10 4 12 20 6 0 18 6
15 8 15 25 1 0 21 9
20 12 3 15 2 0 24 12
25 16 6 20 3 0 12 3
15 5 9 25 4 0 15 6
20 9 3 15 5 0 18 9
10 4 6 20 6 0 21 12
15 8 9 25 1 0 24 15
20 12 12 15 2 0 27 3
25 16 3 20 3 0 15 6
15 5 6 25 4 0 18 9
20 9 9 15 5 0 21 3
25 13 3 20 6 0 9 6
30 17 6 25 1 0 12 9
20 6 9 30 2 0 15 12
25 10 12 20 3 0 18 3
15 4 15 25 4 0 21 6
20 8 3 15 5 0 24 9
25 12 6 20 6 0 12 3
30 16 9 25 1 0 15 6
20 5 12 30 2 0 18 9
25 9 3 20 3 0 21 12
15 4 6 25 4 0 24 15
20 8 9 15 5 0 27 3
25 12 3 20 6 0 15 6
30 16 6 25 1 0 18 9
20 5 9 30 2 0 21 12
25 9 12 20 3 0 24 3
30 13 3 25 4 0 12 6
20 4 6 30 5 0 15 9
25 8 9 20 6 0 18 3
30 12 12 25 1 0 21 6
20 4 15 30 2 0 24 9
25 8 3 20 3 0 27 12
30 12 6 25 4 0 15 3
20 4 9 30 5 0 18 6
25 8 3 20 6 0 21 9
30 12 6 25 1 0 24 12
20 4 9 30 2 0 27 15
25 8 12 20 3 0 30 3
30 12 3 25 4 0 18 6
20 4 6 30 5 0 21 9
25 8 9 20 6 0 24 3
30 12 12 25 1 0 27 6
20 4 15 30 2 0 30 9
25 8 3 35 3 0 18 12
30 12 6 25 4 0 21 3
20 4 9 30 5 0 24 6
*
waitingTimeCarsGone
363
0
456
533
460
0
288
164
41
0
24
15
6
*
waitingTimeCarsLeft
0
21
0
17
14
9
0
4
3
3
0
3
