4
4 3 6 1 2 1 3 4
15
101
2194
15883.32
carsInLane
4 3 6 1 2 1 3 4
8 6 6 2 4 2 3 8
4 3 12 3 6 3 6 12
8 6 6 4 8 4 3 16
12 9 12 1 10 5 6 5
16 12 18 2 2 1 9 9
5 3 24 3 4 2 12 13
9 6 15 4 6 3 3 17
13 9 21 1 8 4 6 6
17 12 12 2 10 5 3 10
21 15 18 3 2 1 6 14
10 3 24 4 4 2 9 18
14 6 15 5 6 3 3 22
18 9 21 1 8 4 6 11
22 12 12 2 10 5 3 15
26 15 18 3 2 1 6 19
15 3 24 4 4 2 9 23
19 6 15 5 6 3 3 27
23 9 21 1 8 4 6 16
12 3 27 2 10 5 9 20
16 6 33 3 2 1 12 24
20 9 24 4 4 2 3 28
24 12 30 1 6 3 6 17
28 15 21 2 8 4 3 21
17 3 27 3 10 5 6 25
21 6 33 4 2 1 9 29
25 9 24 5 4 2 3 33
29 12 30 1 6 3 6 22
18 3 36 2 8 4 9 26
22 6 27 3 10 5 3 30
26 9 33 4 2 1 6 34
30 12 39 5 4 2 3 23
34 15 30 1 6 3 6 27
23 3 36 2 8 4 9 31
27 6 27 3 10 5 3 35
31 9 33 4 2 1 6 39
35 12 39 1 4 2 9 28
39 15 30 2 6 3 3 32
28 3 36 3 8 4 6 36
32 6 27 4 10 5 3 40
36 9 33 5 2 1 6 44
40 12 39 1 4 2 9 33
29 3 45 2 6 3 12 37
33 6 36 3 8 4 3 41
37 9 42 1 10 5 6 30
41 12 48 2 2 1 9 34
45 15 39 3 4 2 3 38
34 3 45 4 6 3 6 42
38 6 36 5 8 4 3 46
42 9 42 1 10 5 6 35
46 12 48 2 2 1 9 39
35 3 54 3 4 2 12 43
39 6 45 4 6 3 3 47
43 9 51 1 8 4 6 36
47 12 42 2 10 5 3 40
51 15 48 3 2 1 6 44
40 3 54 4 4 2 9 48
44 6 45 5 6 3 3 52
48 9 51 1 8 4 6 41
52 12 42 2 10 5 3 45
56 15 48 3 2 1 6 49
45 3 54 4 4 2 9 53
49 6 45 5 6 3 3 57
53 9 51 1 8 4 6 46
42 3 57 2 10 5 9 50
46 6 63 3 2 1 12 54
50 9 54 4 4 2 3 58
54 12 60 1 6 3 6 47
58 15 51 2 8 4 3 51
47 3 57 3 10 5 6 55
51 6 63 4 2 1 9 59
55 9 54 5 4 2 3 63
59 12 60 1 6 3 6 52
48 3 66 2 8 4 9 56
52 6 57 3 10 5 3 60
56 9 63 4 2 1 6 64
60 12 69 5 4 2 3 53
64 15 60 1 6 3 6 57
53 3 66 2 8 4 9 61
57 6 57 3 10 5 3 65
61 9 63 4 2 1 6 69
65 12 69 1 4 2 9 58
69 15 60 2 6 3 3 62
58 3 66 3 8 4 6 66
62 6 57 4 10 5 3 70
66 9 63 5 2 1 6 74
70 12 69 1 4 2 9 63
59 3 75 2 6 3 12 67
63 6 66 3 8 4 3 71
67 9 72 1 10 5 6 60
71 12 78 2 2 1 9 64
75 15 69 3 4 2 3 68
64 3 75 4 6 3 6 72
68 6 66 5 8 4 3 76
72 9 72 1 10 5 6 65
76 12 78 2 2 1 9 69
65 3 84 3 4 2 12 73
69 6 75 4 6 3 3 77
73 9 81 1 8 4 6 66
77 12 72 2 10 5 3 70
81 15 78 3 2 1 6 74
*
waitingTimeCarsGone
283
0
302
269
252
0
196
89
87
0
81
92
91
0
91
73
65
0
47
37
43
0
38
31
21
0
5
1
*
waitingTimeCarsLeft
0
21
0
18
15
14
0
14
14
14
0
14
14
14
0
14
14
14
0
8
8
8
0
6
4
2
