5
2 3 6 4 1 5 1 2
15
100
2283
11732.67
971.9997
141
16.33333
carsInLane
2 3 6 4 1 5 1 2
4 6 6 4 2 10 2 4
6 3 12 8 3 5 3 6
8 6 6 4 4 10 4 8
10 3 12 8 5 5 5 10
12 6 6 4 6 10 6 12
2 9 12 8 1 15 7 14
4 12 18 12 2 20 1 2
6 3 24 16 3 10 2 4
8 6 15 5 4 15 3 6
10 3 21 9 5 5 4 8
12 6 12 4 6 10 5 10
2 9 18 8 1 15 6 12
4 12 24 12 2 20 1 2
6 15 15 4 3 25 2 4
8 3 21 8 4 15 3 6
10 6 12 4 5 20 4 8
12 3 18 8 6 10 5 10
2 6 24 12 1 15 6 12
4 9 30 16 2 20 1 2
6 12 21 5 3 25 2 4
8 3 27 9 4 15 3 6
10 6 18 4 5 20 4 8
12 3 24 8 6 10 5 10
2 6 30 12 1 15 6 12
4 9 36 16 2 20 1 2
6 12 27 5 3 25 2 4
8 3 33 9 4 15 3 6
10 6 24 4 5 20 4 8
12 9 15 8 6 25 1 10
2 12 21 12 1 30 2 12
4 15 27 4 2 35 3 2
6 3 33 8 3 25 4 4
8 6 24 4 4 30 5 6
10 3 30 8 5 20 6 8
12 6 36 12 6 25 1 2
2 9 42 16 1 30 2 4
4 12 33 5 2 35 3 6
6 3 39 9 3 25 4 8
8 6 30 4 4 30 5 10
10 3 36 8 5 20 6 12
12 6 42 12 6 25 1 2
2 9 48 16 1 30 2 4
4 12 39 5 2 35 3 6
6 3 45 9 3 25 4 8
8 6 36 4 4 30 5 10
10 9 27 8 5 35 1 12
12 12 33 4 6 40 2 2
2 15 39 8 1 45 3 4
4 3 45 12 2 35 4 6
6 6 36 4 3 40 5 8
8 3 42 8 4 30 6 10
10 6 48 12 5 35 1 2
12 9 39 4 6 40 2 4
2 12 45 8 1 45 3 6
4 3 51 12 2 35 4 8
6 6 42 4 3 40 5 10
8 9 33 8 4 45 1 12
10 12 39 4 5 50 2 2
12 3 45 8 6 40 3 4
2 6 51 12 1 45 4 6
4 9 42 4 2 50 5 8
6 3 48 8 3 40 6 10
8 6 54 12 4 45 1 2
10 9 45 4 5 50 2 4
12 3 51 8 6 40 3 6
2 6 57 12 1 45 4 8
4 9 48 4 2 50 5 10
6 3 54 8 3 40 6 12
8 6 60 12 4 45 1 2
10 9 51 4 5 50 2 4
12 3 57 8 6 40 3 6
2 6 63 12 1 45 4 8
4 9 54 4 2 50 5 10
6 3 60 8 3 40 6 12
8 6 66 12 4 45 1 2
10 9 57 4 5 50 2 4
12 12 48 4 6 55 3 6
2 15 54 8 1 60 4 8
4 3 60 12 2 50 5 10
6 6 51 4 3 55 6 12
8 9 57 8 4 60 1 2
10 3 63 12 5 50 2 4
12 6 54 4 6 55 3 6
2 9 60 8 1 60 4 8
4 3 66 12 2 50 5 10
6 6 57 4 3 55 6 12
8 9 63 8 4 60 1 2
10 12 54 4 5 65 2 4
12 3 60 8 6 55 3 6
2 6 66 12 1 60 4 8
4 9 57 4 2 65 5 10
6 3 63 8 3 55 6 12
8 6 69 12 4 60 1 2
10 9 60 4 5 65 2 4
12 3 66 8 6 55 3 6
2 6 72 12 1 60 4 8
4 9 63 4 2 65 5 10
6 3 69 8 3 55 6 12
8 6 75 12 4 60 1 2
10 9 66 4 5 65 2 4
*
waitingTimeCarsGone
368
3
392
339
249
9
184
174
87
9
90
103
108
24
61
55
28
*
waitingTimeCarsLeft
0
21
0
17
14
14
0
14
11
11
0
11
11
11
0
6
