1
1 4 3 5 2 2 4 3
15
101
2222
14400.65
2554.666
202
carsInLane
1 4 3 5 2 2 4 3
2 8 6 5 4 4 8 3
1 12 9 10 2 6 12 6
2 4 12 15 4 2 16 9
3 8 3 20 6 4 5 12
4 12 6 10 8 6 9 3
1 16 9 15 2 8 13 6
2 5 12 20 4 2 17 9
3 9 3 25 6 4 6 12
4 13 6 15 8 6 10 3
1 17 9 20 2 8 14 6
2 6 12 25 4 2 18 9
3 10 3 30 6 4 7 12
4 14 6 20 8 6 11 3
1 18 9 25 2 8 15 6
2 7 12 30 4 2 19 9
3 11 3 35 6 4 8 12
4 15 6 25 8 6 12 3
1 19 9 30 2 8 16 6
2 8 12 35 4 2 20 9
3 12 3 40 6 4 9 12
4 16 6 30 8 6 13 3
1 20 9 35 2 8 17 6
2 9 12 40 4 2 21 9
3 13 3 45 6 4 10 12
4 17 6 35 8 6 14 3
1 21 9 40 2 8 18 6
2 10 12 45 4 2 22 9
3 14 3 50 6 4 11 12
4 18 6 40 8 6 15 3
1 22 9 45 2 8 19 6
2 11 12 50 4 2 23 9
3 15 3 55 6 4 12 12
4 19 6 45 8 6 16 3
1 23 9 50 2 8 20 6
2 12 12 55 4 2 24 9
3 16 3 60 6 4 13 12
4 20 6 50 8 6 17 3
1 24 9 55 2 8 21 6
2 13 12 60 4 2 25 9
3 17 3 65 6 4 14 12
4 21 6 55 8 6 18 3
1 25 9 60 2 8 22 6
2 14 12 65 4 2 26 9
3 18 3 70 6 4 15 12
4 22 6 60 8 6 19 3
1 26 9 65 2 8 23 6
2 15 12 70 4 2 27 9
3 19 3 75 6 4 16 12
4 23 6 65 8 6 20 3
1 27 9 70 2 8 24 6
2 16 12 75 4 2 28 9
3 20 3 80 6 4 17 12
4 24 6 70 8 6 21 3
1 28 9 75 2 8 25 6
2 17 12 80 4 2 29 9
3 21 3 85 6 4 18 12
4 25 6 75 8 6 22 3
1 29 9 80 2 8 26 6
2 18 12 85 4 2 30 9
3 22 3 90 6 4 19 12
4 26 6 80 8 6 23 3
1 30 9 85 2 8 27 6
2 19 12 90 4 2 31 9
3 23 3 95 6 4 20 12
4 27 6 85 8 6 24 3
1 31 9 90 2 8 28 6
2 20 12 95 4 2 32 9
3 24 3 100 6 4 21 12
4 28 6 90 8 6 25 3
1 32 9 95 2 8 29 6
2 21 12 100 4 2 33 9
3 25 3 105 6 4 22 12
4 29 6 95 8 6 26 3
1 33 9 100 2 8 30 6
2 22 12 105 4 2 34 9
3 26 3 110 6 4 23 12
4 30 6 100 8 6 27 3
1 34 9 105 2 8 31 6
2 23 12 110 4 2 35 9
3 27 3 115 6 4 24 12
4 31 6 105 8 6 28 3
1 35 9 110 2 8 32 6
2 24 12 115 4 2 36 9
3 28 3 120 6 4 25 12
4 32 6 110 8 6 29 3
1 36 9 115 2 8 33 6
2 25 12 120 4 2 37 9
3 29 3 125 6 4 26 12
4 33 6 115 8 6 30 3
1 37 9 120 2 8 34 6
2 26 12 125 4 2 38 9
3 30 3 130 6 4 27 12
4 34 6 120 8 6 31 3
1 38 9 125 2 8 35 6
2 27 12 130 4 2 39 9
3 31 3 135 6 4 28 12
4 35 6 125 8 6 32 3
1 39 9 130 2 8 36 6
2 28 12 135 4 2 40 9
3 32 3 140 6 4 29 12
*
waitingTimeCarsGone
299
0
328
362
393
0
135
135
126
0
95
63
31
0
15
15
15
0
15
15
15
0
15
15
15
0
15
15
15
0
15
15
15
0
15
10
5
*
waitingTimeCarsLeft
0
21
0
18
16
13
0
13
13
13
0
10
5
5
0
5
5
5
0
5
5
5
0
5
5
5
0
5
5
5
0
5
5
5
