5
2 6 4 4 2 2 4 0
15
101
2247
13661
carsInLane
2 6 4 4 2 2 4 0
4 6 8 8 4 2 8 0
6 12 4 12 6 4 4 0
2 6 8 16 8 6 8 0
4 12 4 5 10 8 12 0
6 6 8 9 12 2 16 0
8 12 12 13 14 4 5 0
2 18 16 17 2 6 9 0
4 24 5 6 4 8 13 0
6 15 9 10 6 2 17 0
8 21 4 14 8 4 6 0
2 12 8 18 10 6 10 0
4 18 12 7 12 8 14 0
6 24 16 11 2 2 18 0
8 30 5 15 4 4 7 0
2 21 9 19 6 6 11 0
4 27 4 8 8 8 15 0
6 18 8 12 10 2 19 0
8 24 12 16 12 4 8 0
2 30 16 20 2 6 12 0
4 21 20 24 4 2 16 0
6 27 9 13 6 4 20 0
2 18 13 17 8 6 24 0
4 24 4 21 10 8 13 0
6 30 8 10 12 10 17 0
8 36 12 14 2 2 21 0
2 27 16 18 4 4 25 0
4 33 5 22 6 6 14 0
6 24 9 26 8 2 18 0
8 30 4 15 10 4 22 0
10 36 8 19 12 6 11 0
2 42 12 23 2 8 15 0
4 33 16 27 4 2 19 0
6 39 5 16 6 4 23 0
2 30 9 20 8 6 27 0
4 21 13 24 10 2 31 0
6 27 17 28 12 4 20 0
2 33 21 32 2 6 24 0
4 39 10 21 4 8 28 0
6 30 14 25 6 2 32 0
8 36 4 29 8 4 21 0
2 27 8 33 10 6 25 0
4 33 12 22 12 8 29 0
6 39 16 26 2 2 33 0
8 45 5 30 4 4 22 0
2 36 9 34 6 6 26 0
4 42 4 23 8 8 30 0
6 33 8 27 10 2 34 0
8 39 12 31 12 4 23 0
2 45 16 35 2 6 27 0
4 36 20 39 4 2 31 0
6 42 9 28 6 4 35 0
2 33 13 32 8 6 39 0
4 39 4 36 10 8 28 0
6 45 8 25 12 10 32 0
8 51 12 29 2 2 36 0
2 42 16 33 4 4 40 0
4 48 5 37 6 6 29 0
6 39 9 41 8 2 33 0
8 45 4 30 10 4 37 0
10 51 8 34 12 6 26 0
2 57 12 38 2 8 30 0
4 48 16 42 4 2 34 0
6 54 5 31 6 4 38 0
2 45 9 35 8 6 42 0
4 36 13 39 10 2 46 0
6 42 17 43 12 4 35 0
2 48 21 47 2 6 39 0
4 54 10 36 4 8 43 0
6 45 14 40 6 2 47 0
8 51 4 44 8 4 36 0
2 42 8 48 10 6 40 0
4 48 12 37 12 8 44 0
6 54 16 41 2 2 48 0
8 60 5 45 4 4 37 0
2 51 9 49 6 6 41 0
4 57 4 38 8 8 45 0
6 48 8 42 10 2 49 0
8 54 12 46 12 4 38 0
2 60 16 50 2 6 42 0
4 51 20 54 4 2 46 0
6 57 9 43 6 4 50 0
2 48 13 47 8 6 54 0
4 54 4 51 10 8 43 0
6 60 8 40 12 10 47 0
8 66 12 44 2 2 51 0
2 57 16 48 4 4 55 0
4 63 5 52 6 6 44 0
6 54 9 56 8 2 48 0
8 60 4 45 10 4 52 0
10 66 8 49 12 6 41 0
2 72 12 53 2 8 45 0
4 63 16 57 4 2 49 0
6 69 5 46 6 4 53 0
2 60 9 50 8 6 57 0
4 51 13 54 10 2 61 0
6 57 17 58 12 4 50 0
2 63 21 62 2 6 54 0
4 69 10 51 4 8 58 0
6 60 14 55 6 2 62 0
8 66 4 59 8 4 51 0
*
waitingTimeCarsGone
264
0
313
315
284
0
187
157
124
0
122
122
116
0
89
68
41
0
27
13
5
*
waitingTimeCarsLeft
0
22
0
18
16
16
0
14
14
14
0
14
11
8
0
8
8
7
0
4
3
