3
1 2 4 5 5 4 3 0
15
101
2088
19216.01
5296
336
carsInLane
1 2 4 5 5 4 3 0
2 4 4 5 10 8 6 0
3 6 8 10 5 4 9 0
4 8 4 5 10 8 12 0
1 2 8 10 15 12 15 0
2 4 12 15 20 16 3 0
3 6 16 20 10 5 6 0
4 8 5 10 15 9 9 0
1 2 9 15 20 13 12 0
2 4 13 20 25 17 3 0
3 6 17 25 15 6 6 0
4 8 6 15 20 10 9 0
1 2 10 20 25 14 12 0
2 4 14 25 30 18 3 0
3 6 18 30 20 7 6 0
4 8 7 20 25 11 9 0
1 2 11 25 30 15 12 0
2 4 15 30 35 19 3 0
3 6 19 35 25 8 6 0
4 8 8 25 30 12 9 0
1 2 12 30 35 16 12 0
2 4 16 35 40 20 3 0
3 6 20 40 30 9 6 0
4 8 9 30 35 13 9 0
1 2 13 35 40 17 12 0
2 4 17 40 45 21 3 0
3 6 21 45 35 10 6 0
4 8 10 35 40 14 9 0
1 2 14 40 45 18 12 0
2 4 18 45 50 22 3 0
3 6 22 50 40 11 6 0
4 8 11 40 45 15 9 0
1 2 15 45 50 19 12 0
2 4 19 50 55 23 3 0
3 6 23 55 45 12 6 0
4 8 12 45 50 16 9 0
1 2 16 50 55 20 12 0
2 4 20 55 60 24 3 0
3 6 24 60 50 13 6 0
4 8 13 50 55 17 9 0
1 2 17 55 60 21 12 0
2 4 21 60 65 25 3 0
3 6 25 65 55 14 6 0
4 8 14 55 60 18 9 0
1 2 18 60 65 22 12 0
2 4 22 65 70 26 3 0
3 6 26 70 60 15 6 0
4 8 15 60 65 19 9 0
1 2 19 65 70 23 12 0
2 4 23 70 75 27 3 0
3 6 27 75 65 16 6 0
4 8 16 65 70 20 9 0
1 2 20 70 75 24 12 0
2 4 24 75 80 28 3 0
3 6 28 80 70 17 6 0
4 8 17 70 75 21 9 0
1 2 21 75 80 25 12 0
2 4 25 80 85 29 3 0
3 6 29 85 75 18 6 0
4 8 18 75 80 22 9 0
1 2 22 80 85 26 12 0
2 4 26 85 90 30 3 0
3 6 30 90 80 19 6 0
4 8 19 80 85 23 9 0
1 2 23 85 90 27 12 0
2 4 27 90 95 31 3 0
3 6 31 95 85 20 6 0
4 8 20 85 90 24 9 0
1 2 24 90 95 28 12 0
2 4 28 95 100 32 3 0
3 6 32 100 90 21 6 0
4 8 21 90 95 25 9 0
1 2 25 95 100 29 12 0
2 4 29 100 105 33 3 0
3 6 33 105 95 22 6 0
4 8 22 95 100 26 9 0
1 2 26 100 105 30 12 0
2 4 30 105 110 34 3 0
3 6 34 110 100 23 6 0
4 8 23 100 105 27 9 0
1 2 27 105 110 31 12 0
2 4 31 110 115 35 3 0
3 6 35 115 105 24 6 0
4 8 24 105 110 28 9 0
1 2 28 110 115 32 12 0
2 4 32 115 120 36 3 0
3 6 36 120 110 25 6 0
4 8 25 110 115 29 9 0
1 2 29 115 120 33 12 0
2 4 33 120 125 37 3 0
3 6 37 125 115 26 6 0
4 8 26 115 120 30 9 0
1 2 30 120 125 34 12 0
2 4 34 125 130 38 3 0
3 6 38 130 120 27 6 0
4 8 27 120 125 31 9 0
1 2 31 125 130 35 12 0
2 4 35 130 135 39 3 0
3 6 39 135 125 28 6 0
4 8 28 125 130 32 9 0
1 2 32 130 135 36 12 0
*
waitingTimeCarsGone
189
0
222
246
288
0
153
150
138
0
106
74
42
0
30
30
30
0
30
30
30
0
30
30
30
0
30
30
30
0
30
30
30
0
20
10
*
waitingTimeCarsLeft
0
21
0
18
18
18
0
18
18
18
0
18
14
10
0
10
10
10
0
10
10
10
0
10
10
10
0
10
10
10
0
10
10
10
0
10
5
