6
3 3 4 3 1 2 3 5
15
101
2379
6190.338
116
45
carsInLane
3 3 4 3 1 2 3 5
6 6 8 3 2 4 6 5
9 9 4 6 3 6 3 10
3 3 8 9 4 8 6 15
6 6 12 3 5 10 9 5
9 9 4 6 6 12 3 10
12 3 8 9 7 2 6 15
3 6 12 12 1 4 9 20
6 9 16 3 2 6 12 10
9 12 5 6 3 8 3 15
12 15 9 3 4 10 6 5
3 3 13 6 5 12 9 10
6 6 4 9 6 14 3 15
9 9 8 12 1 2 6 20
12 12 12 3 2 4 9 10
3 3 16 6 3 6 12 15
6 6 5 9 4 8 3 20
9 9 9 3 5 10 6 10
12 3 13 6 6 2 9 15
15 6 17 9 7 4 3 5
3 9 21 12 1 6 6 10
6 12 10 3 2 8 9 15
9 15 14 6 3 10 3 5
12 3 18 9 4 2 6 10
15 6 7 3 5 4 9 15
18 9 11 6 6 6 3 5
6 3 15 9 7 8 6 10
9 6 19 12 1 2 9 15
12 9 8 3 2 4 12 20
15 12 12 6 3 6 3 10
3 3 16 9 4 8 6 15
6 6 5 3 5 10 9 20
9 9 9 6 6 12 3 10
12 3 13 9 7 2 6 15
3 6 17 12 1 4 9 20
6 9 21 3 2 6 12 10
9 12 10 6 3 8 3 15
12 15 14 3 4 10 6 5
3 3 18 6 5 12 9 10
6 6 7 9 6 14 3 15
9 9 11 12 1 2 6 20
12 12 15 3 2 4 9 10
15 15 4 6 3 6 3 15
3 3 8 9 4 8 6 20
6 6 12 3 5 10 9 10
9 9 4 6 6 12 3 15
12 3 8 9 7 2 6 20
3 6 12 12 1 4 9 25
6 9 16 3 2 6 12 15
9 12 5 6 3 8 3 20
12 15 9 3 4 10 6 10
3 3 13 6 5 12 9 15
6 6 17 9 6 14 3 5
9 9 21 12 1 2 6 10
12 12 10 3 2 4 9 15
3 3 14 6 3 6 12 20
6 6 18 9 4 8 3 10
9 9 7 3 5 10 6 15
12 12 11 6 6 12 3 5
15 3 15 9 7 2 6 10
3 6 19 12 1 4 9 15
6 9 8 3 2 6 12 20
9 12 12 6 3 8 3 10
3 3 16 9 4 10 6 15
6 6 5 3 5 12 9 20
9 9 9 6 6 14 3 10
12 12 13 9 1 2 6 15
15 15 17 3 2 4 9 5
3 3 21 6 3 6 12 10
6 6 10 9 4 8 3 15
9 9 14 3 5 10 6 5
12 12 4 6 6 12 3 10
15 3 8 9 7 2 6 15
3 6 12 12 1 4 9 20
6 9 16 3 2 6 12 10
9 12 5 6 3 8 3 15
12 15 9 3 4 10 6 5
3 3 13 6 5 12 9 10
6 6 4 9 6 14 3 15
9 9 8 12 1 2 6 20
12 12 12 3 2 4 9 10
3 3 16 6 3 6 12 15
6 6 5 9 4 8 3 20
9 9 9 3 5 10 6 10
12 3 13 6 6 2 9 15
15 6 17 9 7 4 3 5
3 9 21 12 1 6 6 10
6 12 10 3 2 8 9 15
9 15 14 6 3 10 3 5
12 3 18 9 4 2 6 10
15 6 7 3 5 4 9 15
18 9 11 6 6 6 3 5
6 3 15 9 7 8 6 10
9 6 19 12 1 2 9 15
12 9 8 3 2 4 12 20
15 12 12 6 3 6 3 10
3 3 16 9 4 8 6 15
6 6 5 3 5 10 9 20
9 9 9 6 6 12 3 10
12 3 13 9 7 2 6 15
3 6 17 12 1 4 9 20
*
waitingTimeCarsGone
501
0
631
621
417
0
141
48
20
*
waitingTimeCarsLeft
0
21
0
12
7
4
0
1
