8
0 6 4 5 4 2 1 2
15
101
2215
15461
1765.333
209
carsInLane
0 6 4 5 4 2 1 2
0 12 4 5 8 4 2 4
0 6 8 10 12 2 3 6
0 12 4 5 16 4 4 8
0 18 8 10 5 2 5 10
0 9 12 15 9 2 6 12
0 15 16 5 13 4 7 2
0 21 5 10 17 6 1 4
0 12 9 15 21 2 2 6
0 18 13 20 10 4 3 8
0 24 4 10 14 6 4 10
0 15 8 15 18 2 5 12
0 21 12 5 22 4 6 2
0 27 16 10 11 2 7 4
0 18 20 15 15 2 8 6
0 24 9 5 19 4 9 8
0 30 13 10 23 6 1 2
0 21 17 15 27 2 2 4
0 27 21 20 16 4 3 6
0 33 10 10 20 6 4 8
0 24 14 15 24 2 5 10
0 30 4 5 28 4 6 12
0 21 8 10 32 2 7 14
0 27 12 15 21 2 8 16
0 33 16 5 25 4 9 3
0 39 5 10 29 6 1 5
0 30 9 15 33 2 2 7
0 36 13 20 22 4 3 9
0 27 17 25 26 2 4 11
0 33 6 15 30 4 5 13
0 24 10 20 34 2 6 15
0 30 14 25 23 2 7 17
0 36 18 15 27 4 8 4
0 27 22 20 31 2 9 6
0 33 11 25 35 4 1 8
0 39 15 30 24 2 2 10
0 30 19 35 28 4 3 12
0 36 8 25 32 6 4 14
0 27 12 30 36 2 5 16
0 33 16 20 40 4 6 3
0 39 20 25 29 2 7 5
0 45 9 15 33 4 8 7
0 36 13 20 37 2 9 9
0 42 17 25 41 4 1 2
0 33 21 30 45 2 2 4
0 39 25 35 34 4 3 6
0 45 14 25 38 6 4 8
0 36 18 30 42 2 5 10
0 42 7 20 46 4 6 12
0 48 11 25 35 2 7 14
0 39 15 30 39 2 8 16
0 45 19 20 43 4 9 3
0 51 8 25 47 6 1 5
0 42 12 30 51 2 2 7
0 48 16 35 40 4 3 9
0 39 20 40 44 2 4 11
0 45 9 30 48 4 5 13
0 51 13 35 37 2 6 15
0 42 17 40 41 2 7 17
0 48 21 30 45 4 8 4
0 39 25 35 49 2 9 6
0 45 14 40 53 4 1 8
0 51 18 45 42 2 2 10
0 42 22 50 46 4 3 12
0 48 11 40 50 6 4 14
0 54 15 45 39 2 5 16
0 60 19 35 43 4 6 3
0 51 23 40 47 2 7 5
0 57 12 30 51 4 8 7
0 48 16 35 55 2 9 9
0 54 20 40 59 4 1 2
0 60 24 45 48 2 2 4
0 51 28 50 52 4 3 6
0 57 17 40 56 6 4 8
0 48 21 45 60 2 5 10
0 54 10 35 64 4 6 12
0 60 14 40 53 2 7 14
0 51 18 45 57 2 8 16
0 57 7 35 61 4 9 18
0 63 11 40 65 6 1 5
0 69 15 45 54 2 2 7
0 60 19 50 58 4 3 9
0 66 8 40 62 6 4 11
0 57 12 45 66 2 5 13
0 63 16 50 55 2 6 15
0 69 5 40 59 4 7 17
0 60 9 45 63 2 8 19
0 66 13 50 52 2 9 21
0 72 17 55 56 4 1 8
0 63 21 60 60 2 2 10
0 69 25 65 49 4 3 12
0 75 14 55 53 6 4 14
0 66 18 60 57 2 5 16
0 72 7 50 61 4 6 18
0 63 11 55 65 2 7 20
0 69 15 45 69 4 8 7
0 60 19 50 73 2 9 9
0 66 8 55 77 4 1 11
0 72 12 60 66 2 2 13
0 63 16 65 70 4 3 15
0 69 5 55 74 6 4 17
*
waitingTimeCarsGone
201
0
255
250
241
0
220
184
158
0
164
122
117
0
93
74
40
0
25
24
21
0
11
8
6
0
1
*
waitingTimeCarsLeft
0
22
0
19
18
18
0
17
17
17
0
17
16
15
0
15
7
4
0
4
3
