5
4 1 2 2 3 4 3 5
15
101
2336
8926.669
carsInLane
4 1 2 2 3 4 3 5
8 2 4 4 6 8 3 5
4 3 6 6 3 12 6 10
8 4 8 2 6 16 9 5
12 5 10 4 3 5 12 10
16 6 2 6 6 9 3 15
5 1 4 8 9 13 6 20
9 2 6 2 12 17 9 10
13 3 8 4 3 6 12 15
17 4 10 6 6 10 3 5
6 5 12 8 3 14 6 10
10 6 2 2 6 18 9 15
14 1 4 4 9 7 12 20
18 2 6 6 12 11 3 10
7 3 8 8 3 15 6 15
11 4 10 2 6 19 9 5
15 5 12 4 3 8 12 10
19 6 2 6 6 12 3 15
8 1 4 8 9 16 6 20
12 2 6 2 12 20 9 10
16 3 8 4 3 9 12 15
20 4 10 6 6 13 3 5
9 5 12 8 3 17 6 10
13 6 2 2 6 21 9 15
17 1 4 4 9 10 12 20
21 2 6 6 12 14 3 10
10 3 8 8 3 18 6 15
14 4 10 2 6 22 9 5
18 5 12 4 3 11 12 10
22 6 2 6 6 15 3 15
11 1 4 8 9 19 6 20
15 2 6 2 12 23 9 10
19 3 8 4 3 12 12 15
23 4 10 6 6 16 3 5
12 5 12 8 3 20 6 10
16 6 2 2 6 24 9 15
20 1 4 4 9 13 12 20
24 2 6 6 12 17 3 10
13 3 8 8 3 21 6 15
17 1 10 10 6 10 9 20
21 2 12 2 9 14 12 10
25 3 2 4 12 18 3 15
14 4 4 6 3 22 6 20
18 1 6 8 6 11 9 25
22 2 8 10 9 15 3 15
11 3 10 12 3 19 6 20
15 4 2 2 6 23 9 25
19 5 4 4 9 27 3 15
23 6 6 6 3 16 6 20
12 1 8 8 6 20 9 25
16 2 10 10 9 24 3 15
20 3 12 12 3 13 6 20
24 4 2 2 6 17 9 25
28 5 4 4 9 21 3 15
17 6 6 6 3 25 6 20
21 1 8 8 6 14 9 25
25 2 10 10 9 18 3 15
14 3 12 12 3 22 6 20
18 4 2 2 6 26 9 25
22 5 4 4 9 30 3 15
26 6 6 6 3 19 6 20
15 1 8 8 6 23 9 25
19 2 10 10 9 27 3 15
23 3 12 12 3 16 6 20
27 4 2 2 6 20 9 25
31 5 4 4 9 24 3 15
20 6 6 6 3 28 6 20
24 1 8 8 6 17 9 25
28 2 10 10 9 21 3 15
17 3 12 12 3 25 6 20
21 4 2 2 6 29 9 25
25 5 4 4 3 18 12 30
29 6 6 6 6 22 3 20
18 1 8 8 9 26 6 25
22 2 10 10 3 15 9 30
26 3 12 2 6 19 12 20
30 4 2 4 9 23 3 25
19 5 4 6 3 27 6 30
23 6 6 2 6 31 9 20
27 1 8 4 9 20 12 25
31 2 10 6 12 24 3 15
20 3 12 8 3 28 6 20
24 4 2 2 6 32 9 25
28 5 4 4 3 21 12 30
32 6 6 6 6 25 3 20
21 1 8 8 9 29 6 25
25 2 10 10 3 18 9 30
29 3 12 2 6 22 12 20
33 4 2 4 9 26 3 25
22 5 4 6 3 30 6 30
26 6 6 2 6 34 9 20
30 1 8 4 9 23 12 25
19 2 10 6 3 27 15 30
23 3 12 8 6 31 3 20
27 4 2 2 9 35 6 25
31 5 4 4 3 24 9 30
35 6 6 6 6 28 3 20
24 1 8 8 9 32 6 25
28 2 10 10 3 21 9 30
32 3 12 2 6 25 12 20
36 4 2 4 9 29 3 25
*
waitingTimeCarsGone
332
0
395
458
431
0
325
239
93
0
50
13
*
waitingTimeCarsLeft
0
21
0
16
14
14
0
13
5
4
0
1
