3
1 1 5 5 3 4 4 1
15
101
2090
19710.02
4965.333
334
36.33334
carsInLane
1 1 5 5 3 4 4 1
2 2 5 5 6 8 8 2
3 3 10 10 3 4 12 3
4 4 5 15 6 8 4 4
1 1 10 20 9 12 8 5
2 2 15 10 12 16 12 1
3 3 20 15 3 5 16 2
4 4 10 20 6 9 5 3
1 1 15 25 9 13 9 4
2 2 20 15 12 17 13 1
3 3 25 20 3 6 17 2
4 4 15 25 6 10 6 3
1 1 20 30 9 14 10 4
2 2 25 20 12 18 14 1
3 3 30 25 3 7 18 2
4 4 20 30 6 11 7 3
1 1 25 35 9 15 11 4
2 2 30 25 12 19 15 1
3 3 35 30 3 8 19 2
4 4 25 35 6 12 8 3
1 1 30 40 9 16 12 4
2 2 35 30 12 20 16 1
3 3 40 35 3 9 20 2
4 4 30 40 6 13 9 3
1 1 35 45 9 17 13 4
2 2 40 35 12 21 17 1
3 3 45 40 3 10 21 2
4 4 35 45 6 14 10 3
1 1 40 50 9 18 14 4
2 2 45 40 12 22 18 1
3 3 50 45 3 11 22 2
4 4 40 50 6 15 11 3
1 1 45 55 9 19 15 4
2 2 50 45 12 23 19 1
3 3 55 50 3 12 23 2
4 4 45 55 6 16 12 3
1 1 50 60 9 20 16 4
2 2 55 50 12 24 20 1
3 3 60 55 3 13 24 2
4 4 50 60 6 17 13 3
1 1 55 65 9 21 17 4
2 2 60 55 12 25 21 1
3 3 65 60 3 14 25 2
4 4 55 65 6 18 14 3
1 1 60 70 9 22 18 4
2 2 65 60 12 26 22 1
3 3 70 65 3 15 26 2
4 4 60 70 6 19 15 3
1 1 65 75 9 23 19 4
2 2 70 65 12 27 23 1
3 3 75 70 3 16 27 2
4 4 65 75 6 20 16 3
1 1 70 80 9 24 20 4
2 2 75 70 12 28 24 1
3 3 80 75 3 17 28 2
4 4 70 80 6 21 17 3
1 1 75 85 9 25 21 4
2 2 80 75 12 29 25 1
3 3 85 80 3 18 29 2
4 4 75 85 6 22 18 3
1 1 80 90 9 26 22 4
2 2 85 80 12 30 26 1
3 3 90 85 3 19 30 2
4 4 80 90 6 23 19 3
1 1 85 95 9 27 23 4
2 2 90 85 12 31 27 1
3 3 95 90 3 20 31 2
4 4 85 95 6 24 20 3
1 1 90 100 9 28 24 4
2 2 95 90 12 32 28 1
3 3 100 95 3 21 32 2
4 4 90 100 6 25 21 3
1 1 95 105 9 29 25 4
2 2 100 95 12 33 29 1
3 3 105 100 3 22 33 2
4 4 95 105 6 26 22 3
1 1 100 110 9 30 26 4
2 2 105 100 12 34 30 1
3 3 110 105 3 23 34 2
4 4 100 110 6 27 23 3
1 1 105 115 9 31 27 4
2 2 110 105 12 35 31 1
3 3 115 110 3 24 35 2
4 4 105 115 6 28 24 3
1 1 110 120 9 32 28 4
2 2 115 110 12 36 32 1
3 3 120 115 3 25 36 2
4 4 110 120 6 29 25 3
1 1 115 125 9 33 29 4
2 2 120 115 12 37 33 1
3 3 125 120 3 26 37 2
4 4 115 125 6 30 26 3
1 1 120 130 9 34 30 4
2 2 125 120 12 38 34 1
3 3 130 125 3 27 38 2
4 4 120 130 6 31 27 3
1 1 125 135 9 35 31 4
2 2 130 125 12 39 35 1
3 3 135 130 3 28 39 2
4 4 125 135 6 32 28 3
1 1 130 140 9 36 32 4
*
waitingTimeCarsGone
185
0
217
247
285
0
151
150
138
0
106
74
42
0
30
30
30
0
30
30
30
0
30
30
30
0
30
30
30
0
30
30
30
0
25
15
5
*
waitingTimeCarsLeft
0
23
0
21
21
18
0
18
18
18
0
18
14
10
0
10
10
10
0
10
10
10
0
10
10
10
0
10
10
10
0
10
10
10
0
5
