5
1 4 3 5 2 2 4 3
15
101
2339
8554.342
314.6668
85
carsInLane
1 4 3 5 2 2 4 3
2 8 6 5 4 4 8 3
3 12 3 10 6 6 4 6
4 4 6 15 8 2 8 9
5 8 9 5 10 4 12 3
6 12 3 10 12 6 4 6
1 16 6 15 2 8 8 9
2 5 9 20 4 2 12 12
3 9 12 10 6 4 16 3
4 13 3 15 8 6 5 6
5 17 6 5 10 8 9 3
6 6 9 10 12 2 13 6
1 10 12 15 2 4 17 9
2 14 3 20 4 6 6 12
3 18 6 10 6 8 10 3
4 7 9 15 8 2 14 6
5 11 3 5 10 4 18 9
6 15 6 10 12 6 7 3
1 19 9 15 2 8 11 6
2 8 12 20 4 2 15 9
3 12 3 10 6 4 19 12
4 16 6 15 8 6 8 3
5 5 9 20 10 2 12 6
6 9 3 10 12 4 16 9
1 13 6 15 2 6 20 12
2 17 9 20 4 8 9 3
3 21 3 10 6 10 13 6
4 10 6 15 8 2 17 9
5 14 9 20 10 4 6 3
6 18 3 10 12 6 10 6
1 22 6 15 2 8 14 9
2 11 9 20 4 2 18 12
3 15 12 10 6 4 22 3
4 19 3 15 8 6 11 6
5 8 6 20 10 2 15 9
6 12 9 10 12 4 19 3
1 16 12 15 2 6 23 6
2 20 3 20 4 8 12 9
3 24 6 10 6 10 16 3
4 13 9 15 8 2 20 6
5 17 3 20 10 4 9 9
6 21 6 10 12 6 13 3
1 25 9 15 2 8 17 6
2 14 12 20 4 2 21 9
3 18 3 25 6 4 10 12
4 22 6 15 8 6 14 3
5 11 9 20 10 2 18 6
6 15 3 10 12 4 22 9
1 19 6 15 2 6 26 12
2 23 9 20 4 8 15 3
3 12 12 25 6 2 19 6
4 16 3 15 8 4 23 9
5 20 6 20 10 6 12 3
6 9 9 25 12 2 16 6
1 13 12 30 2 4 20 9
2 17 3 20 4 6 24 12
3 21 6 25 6 8 13 3
4 25 3 15 8 10 17 6
5 14 6 20 10 2 21 9
6 18 9 25 12 4 10 3
1 22 12 30 2 6 14 6
2 26 3 20 4 8 18 9
3 15 6 25 6 2 22 12
4 19 9 15 8 4 26 3
5 23 3 20 10 6 15 6
6 12 6 25 12 2 19 9
1 16 9 30 2 4 23 12
2 20 12 20 4 6 27 3
3 24 3 25 6 8 16 6
4 13 6 30 8 2 20 9
5 17 9 20 10 4 24 3
6 21 3 25 12 6 13 6
1 25 6 30 2 8 17 9
2 29 9 20 4 10 21 3
3 18 12 25 6 2 25 6
4 22 3 30 8 4 14 9
5 26 6 20 10 6 18 3
6 15 9 25 12 2 22 6
1 19 12 30 2 4 26 9
2 23 3 20 4 6 30 12
3 27 6 25 6 8 19 3
4 16 9 30 8 2 23 6
5 20 3 20 10 4 27 9
6 24 6 25 12 6 16 3
1 28 9 30 2 8 20 6
2 32 3 20 4 10 24 9
3 21 6 25 6 2 28 12
4 25 9 30 8 4 17 3
5 29 3 20 10 6 21 6
6 18 6 25 12 2 25 9
1 22 9 30 2 4 29 12
2 26 12 20 4 6 33 3
3 30 3 25 6 8 22 6
4 19 6 30 8 2 26 9
5 23 9 20 10 4 30 3
6 27 3 25 12 6 19 6
1 31 6 30 2 8 23 9
2 20 9 35 4 2 27 12
3 24 12 25 6 4 31 3
4 28 3 30 8 6 20 6
5 32 6 20 10 8 24 3
*
waitingTimeCarsGone
326
0
418
478
470
0
312
239
69
0
26
1
*
waitingTimeCarsLeft
0
22
0
19
16
16
0
8
4
