10
1 3 1 7 2 5 3 2
15
101
2246
13576.67
1373.333
178
carsInLane
1 3 1 7 2 5 3 2
2 6 2 7 4 10 6 2
3 3 3 14 6 5 9 4
4 6 4 7 8 10 12 2
5 9 5 14 2 5 15 4
6 12 1 21 4 10 3 6
7 15 2 13 6 15 6 2
8 3 3 20 8 5 9 4
9 6 4 12 10 10 12 2
10 9 5 19 2 5 15 4
11 12 1 11 4 10 18 6
1 3 2 18 6 15 21 8
2 6 3 25 8 20 9 2
3 9 1 17 10 25 12 4
4 12 2 24 2 15 15 6
5 15 3 16 4 20 18 2
6 3 4 23 6 10 21 4
7 6 5 15 8 15 24 2
8 9 1 22 10 20 12 4
9 12 2 29 2 10 15 6
10 15 3 21 4 15 18 2
11 3 4 28 6 5 21 4
1 6 5 35 2 10 24 6
2 9 6 27 4 15 27 2
3 12 1 34 6 20 15 4
4 15 2 26 8 25 18 2
5 3 3 33 10 15 21 4
6 6 4 25 12 20 24 2
7 9 5 32 2 10 27 4
8 12 1 24 4 15 30 6
9 15 2 31 6 20 18 2
10 3 3 38 8 10 21 4
11 6 4 30 10 15 24 2
1 9 5 37 2 20 27 4
2 12 1 29 4 25 30 6
3 3 2 36 6 15 33 8
4 6 3 28 8 20 36 2
5 9 1 35 10 25 24 4
6 12 2 27 12 30 27 2
7 3 3 34 14 20 30 4
8 6 4 26 16 25 33 2
9 9 5 33 3 15 36 4
10 12 1 40 5 20 24 6
11 15 2 32 7 25 27 2
1 3 3 39 9 30 30 4
2 6 4 31 11 35 33 2
3 9 5 38 2 25 36 4
4 12 1 30 4 30 39 6
5 15 2 37 6 35 27 2
6 3 3 44 8 25 30 4
7 6 4 36 10 30 33 2
8 9 1 28 12 35 36 4
9 12 2 35 2 25 39 6
10 15 3 42 4 30 27 2
11 3 4 49 6 20 30 4
1 6 5 56 2 25 33 6
2 9 6 48 4 30 36 2
3 12 1 40 6 35 39 4
4 3 2 47 8 25 42 6
5 6 3 39 10 30 45 2
6 9 1 46 12 35 33 4
7 12 2 38 14 40 36 2
8 15 3 45 2 30 39 4
9 18 4 37 4 35 42 2
10 6 5 44 6 25 45 4
11 9 1 51 8 30 33 6
1 12 2 58 2 35 36 8
2 15 3 50 4 40 39 2
3 3 4 57 6 30 42 4
4 6 5 49 8 35 45 2
5 9 1 41 10 40 48 4
6 12 2 48 12 45 36 2
7 3 3 55 14 35 39 4
8 6 4 47 16 40 42 2
9 9 5 54 3 30 45 4
10 12 1 46 5 35 48 6
11 15 2 53 7 40 36 2
1 3 3 60 9 45 39 4
2 6 4 52 11 50 42 2
3 9 5 59 2 40 45 4
4 12 1 51 4 45 48 6
5 3 2 58 6 35 51 8
6 6 3 50 8 40 54 2
7 9 1 57 10 45 42 4
8 12 2 49 12 50 45 2
9 3 3 56 14 40 48 4
10 6 4 48 16 45 51 2
11 9 5 55 3 35 54 4
1 3 6 62 5 40 57 6
2 6 7 54 7 45 60 2
3 9 1 61 9 50 48 4
4 12 2 53 11 55 51 2
5 3 3 60 13 45 54 4
6 6 4 52 15 50 57 2
7 9 5 59 2 40 60 4
8 12 1 66 4 45 48 6
9 15 2 58 6 50 51 2
10 3 3 65 8 40 54 4
11 6 4 57 10 45 57 2
1 9 5 64 2 50 60 4
2 12 1 56 4 55 63 6
*
waitingTimeCarsGone
254
0
301
280
280
0
262
161
186
0
187
116
55
0
32
24
18
0
15
15
15
0
12
12
9
0
9
3
*
waitingTimeCarsLeft
0
22
0
21
18
18
0
15
15
15
0
15
8
8
0
8
3
3
0
3
3
3
