100
6 2 3 0 3 7 2 1
15
101
2192
14849.34
2706.667
232
73.66666
carsInLane
6 2 3 0 3 7 2 1
12 4 6 0 3 7 4 2
6 2 9 0 6 14 6 3
12 4 12 0 3 7 8 4
18 6 3 0 6 14 2 5
9 8 6 0 3 21 4 6
15 2 9 0 6 13 6 7
6 4 12 0 3 20 8 8
12 2 15 0 6 12 10 9
18 4 3 0 9 19 2 10
24 6 6 0 3 11 4 11
15 2 9 0 6 18 6 12
21 4 12 0 3 10 8 13
12 2 15 0 6 17 10 14
18 4 3 0 9 24 2 15
24 6 6 0 3 16 4 16
15 2 9 0 6 23 6 17
21 4 12 0 3 15 8 18
27 6 15 0 6 22 2 4
18 8 18 0 3 29 4 5
24 2 21 0 6 21 6 6
15 4 24 0 3 28 8 7
21 2 27 0 6 20 10 8
27 4 15 0 9 27 2 9
18 6 18 0 3 34 4 10
24 2 21 0 6 26 6 11
30 4 24 0 3 18 8 12
21 2 27 0 6 25 10 13
27 4 15 0 9 32 2 14
33 6 18 0 3 24 4 15
24 2 21 0 6 31 6 16
30 4 24 0 3 23 8 17
21 2 27 0 6 30 10 18
27 4 15 0 9 37 2 19
33 6 18 0 3 29 4 20
24 2 21 0 6 36 6 21
30 4 24 0 3 28 8 22
21 2 27 0 6 35 10 23
27 4 30 0 3 27 12 24
33 6 18 0 6 34 2 25
39 2 21 0 9 26 4 26
30 4 24 0 3 33 6 27
36 2 27 0 6 25 8 28
27 4 30 0 3 32 10 29
33 6 18 0 6 39 2 30
39 2 21 0 9 31 4 31
30 4 24 0 3 38 6 32
36 2 27 0 6 30 8 33
27 4 30 0 3 37 10 34
33 6 33 0 6 44 2 20
39 2 36 0 9 36 4 21
30 4 39 0 3 43 6 22
36 2 42 0 6 35 8 23
42 4 30 0 9 42 2 24
33 6 33 0 3 49 4 25
39 2 36 0 6 41 6 26
45 4 39 0 3 33 8 27
36 2 42 0 6 40 10 28
42 4 30 0 9 47 2 29
48 6 33 0 3 39 4 30
39 2 36 0 6 46 6 31
45 4 39 0 3 38 8 32
36 2 42 0 6 45 10 33
42 4 30 0 9 52 2 34
48 6 33 0 3 44 4 35
39 2 36 0 6 51 6 36
45 4 39 0 3 43 8 37
36 2 42 0 6 50 10 38
42 4 45 0 3 42 12 39
48 6 33 0 6 49 2 40
54 2 36 0 9 41 4 41
45 4 39 0 3 48 6 42
51 2 42 0 6 40 8 43
42 4 45 0 3 47 10 44
48 6 33 0 6 54 2 45
54 2 36 0 9 46 4 46
45 4 39 0 3 53 6 47
51 2 42 0 6 45 8 48
42 4 45 0 3 52 10 49
48 6 48 0 6 59 2 35
54 2 51 0 9 51 4 36
45 4 54 0 3 58 6 37
51 2 57 0 6 50 8 38
57 4 45 0 9 57 2 39
48 6 48 0 3 64 4 40
54 2 51 0 6 56 6 41
60 4 54 0 3 48 8 42
51 2 57 0 6 55 10 43
57 4 45 0 9 62 2 44
63 6 48 0 3 54 4 45
54 2 51 0 6 61 6 46
60 4 54 0 3 53 8 47
51 2 57 0 6 60 10 48
57 4 45 0 9 67 2 49
63 6 48 0 3 59 4 50
54 2 51 0 6 66 6 51
60 4 54 0 3 58 8 52
51 2 57 0 6 65 10 53
57 4 60 0 3 57 12 54
63 6 48 0 6 64 2 55
69 2 51 0 9 56 4 56
*
waitingTimeCarsGone
289
0
330
268
213
0
208
179
172
0
161
127
60
0
22
16
16
0
16
16
13
0
13
13
12
0
4
1
1
0
1
1
1
0
1
1
1
0
1
1
1
0
1
1
1
0
1
1
1
0
1
1
1
0
1
2
2
0
2
2
2
0
2
2
2
0
1
1
1
0
1
1
1
0
1
*
waitingTimeCarsLeft
0
24
0
22
20
17
0
17
17
17
0
17
10
10
0
10
7
4
0
4
4
4
0
4
1
1
0
1
1
1
0
1
1
1
0
1
1
1
0
1
1
1
0
1
1
1
0
1
1
1
0
1
1
1
0
1
