8
1 3 1 7 2 5 3 2
15
101
2223
14317
1910.667
201
carsInLane
1 3 1 7 2 5 3 2
2 6 2 7 4 10 6 2
3 3 3 14 6 5 9 4
4 6 4 7 8 10 12 2
5 9 5 14 2 5 15 4
6 12 1 21 4 10 3 6
7 15 2 13 6 15 6 2
8 3 3 20 8 5 9 4
9 6 4 12 10 10 12 2
1 9 5 19 2 15 15 4
2 3 6 26 4 5 18 6
3 6 7 18 6 10 21 2
4 9 1 25 8 15 9 4
5 12 2 17 10 20 12 2
6 3 3 24 12 10 15 4
7 6 4 16 14 15 18 2
8 9 5 23 2 5 21 4
9 12 1 15 4 10 24 6
1 3 2 22 6 15 27 8
2 6 3 29 8 20 15 2
3 9 1 21 10 25 18 4
4 12 2 28 2 15 21 6
5 15 3 20 4 20 24 2
6 3 4 27 6 10 27 4
7 6 1 34 8 15 15 6
8 9 2 26 10 20 18 2
9 12 3 33 2 10 21 4
1 3 4 40 4 15 24 6
2 6 5 32 6 20 27 2
3 9 1 24 8 25 30 4
4 3 2 31 10 15 33 6
5 6 3 38 12 20 21 2
6 9 1 30 14 25 24 4
7 12 2 37 2 15 27 6
8 15 3 29 4 20 30 2
9 3 4 36 6 10 33 4
1 6 5 43 2 15 36 6
2 9 6 35 4 20 39 2
3 12 1 42 6 25 27 4
4 15 2 34 8 30 30 2
5 3 3 41 10 20 33 4
6 6 4 33 12 25 36 2
7 9 1 40 14 30 24 4
8 12 2 32 16 35 27 2
9 15 3 39 3 25 30 4
1 3 4 46 5 30 33 6
2 6 5 38 7 35 36 2
3 9 1 30 9 40 39 4
4 3 2 37 11 30 42 6
5 6 3 44 13 35 30 2
6 9 4 51 2 25 33 4
7 12 5 43 4 30 36 2
8 15 1 35 6 35 39 4
9 3 2 42 8 25 42 6
1 6 3 49 2 30 45 8
2 9 4 41 4 35 48 2
3 12 1 48 6 40 36 4
4 3 2 55 8 30 39 6
5 6 3 47 10 35 42 2
6 9 1 39 12 40 45 4
7 12 2 46 2 30 48 6
8 15 3 53 4 35 36 2
9 18 1 45 6 40 39 4
1 6 2 52 8 45 42 6
2 9 3 44 10 50 45 2
3 12 4 51 2 40 48 4
4 15 5 43 4 45 51 2
5 3 6 50 6 35 54 4
6 6 1 57 8 40 42 6
7 9 2 49 10 45 45 2
8 12 3 56 2 35 48 4
9 15 4 48 4 40 51 2
1 3 5 55 6 45 54 4
2 6 1 47 8 50 57 6
3 9 2 54 10 55 45 2
4 12 3 61 2 45 48 4
5 15 4 53 4 50 51 2
6 3 5 60 6 40 54 4
7 6 1 52 8 45 57 6
8 9 2 59 10 50 45 2
9 12 3 51 12 55 48 2
1 15 4 58 2 60 51 4
2 3 5 65 4 50 54 6
3 6 6 57 6 55 57 2
4 9 1 64 8 60 45 4
5 3 2 71 10 50 48 6
6 6 3 63 12 55 51 2
7 9 4 70 2 45 54 4
8 12 5 62 4 50 57 2
9 15 1 54 6 55 60 4
1 3 2 61 8 60 63 6
2 6 3 68 10 65 51 2
3 9 4 75 2 55 54 4
4 12 5 67 4 60 57 2
5 3 6 74 6 50 60 4
6 6 1 66 8 55 63 6
7 9 2 58 10 60 66 2
8 12 3 65 2 50 69 4
9 15 4 72 4 55 57 2
1 3 5 79 6 60 60 4
2 6 1 71 8 65 63 6
*
waitingTimeCarsGone
256
0
299
297
233
0
223
169
159
0
137
117
98
0
65
42
17
0
12
18
18
0
15
15
15
0
6
6
3
0
3
*
waitingTimeCarsLeft
0
22
0
21
17
17
0
15
15
15
0
15
8
8
0
8
8
8
0
3
3
3
0
3
3
3
0
3
3
