3
4 5 6 2 0 2 3 2
15
101
2015
20482.34
carsInLane
4 5 6 2 0 2 3 2
8 10 6 4 0 4 3 4
4 5 12 6 0 6 6 6
8 10 6 8 0 8 3 8
12 15 12 2 0 10 6 2
16 20 18 4 0 2 9 4
5 10 24 6 0 4 12 6
9 15 15 8 0 6 3 8
13 20 21 2 0 8 6 2
17 25 27 4 0 2 9 4
6 15 33 6 0 4 12 6
10 20 24 8 0 6 3 8
14 25 30 2 0 8 6 2
18 30 36 4 0 2 9 4
7 20 42 6 0 4 12 6
11 25 33 8 0 6 3 8
15 30 39 2 0 8 6 2
19 35 45 4 0 2 9 4
8 25 51 6 0 4 12 6
12 30 42 8 0 6 3 8
16 35 48 2 0 8 6 2
20 40 54 4 0 2 9 4
9 30 60 6 0 4 12 6
13 35 51 8 0 6 3 8
17 40 57 2 0 8 6 2
21 45 63 4 0 2 9 4
10 35 69 6 0 4 12 6
14 40 60 8 0 6 3 8
18 45 66 2 0 8 6 2
22 50 72 4 0 2 9 4
11 40 78 6 0 4 12 6
15 45 69 8 0 6 3 8
19 50 75 2 0 8 6 2
23 55 81 4 0 2 9 4
12 45 87 6 0 4 12 6
16 50 78 8 0 6 3 8
20 55 84 2 0 8 6 2
24 60 90 4 0 2 9 4
13 50 96 6 0 4 12 6
17 55 87 8 0 6 3 8
21 60 93 2 0 8 6 2
25 65 99 4 0 2 9 4
14 55 105 6 0 4 12 6
18 60 96 8 0 6 3 8
22 65 102 2 0 8 6 2
26 70 108 4 0 2 9 4
15 60 114 6 0 4 12 6
19 65 105 8 0 6 3 8
23 70 111 2 0 8 6 2
27 75 117 4 0 2 9 4
16 65 123 6 0 4 12 6
20 70 114 8 0 6 3 8
24 75 120 2 0 8 6 2
28 80 126 4 0 2 9 4
17 70 132 6 0 4 12 6
21 75 123 8 0 6 3 8
25 80 129 2 0 8 6 2
29 85 135 4 0 2 9 4
18 75 141 6 0 4 12 6
22 80 132 8 0 6 3 8
26 85 138 2 0 8 6 2
30 90 144 4 0 2 9 4
19 80 150 6 0 4 12 6
23 85 141 8 0 6 3 8
27 90 147 2 0 8 6 2
31 95 153 4 0 2 9 4
20 85 159 6 0 4 12 6
24 90 150 8 0 6 3 8
28 95 156 2 0 8 6 2
32 100 162 4 0 2 9 4
21 90 168 6 0 4 12 6
25 95 159 8 0 6 3 8
29 100 165 2 0 8 6 2
33 105 171 4 0 2 9 4
22 95 177 6 0 4 12 6
26 100 168 8 0 6 3 8
30 105 174 2 0 8 6 2
34 110 180 4 0 2 9 4
23 100 186 6 0 4 12 6
27 105 177 8 0 6 3 8
31 110 183 2 0 8 6 2
35 115 189 4 0 2 9 4
24 105 195 6 0 4 12 6
28 110 186 8 0 6 3 8
32 115 192 2 0 8 6 2
36 120 198 4 0 2 9 4
25 110 204 6 0 4 12 6
29 115 195 8 0 6 3 8
33 120 201 2 0 8 6 2
37 125 207 4 0 2 9 4
26 115 213 6 0 4 12 6
30 120 204 8 0 6 3 8
34 125 210 2 0 8 6 2
38 130 216 4 0 2 9 4
27 120 222 6 0 4 12 6
31 125 213 8 0 6 3 8
35 130 219 2 0 8 6 2
39 135 225 4 0 2 9 4
28 125 231 6 0 4 12 6
32 130 222 8 0 6 3 8
36 135 228 2 0 8 6 2
*
waitingTimeCarsGone
255
0
270
276
303
0
86
84
81
0
62
46
33
0
24
24
27
0
24
24
27
0
24
24
27
0
24
24
27
0
24
24
27
0
19
14
12
0
9
9
12
0
9
9
12
0
9
9
12
0
6
3
*
waitingTimeCarsLeft
0
22
0
18
15
15
0
15
15
15
0
15
15
11
0
11
11
11
0
11
11
11
0
11
11
11
0
11
11
11
0
11
11
11
0
11
11
6
0
6
6
6
0
6
6
6
0
6
6
6
0
6
