100
5 4 3 5 1 0 3 3
15
101
2370
4982.001
carsInLane
5 4 3 5 1 0 3 3
5 4 6 10 2 0 6 6
10 8 9 5 3 0 9 3
15 12 3 10 4 0 3 6
5 4 6 15 5 0 6 9
10 8 9 5 6 0 9 3
15 12 3 10 7 0 3 6
5 4 6 15 8 0 6 9
10 8 9 5 9 0 9 3
5 12 12 10 1 0 12 6
10 16 3 15 2 0 3 9
5 5 6 20 3 0 6 12
10 9 9 10 4 0 9 3
5 4 12 15 5 0 12 6
10 8 3 5 6 0 15 9
15 12 6 10 7 0 3 3
5 4 9 15 8 0 6 6
10 8 3 5 9 0 9 9
5 12 6 10 1 0 12 12
10 16 9 15 2 0 3 3
5 5 12 20 3 0 6 6
10 9 3 10 4 0 9 9
15 13 6 5 5 0 12 3
5 4 9 10 6 0 15 6
10 8 3 15 7 0 3 9
15 12 6 5 8 0 6 3
5 4 9 10 9 0 9 6
10 8 3 5 10 0 12 9
15 12 6 10 11 0 3 3
5 4 9 15 12 0 6 6
10 8 3 5 13 0 9 9
5 12 6 10 1 0 12 12
10 16 9 15 2 0 3 3
5 5 12 20 3 0 6 6
10 9 3 10 4 0 9 9
15 13 6 5 5 0 12 3
5 4 9 10 6 0 15 6
10 8 3 15 7 0 3 9
15 12 6 5 8 0 6 3
5 4 9 10 9 0 9 6
10 8 3 5 10 0 12 9
15 12 6 10 11 0 3 3
5 4 9 15 12 0 6 6
10 8 3 5 13 0 9 9
5 12 6 10 1 0 12 12
10 16 9 15 2 0 3 3
5 5 12 20 3 0 6 6
10 9 3 10 4 0 9 9
15 13 6 5 5 0 12 3
5 4 9 10 6 0 15 6
10 8 3 15 7 0 3 9
15 12 6 5 8 0 6 3
5 4 9 10 9 0 9 6
10 8 3 5 10 0 12 9
15 12 6 10 11 0 3 3
5 4 9 15 12 0 6 6
10 8 3 5 13 0 9 9
5 12 6 10 1 0 12 12
10 16 9 15 2 0 3 3
5 5 12 20 3 0 6 6
10 9 3 10 4 0 9 9
15 13 6 5 5 0 12 3
5 4 9 10 6 0 15 6
10 8 3 15 7 0 3 9
15 12 6 5 8 0 6 3
5 4 9 10 9 0 9 6
10 8 3 5 10 0 12 9
15 12 6 10 11 0 3 3
5 4 9 15 12 0 6 6
10 8 3 5 13 0 9 9
5 12 6 10 1 0 12 12
10 16 9 15 2 0 3 3
5 5 12 20 3 0 6 6
10 9 3 10 4 0 9 9
15 13 6 5 5 0 12 3
5 4 9 10 6 0 15 6
10 8 3 15 7 0 3 9
15 12 6 5 8 0 6 3
5 4 9 10 9 0 9 6
10 8 3 5 10 0 12 9
15 12 6 10 11 0 3 3
5 4 9 15 12 0 6 6
10 8 3 5 13 0 9 9
5 12 6 10 1 0 12 12
10 16 9 15 2 0 3 3
5 5 12 20 3 0 6 6
10 9 3 10 4 0 9 9
15 13 6 5 5 0 12 3
5 4 9 10 6 0 15 6
10 8 3 15 7 0 3 9
15 12 6 5 8 0 6 3
5 4 9 10 9 0 9 6
10 8 3 5 10 0 12 9
15 12 6 10 11 0 3 3
5 4 9 15 12 0 6 6
10 8 3 5 13 0 9 9
5 12 6 10 1 0 12 12
10 16 9 15 2 0 3 3
5 5 12 20 3 0 6 6
10 9 3 10 4 0 9 9
15 13 6 5 5 0 12 3
*
waitingTimeCarsGone
722
0
761
600
201
0
30
8
8
0
8
8
6
0
6
6
6
*
waitingTimeCarsLeft
0
23
0
15
12
4
