7
5 3 0 2 5 3 3 3
15
101
2389
5469.668
90.66668
35
carsInLane
5 3 0 2 5 3 3 3
5 6 0 4 5 6 6 6
10 3 0 6 10 3 9 9
5 6 0 8 5 6 12 12
10 9 0 10 10 9 3 3
5 12 0 12 5 12 6 6
10 3 0 14 10 3 9 9
15 6 0 2 15 6 12 3
20 9 0 4 20 9 3 6
10 12 0 6 10 12 6 9
15 3 0 8 15 3 9 12
5 6 0 10 5 6 12 15
10 9 0 12 10 9 3 3
5 12 0 14 5 12 6 6
10 3 0 16 10 3 9 9
15 6 0 3 15 6 12 12
5 9 0 5 5 9 15 15
10 12 0 7 10 12 3 3
15 3 0 9 15 3 6 6
5 6 0 11 5 6 9 9
10 9 0 2 10 9 12 3
5 12 0 4 5 12 15 6
10 3 0 6 10 3 18 9
15 6 0 8 15 6 6 12
5 9 0 10 5 9 9 15
10 12 0 2 10 12 12 3
15 3 0 4 15 3 15 6
5 6 0 6 5 6 18 9
10 9 0 8 10 9 6 3
5 12 0 10 5 12 9 6
10 3 0 12 10 3 12 9
15 6 0 2 15 6 15 12
5 9 0 4 5 9 18 15
10 12 0 6 10 12 6 3
15 3 0 8 15 3 9 6
5 6 0 10 5 6 12 9
10 9 0 12 10 9 3 3
5 12 0 14 5 12 6 6
10 3 0 16 10 3 9 9
15 6 0 3 15 6 12 12
5 9 0 5 5 9 15 15
10 12 0 7 10 12 3 3
15 3 0 9 15 3 6 6
5 6 0 11 5 6 9 9
10 9 0 2 10 9 12 3
5 12 0 4 5 12 15 6
10 3 0 6 10 3 18 9
15 6 0 8 15 6 6 12
5 9 0 10 5 9 9 15
10 12 0 2 10 12 12 3
15 3 0 4 15 3 15 6
5 6 0 6 5 6 18 9
10 9 0 8 10 9 6 3
5 12 0 10 5 12 9 6
10 3 0 12 10 3 12 9
15 6 0 2 15 6 15 12
5 9 0 4 5 9 18 15
10 12 0 6 10 12 6 3
15 3 0 8 15 3 9 6
5 6 0 10 5 6 12 9
10 9 0 12 10 9 3 3
5 12 0 14 5 12 6 6
10 3 0 16 10 3 9 9
15 6 0 3 15 6 12 12
5 9 0 5 5 9 15 15
10 12 0 7 10 12 3 3
15 3 0 9 15 3 6 6
5 6 0 11 5 6 9 9
10 9 0 2 10 9 12 3
5 12 0 4 5 12 15 6
10 3 0 6 10 3 18 9
15 6 0 8 15 6 6 12
5 9 0 10 5 9 9 15
10 12 0 2 10 12 12 3
15 3 0 4 15 3 15 6
5 6 0 6 5 6 18 9
10 9 0 8 10 9 6 3
5 12 0 10 5 12 9 6
10 3 0 12 10 3 12 9
15 6 0 2 15 6 15 12
5 9 0 4 5 9 18 15
10 12 0 6 10 12 6 3
15 3 0 8 15 3 9 6
5 6 0 10 5 6 12 9
10 9 0 12 10 9 3 3
5 12 0 14 5 12 6 6
10 3 0 16 10 3 9 9
15 6 0 3 15 6 12 12
5 9 0 5 5 9 15 15
10 12 0 7 10 12 3 3
15 3 0 9 15 3 6 6
5 6 0 11 5 6 9 9
10 9 0 2 10 9 12 3
5 12 0 4 5 12 15 6
10 3 0 6 10 3 18 9
15 6 0 8 15 6 6 12
5 9 0 10 5 9 9 15
10 12 0 2 10 12 12 3
15 3 0 4 15 3 15 6
5 6 0 6 5 6 18 9
10 9 0 8 10 9 6 3
*
waitingTimeCarsGone
663
0
700
554
288
0
113
53
10
0
8
*
waitingTimeCarsLeft
0
14
0
11
8
2
