9
1 3 3 3 1 5 4 4
15
101
2388
5952.004
carsInLane
1 3 3 3 1 5 4 4
2 3 6 6 2 5 8 8
3 6 9 9 3 10 4 4
4 9 3 3 4 15 8 8
5 3 6 6 5 5 12 12
6 6 9 9 6 10 4 4
7 9 3 3 7 15 8 8
8 3 6 6 8 5 12 12
9 6 9 9 9 10 4 4
10 9 12 12 1 5 8 8
1 3 15 15 2 10 12 12
2 6 3 3 3 15 16 16
3 9 6 6 4 20 5 5
4 3 9 9 5 10 9 9
5 6 3 12 6 15 4 13
6 9 6 3 7 20 8 4
7 3 9 6 8 10 12 8
8 6 3 9 9 15 4 12
9 9 6 12 1 5 8 16
10 12 9 3 2 10 12 5
1 3 12 6 3 15 16 9
2 6 3 9 4 20 5 13
3 3 6 12 5 10 9 17
4 6 9 3 6 15 13 6
5 9 3 6 7 20 4 10
6 3 6 9 8 10 8 14
7 6 9 3 9 15 12 4
8 9 12 6 1 5 16 8
9 12 3 9 2 10 5 12
10 3 6 12 3 5 9 16
1 6 9 15 1 10 13 20
2 9 12 3 2 15 17 9
3 12 3 6 3 20 6 13
4 3 6 9 4 10 10 17
5 6 9 12 5 15 4 6
6 3 12 15 6 5 8 10
7 6 3 3 7 10 12 14
8 9 6 6 8 15 4 4
9 3 9 9 9 5 8 8
1 6 12 12 1 10 12 12
2 9 3 15 2 15 4 16
3 12 6 3 3 20 8 5
4 3 9 6 4 10 12 9
5 6 3 9 5 15 4 13
6 9 6 3 6 20 8 4
7 3 9 6 7 10 12 8
8 6 3 9 8 15 4 12
9 9 6 12 1 5 8 16
10 12 9 3 2 10 12 5
1 3 12 6 3 15 16 9
2 6 3 9 4 20 5 13
3 3 6 12 5 10 9 17
4 6 9 3 6 15 13 6
5 9 3 6 7 20 4 10
6 3 6 9 8 10 8 14
7 6 9 3 9 15 12 4
8 9 12 6 1 5 16 8
9 12 3 9 2 10 5 12
10 3 6 12 3 5 9 16
1 6 9 15 1 10 13 20
2 9 12 3 2 15 17 9
3 12 3 6 3 20 6 13
4 3 6 9 4 10 10 17
5 6 9 12 5 15 4 6
6 3 12 15 6 5 8 10
7 6 3 3 7 10 12 14
8 9 6 6 8 15 4 4
9 3 9 9 9 5 8 8
1 6 12 12 1 10 12 12
2 9 3 15 2 15 4 16
3 12 6 3 3 20 8 5
4 3 9 6 4 10 12 9
5 6 3 9 5 15 4 13
6 9 6 3 6 20 8 4
7 3 9 6 7 10 12 8
8 6 3 9 8 15 4 12
9 9 6 12 1 5 8 16
10 12 9 3 2 10 12 5
1 3 12 6 3 15 16 9
2 6 3 9 4 20 5 13
3 3 6 12 5 10 9 17
4 6 9 3 6 15 13 6
5 9 3 6 7 20 4 10
6 3 6 9 8 10 8 14
7 6 9 3 9 15 12 4
8 9 12 6 1 5 16 8
9 12 3 9 2 10 5 12
10 3 6 12 3 5 9 16
1 6 9 15 1 10 13 20
2 9 12 3 2 15 17 9
3 12 3 6 3 20 6 13
4 3 6 9 4 10 10 17
5 6 9 12 5 15 4 6
6 3 12 15 6 5 8 10
7 6 3 3 7 10 12 14
8 9 6 6 8 15 4 4
9 3 9 9 9 5 8 8
1 6 12 12 1 10 12 12
2 9 3 15 2 15 4 16
3 12 6 3 3 20 8 5
4 3 9 6 4 10 12 9
*
waitingTimeCarsGone
566
0
679
627
357
0
74
20
20
0
20
18
7
*
waitingTimeCarsLeft
0
17
0
14
3
2
