4
1 3 1 7 2 5 3 2
15
99
2088
19136.68
5908
336
carsInLane
1 3 1 7 2 5 3 2
2 6 2 7 4 10 6 2
3 3 3 14 6 5 9 4
4 6 4 7 8 10 12 2
5 9 5 14 2 5 15 4
6 12 1 21 4 10 3 6
1 3 2 28 6 15 6 8
2 6 3 20 8 20 9 2
3 9 4 27 2 10 12 4
4 12 5 19 4 15 15 2
5 15 1 26 6 20 3 4
1 3 2 33 8 25 6 6
2 6 3 25 10 30 9 2
3 9 4 32 2 20 12 4
4 12 5 24 4 25 15 2
5 15 1 31 6 30 3 4
1 3 2 38 8 35 6 6
2 6 3 30 10 40 9 2
3 9 4 37 2 30 12 4
4 12 5 29 4 35 15 2
5 15 1 36 6 40 3 4
1 3 2 43 8 45 6 6
2 6 3 50 2 35 9 8
3 9 4 42 4 40 12 2
4 3 5 49 6 30 15 4
5 6 1 56 8 35 3 6
1 9 2 63 2 40 6 8
2 12 3 55 4 45 9 2
3 15 1 47 6 50 12 4
4 3 2 54 8 40 15 6
5 6 3 61 10 45 3 2
1 9 4 68 2 50 6 4
2 12 5 60 4 55 9 2
3 15 1 67 6 60 3 4
4 3 2 74 8 50 6 6
5 6 3 66 10 55 9 2
1 9 4 73 2 60 12 4
2 12 5 65 4 65 15 2
3 15 1 72 6 70 3 4
4 3 2 79 8 60 6 6
5 6 3 71 10 65 9 2
1 9 4 78 2 70 12 4
2 12 5 70 4 75 15 2
3 15 1 77 6 80 3 4
4 3 2 84 8 70 6 6
5 6 3 76 10 75 9 2
1 9 4 83 2 80 12 4
2 3 5 90 4 70 15 6
3 6 1 97 6 75 3 8
4 9 2 89 8 80 6 2
5 12 3 81 10 85 9 2
1 15 4 88 2 90 12 4
2 3 5 95 4 80 15 6
3 6 1 102 6 85 3 8
4 9 2 94 8 90 6 2
5 3 3 101 10 80 9 4
1 6 4 108 2 85 12 6
2 9 5 100 4 90 15 2
3 12 1 107 6 95 3 4
4 15 2 99 8 100 6 2
5 3 3 106 10 90 9 4
1 6 4 113 2 95 12 6
2 9 5 105 4 100 15 2
3 12 1 112 6 105 3 4
4 3 2 119 8 95 6 6
5 6 3 111 10 100 9 2
1 9 4 118 2 105 12 4
2 12 5 110 4 110 15 2
3 15 1 117 6 115 3 4
4 3 2 124 8 105 6 6
5 6 3 116 10 110 9 2
1 9 4 123 2 115 12 4
2 12 5 115 4 120 15 2
3 15 1 122 6 125 3 4
4 3 2 129 8 115 6 6
5 6 3 121 10 120 9 2
1 9 4 128 2 125 12 4
2 3 5 135 4 115 15 6
3 6 1 142 6 120 3 8
4 9 2 134 8 125 6 2
5 12 3 126 10 130 9 2
1 15 4 133 2 135 12 4
2 3 5 140 4 125 15 6
3 6 1 147 6 130 3 8
4 9 2 139 8 135 6 2
5 3 3 146 10 125 9 4
1 6 4 153 2 130 12 6
2 9 5 145 4 135 15 2
3 12 1 152 6 140 3 4
4 15 2 144 8 145 6 2
5 3 3 151 10 135 9 4
1 6 4 158 2 140 12 6
2 9 5 150 4 145 15 2
3 12 1 157 6 150 3 4
4 3 2 164 8 140 6 6
5 6 3 156 10 145 9 2
1 9 4 163 2 150 12 4
2 12 5 155 4 155 15 2
3 15 1 162 6 160 3 4
4 3 2 169 8 150 6 6
5 6 3 161 10 155 9 2
*
waitingTimeCarsGone
309
6
298
278
251
20
180
30
30
0
37
33
43
3
33
29
21
18
21
38
53
18
25
38
27
23
7
37
34
30
10
22
21
10
0
15
10
10
0
10
5
5
*
waitingTimeCarsLeft
0
21
0
19
16
12
0
12
12
12
0
12
12
12
0
12
12
12
0
12
12
12
0
12
12
12
0
12
12
12
12
0
5
5
5
0
5
5
5
0
5
5
