8
3 6 2 0 6 4 2 1
15
101
2307
10128.99
carsInLane
3 6 2 0 6 4 2 1
6 6 4 0 12 4 4 2
3 12 6 0 6 8 6 3
6 6 8 0 12 4 8 4
3 12 10 0 6 8 10 5
6 6 12 0 12 4 12 6
9 12 2 0 18 8 2 7
3 18 4 0 9 12 4 8
6 9 6 0 15 4 6 9
9 15 8 0 21 8 8 1
3 21 10 0 12 12 10 2
6 12 12 0 18 4 12 3
3 18 14 0 9 8 14 4
6 24 2 0 15 12 2 5
9 15 4 0 21 4 4 6
3 21 6 0 12 8 6 7
6 12 8 0 18 4 8 8
3 18 10 0 9 8 10 9
6 24 12 0 15 12 12 1
9 15 14 0 21 4 14 2
3 21 16 0 12 8 16 3
6 27 3 0 18 12 3 4
9 18 5 0 24 4 5 5
3 24 7 0 15 8 7 6
6 15 9 0 21 4 9 7
3 21 11 0 12 8 11 8
6 12 13 0 18 4 13 9
9 18 15 0 24 8 15 1
3 24 17 0 15 12 17 2
6 15 19 0 21 4 19 3
9 21 6 0 27 8 6 4
3 27 8 0 18 12 8 5
6 18 10 0 24 4 10 6
3 24 12 0 15 8 12 7
6 15 14 0 21 4 14 8
9 21 2 0 27 8 2 9
12 27 4 0 33 12 4 1
3 33 6 0 24 16 6 2
6 24 8 0 30 5 8 3
3 30 10 0 21 9 10 4
6 21 12 0 27 4 12 5
3 27 14 0 18 8 14 6
6 18 16 0 24 4 16 7
9 24 3 0 30 8 3 8
3 30 5 0 21 12 5 9
6 36 7 0 27 16 7 1
9 27 9 0 33 5 9 2
3 33 11 0 24 9 11 3
6 24 13 0 30 4 13 4
3 30 15 0 21 8 15 5
6 21 17 0 27 4 17 6
9 27 4 0 33 8 4 7
3 33 6 0 24 12 6 8
6 24 8 0 30 4 8 9
9 30 10 0 36 8 10 1
3 36 12 0 27 12 12 2
6 27 14 0 33 4 14 3
3 33 16 0 24 8 16 4
6 24 18 0 30 4 18 5
3 30 20 0 21 8 20 6
6 36 7 0 27 12 7 7
9 27 9 0 33 4 9 8
3 33 11 0 24 8 11 9
6 39 13 0 30 12 13 1
9 30 15 0 36 4 15 2
3 36 17 0 27 8 17 3
6 27 19 0 33 4 19 4
3 33 21 0 24 8 21 5
6 39 8 0 30 12 8 6
9 30 10 0 36 4 10 7
3 36 12 0 27 8 12 8
6 27 14 0 33 4 14 9
9 33 16 0 39 8 16 1
3 39 18 0 30 12 18 2
6 30 20 0 36 4 20 3
3 36 22 0 27 8 22 4
6 27 24 0 33 4 24 5
9 33 11 0 39 8 11 6
3 39 13 0 30 12 13 7
6 30 15 0 36 4 15 8
3 36 17 0 27 8 17 9
6 42 19 0 33 12 19 1
9 33 21 0 39 4 21 2
3 39 23 0 30 8 23 3
6 30 25 0 36 4 25 4
9 36 12 0 42 8 12 5
3 42 14 0 33 12 14 6
6 33 16 0 39 4 16 7
3 39 18 0 30 8 18 8
6 30 20 0 36 4 20 9
9 36 22 0 42 8 22 1
3 42 24 0 33 12 24 2
6 33 26 0 39 4 26 3
9 39 13 0 45 8 13 4
3 45 15 0 36 12 15 5
6 36 17 0 42 4 17 6
3 42 19 0 33 8 19 7
6 33 21 0 39 4 21 8
3 39 23 0 30 8 23 9
6 45 25 0 36 12 25 1
9 36 27 0 42 4 27 2
*
waitingTimeCarsGone
337
0
415
352
286
0
313
279
152
0
60
41
26
0
18
16
10
0
2
*
waitingTimeCarsLeft
0
24
0
20
19
16
0
16
16
6
