3
5 2 1 7 3 0 3 3
15
101
1946
20942.01
12898.66
478
62.66665
carsInLane
5 2 1 7 3 0 3 3
10 4 2 7 6 0 6 3
5 6 3 14 3 0 9 6
10 8 4 7 6 0 12 3
15 2 5 14 9 0 15 6
20 4 1 21 12 0 3 9
10 6 2 28 3 0 6 12
15 8 3 20 6 0 9 3
20 2 4 27 9 0 12 6
25 4 1 34 12 0 3 9
15 6 2 41 3 0 6 12
20 8 3 33 6 0 9 3
25 2 4 40 9 0 12 6
30 4 1 47 12 0 3 9
20 6 2 54 3 0 6 12
25 8 3 46 6 0 9 3
30 2 4 53 9 0 12 6
35 4 1 60 12 0 3 9
25 6 2 67 3 0 6 12
30 8 3 59 6 0 9 3
35 2 4 66 9 0 12 6
40 4 1 73 12 0 3 9
30 6 2 80 3 0 6 12
35 8 3 72 6 0 9 3
40 2 4 79 9 0 12 6
45 4 1 86 12 0 3 9
35 6 2 93 3 0 6 12
40 8 3 85 6 0 9 3
45 2 4 92 9 0 12 6
50 4 1 99 12 0 3 9
40 6 2 106 3 0 6 12
45 8 3 98 6 0 9 3
50 2 4 105 9 0 12 6
55 4 1 112 12 0 3 9
45 6 2 119 3 0 6 12
50 8 3 111 6 0 9 3
55 2 4 118 9 0 12 6
60 4 1 125 12 0 3 9
50 6 2 132 3 0 6 12
55 8 3 124 6 0 9 3
60 2 4 131 9 0 12 6
65 4 1 138 12 0 3 9
55 6 2 145 3 0 6 12
60 8 3 137 6 0 9 3
65 2 4 144 9 0 12 6
70 4 1 151 12 0 3 9
60 6 2 158 3 0 6 12
65 8 3 150 6 0 9 3
70 2 4 157 9 0 12 6
75 4 1 164 12 0 3 9
65 6 2 171 3 0 6 12
70 8 3 163 6 0 9 3
75 2 4 170 9 0 12 6
80 4 1 177 12 0 3 9
70 6 2 184 3 0 6 12
75 8 3 176 6 0 9 3
80 2 4 183 9 0 12 6
85 4 1 190 12 0 3 9
75 6 2 197 3 0 6 12
80 8 3 189 6 0 9 3
85 2 4 196 9 0 12 6
90 4 1 203 12 0 3 9
80 6 2 210 3 0 6 12
85 8 3 202 6 0 9 3
90 2 4 209 9 0 12 6
95 4 1 216 12 0 3 9
85 6 2 223 3 0 6 12
90 8 3 215 6 0 9 3
95 2 4 222 9 0 12 6
100 4 1 229 12 0 3 9
90 6 2 236 3 0 6 12
95 8 3 228 6 0 9 3
100 2 4 235 9 0 12 6
105 4 1 242 12 0 3 9
95 6 2 249 3 0 6 12
100 8 3 241 6 0 9 3
105 2 4 248 9 0 12 6
110 4 1 255 12 0 3 9
100 6 2 262 3 0 6 12
105 8 3 254 6 0 9 3
110 2 4 261 9 0 12 6
115 4 1 268 12 0 3 9
105 6 2 275 3 0 6 12
110 8 3 267 6 0 9 3
115 2 4 274 9 0 12 6
120 4 1 281 12 0 3 9
110 6 2 288 3 0 6 12
115 8 3 280 6 0 9 3
120 2 4 287 9 0 12 6
125 4 1 294 12 0 3 9
115 6 2 301 3 0 6 12
120 8 3 293 6 0 9 3
125 2 4 300 9 0 12 6
130 4 1 307 12 0 3 9
120 6 2 314 3 0 6 12
125 8 3 306 6 0 9 3
130 2 4 313 9 0 12 6
135 4 1 320 12 0 3 9
125 6 2 327 3 0 6 12
130 8 3 319 6 0 9 3
135 2 4 326 9 0 12 6
*
waitingTimeCarsGone
322
0
318
311
318
0
26
24
22
0
24
22
24
0
22
24
22
0
24
23
23
0
24
22
24
0
22
24
22
0
24
22
24
0
17
14
8
0
8
9
7
0
9
7
9
0
7
9
7
0
9
7
9
0
8
8
9
0
7
9
7
0
5
*
waitingTimeCarsLeft
0
20
0
18
15
12
0
12
12
12
0
12
12
12
0
12
12
12
0
12
12
12
0
12
12
12
0
12
12
12
0
12
12
12
0
12
12
7
0
7
7
7
0
7
7
7
0
7
7
7
0
7
7
7
0
7
7
7
0
7
7
7
0
4
