100
3 4 3 4 0 1 4 5
15
101
2375
4789.001
112
49
13.66667
carsInLane
3 4 3 4 0 1 4 5
6 8 6 4 0 2 8 5
9 12 3 8 0 3 4 10
3 4 6 12 0 4 8 15
6 8 9 4 0 5 12 5
9 12 3 8 0 6 4 10
3 4 6 12 0 7 8 15
6 8 9 4 0 8 12 5
9 12 3 8 0 9 4 10
12 4 6 12 0 1 8 15
15 8 9 4 0 2 12 5
3 4 12 8 0 3 16 10
6 8 3 12 0 4 5 15
9 12 6 4 0 5 9 5
3 4 9 8 0 6 13 10
6 8 12 12 0 7 4 5
9 12 3 4 0 8 8 10
3 4 6 8 0 9 12 15
6 8 9 12 0 10 4 5
9 12 3 4 0 11 8 10
12 4 6 8 0 1 12 15
15 8 9 12 0 2 4 5
3 4 12 16 0 3 8 10
6 8 3 5 0 4 12 15
9 12 6 9 0 5 4 5
3 4 9 13 0 6 8 10
6 8 12 4 0 7 12 5
9 12 3 8 0 8 4 10
3 4 6 12 0 9 8 15
6 8 9 4 0 10 12 5
9 12 3 8 0 11 4 10
12 4 6 12 0 1 8 15
15 8 9 4 0 2 12 5
3 4 12 8 0 3 16 10
6 8 3 12 0 4 5 15
9 12 6 4 0 5 9 5
3 4 9 8 0 6 13 10
6 8 12 12 0 7 4 5
9 12 3 4 0 8 8 10
3 4 6 8 0 9 12 15
6 8 9 12 0 10 4 5
9 12 3 4 0 11 8 10
12 4 6 8 0 1 12 15
15 8 9 12 0 2 4 5
3 4 12 16 0 3 8 10
6 8 3 5 0 4 12 15
9 12 6 9 0 5 4 5
3 4 9 13 0 6 8 10
6 8 12 4 0 7 12 5
9 12 3 8 0 8 4 10
3 4 6 12 0 9 8 15
6 8 9 4 0 10 12 5
9 12 3 8 0 11 4 10
12 4 6 12 0 1 8 15
15 8 9 4 0 2 12 5
3 4 12 8 0 3 16 10
6 8 3 12 0 4 5 15
9 12 6 4 0 5 9 5
3 4 9 8 0 6 13 10
6 8 12 12 0 7 4 5
9 12 3 4 0 8 8 10
3 4 6 8 0 9 12 15
6 8 9 12 0 10 4 5
9 12 3 4 0 11 8 10
12 4 6 8 0 1 12 15
15 8 9 12 0 2 4 5
3 4 12 16 0 3 8 10
6 8 3 5 0 4 12 15
9 12 6 9 0 5 4 5
3 4 9 13 0 6 8 10
6 8 12 4 0 7 12 5
9 12 3 8 0 8 4 10
3 4 6 12 0 9 8 15
6 8 9 4 0 10 12 5
9 12 3 8 0 11 4 10
12 4 6 12 0 1 8 15
15 8 9 4 0 2 12 5
3 4 12 8 0 3 16 10
6 8 3 12 0 4 5 15
9 12 6 4 0 5 9 5
3 4 9 8 0 6 13 10
6 8 12 12 0 7 4 5
9 12 3 4 0 8 8 10
3 4 6 8 0 9 12 15
6 8 9 12 0 10 4 5
9 12 3 4 0 11 8 10
12 4 6 8 0 1 12 15
15 8 9 12 0 2 4 5
3 4 12 16 0 3 8 10
6 8 3 5 0 4 12 15
9 12 6 9 0 5 4 5
3 4 9 13 0 6 8 10
6 8 12 4 0 7 12 5
9 12 3 8 0 8 4 10
3 4 6 12 0 9 8 15
6 8 9 4 0 10 12 5
9 12 3 8 0 11 4 10
12 4 6 12 0 1 8 15
15 8 9 4 0 2 12 5
3 4 12 8 0 3 16 10
6 8 3 12 0 4 5 15
*
waitingTimeCarsGone
746
0
746
663
132
0
36
9
9
0
9
9
8
0
8
*
waitingTimeCarsLeft
0
23
0
17
9
