2
4 3 6 1 2 1 3 4
15
101
2117
17146.98
carsInLane
4 3 6 1 2 1 3 4
8 6 6 2 4 2 3 8
4 3 12 3 6 3 6 12
8 6 18 1 8 4 9 4
12 9 24 2 2 1 12 8
16 12 15 3 4 2 3 12
5 3 21 4 6 3 6 16
9 6 27 1 8 4 9 5
13 9 33 2 2 1 12 9
17 12 24 3 4 2 3 13
6 3 30 4 6 3 6 17
10 6 36 1 8 4 9 6
14 9 42 2 2 1 12 10
18 12 33 3 4 2 3 14
7 3 39 4 6 3 6 18
11 6 45 1 8 4 9 7
15 9 51 2 2 1 12 11
19 12 42 3 4 2 3 15
8 3 48 4 6 3 6 19
12 6 54 1 8 4 9 8
16 9 60 2 2 1 12 12
20 12 51 3 4 2 3 16
9 3 57 4 6 3 6 20
13 6 63 1 8 4 9 9
17 9 69 2 2 1 12 13
21 12 60 3 4 2 3 17
10 3 66 4 6 3 6 21
14 6 72 1 8 4 9 10
18 9 78 2 2 1 12 14
22 12 69 3 4 2 3 18
11 3 75 4 6 3 6 22
15 6 81 1 8 4 9 11
19 9 87 2 2 1 12 15
23 12 78 3 4 2 3 19
12 3 84 4 6 3 6 23
16 6 90 1 8 4 9 12
20 9 96 2 2 1 12 16
24 12 87 3 4 2 3 20
13 3 93 4 6 3 6 24
17 6 99 1 8 4 9 13
21 9 105 2 2 1 12 17
25 12 96 3 4 2 3 21
14 3 102 4 6 3 6 25
18 6 108 1 8 4 9 14
22 9 114 2 2 1 12 18
26 12 105 3 4 2 3 22
15 3 111 4 6 3 6 26
19 6 117 1 8 4 9 15
23 9 123 2 2 1 12 19
27 12 114 3 4 2 3 23
16 3 120 4 6 3 6 27
20 6 126 1 8 4 9 16
24 9 132 2 2 1 12 20
28 12 123 3 4 2 3 24
17 3 129 4 6 3 6 28
21 6 135 1 8 4 9 17
25 9 141 2 2 1 12 21
29 12 132 3 4 2 3 25
18 3 138 4 6 3 6 29
22 6 144 1 8 4 9 18
26 9 150 2 2 1 12 22
30 12 141 3 4 2 3 26
19 3 147 4 6 3 6 30
23 6 153 1 8 4 9 19
27 9 159 2 2 1 12 23
31 12 150 3 4 2 3 27
20 3 156 4 6 3 6 31
24 6 162 1 8 4 9 20
28 9 168 2 2 1 12 24
32 12 159 3 4 2 3 28
21 3 165 4 6 3 6 32
25 6 171 1 8 4 9 21
29 9 177 2 2 1 12 25
33 12 168 3 4 2 3 29
22 3 174 4 6 3 6 33
26 6 180 1 8 4 9 22
30 9 186 2 2 1 12 26
34 12 177 3 4 2 3 30
23 3 183 4 6 3 6 34
27 6 189 1 8 4 9 23
31 9 195 2 2 1 12 27
35 12 186 3 4 2 3 31
24 3 192 4 6 3 6 35
28 6 198 1 8 4 9 24
32 9 204 2 2 1 12 28
36 12 195 3 4 2 3 32
25 3 201 4 6 3 6 36
29 6 207 1 8 4 9 25
33 9 213 2 2 1 12 29
37 12 204 3 4 2 3 33
26 3 210 4 6 3 6 37
30 6 216 1 8 4 9 26
34 9 222 2 2 1 12 30
38 12 213 3 4 2 3 34
27 3 219 4 6 3 6 38
31 6 225 1 8 4 9 27
35 9 231 2 2 1 12 31
39 12 222 3 4 2 3 35
28 3 228 4 6 3 6 39
32 6 234 1 8 4 9 28
36 9 240 2 2 1 12 32
*
waitingTimeCarsGone
279
0
305
333
366
0
129
129
120
0
85
53
24
0
9
9
12
0
9
9
12
0
9
9
12
0
9
9
12
0
9
9
12
0
9
9
12
0
9
9
12
0
9
9
12
0
9
9
12
0
9
9
6
*
waitingTimeCarsLeft
0
21
0
18
17
14
0
14
14
14
0
14
10
6
0
6
6
6
0
6
6
6
0
6
6
6
0
6
6
6
0
6
6
6
0
6
6
6
0
6
6
6
0
6
6
6
0
6
6
6
0
3
