9
1 6 1 3 3 3 3 4
15
101
2371
7343.668
carsInLane
1 6 1 3 3 3 3 4
2 6 2 6 6 3 6 8
3 12 3 3 9 6 9 4
4 6 4 6 12 3 12 8
5 12 5 9 15 6 3 4
6 18 6 12 3 3 6 8
1 9 7 15 6 6 9 12
2 15 8 3 9 9 12 4
3 6 9 6 12 3 15 8
4 12 1 9 15 6 3 12
5 18 2 3 18 9 6 4
6 9 3 6 21 3 9 8
1 15 4 9 9 6 12 12
2 21 5 12 12 9 3 4
3 12 6 15 15 3 6 8
4 18 7 3 18 6 9 4
5 9 8 6 21 3 12 8
1 15 9 9 9 6 15 12
2 21 10 12 12 9 3 4
3 27 1 3 15 12 6 8
4 18 2 6 18 3 9 12
1 24 3 9 6 6 12 16
2 15 4 12 9 3 15 20
3 21 5 15 12 6 3 9
4 12 6 18 15 3 6 13
5 18 7 6 18 6 9 4
6 9 8 9 21 3 12 8
1 15 9 12 9 6 15 12
2 21 10 15 12 9 3 4
3 27 1 3 15 12 6 8
4 18 2 6 18 3 9 12
1 24 3 9 6 6 12 16
2 15 4 12 9 3 15 20
3 21 5 15 12 6 3 9
4 12 6 18 15 3 6 13
5 18 7 6 18 6 9 4
6 9 8 9 21 3 12 8
1 15 9 12 9 6 15 12
2 21 10 15 12 9 3 4
3 27 1 3 15 12 6 8
4 18 2 6 18 3 9 12
1 24 3 9 6 6 12 16
2 15 4 12 9 3 15 20
3 21 5 15 12 6 3 9
4 12 6 18 15 3 6 13
5 18 7 6 18 6 9 4
6 9 8 9 21 3 12 8
1 15 9 12 9 6 15 12
2 21 10 15 12 9 3 4
3 27 1 3 15 12 6 8
4 18 2 6 18 3 9 12
1 24 3 9 6 6 12 16
2 15 4 12 9 3 15 20
3 21 5 15 12 6 3 9
4 12 6 18 15 3 6 13
5 18 7 6 18 6 9 4
6 9 8 9 21 3 12 8
1 15 9 12 9 6 15 12
2 21 10 15 12 9 3 4
3 27 1 3 15 12 6 8
4 18 2 6 18 3 9 12
1 24 3 9 6 6 12 16
2 15 4 12 9 3 15 20
3 21 5 15 12 6 3 9
4 12 6 18 15 3 6 13
5 18 7 6 18 6 9 4
6 9 8 9 21 3 12 8
1 15 9 12 9 6 15 12
2 21 10 15 12 9 3 4
3 27 1 3 15 12 6 8
4 18 2 6 18 3 9 12
1 24 3 9 6 6 12 16
2 15 4 12 9 3 15 20
3 21 5 15 12 6 3 9
4 12 6 18 15 3 6 13
5 18 7 6 18 6 9 4
6 9 8 9 21 3 12 8
1 15 9 12 9 6 15 12
2 21 10 15 12 9 3 4
3 27 1 3 15 12 6 8
4 18 2 6 18 3 9 12
1 24 3 9 6 6 12 16
2 15 4 12 9 3 15 20
3 21 5 15 12 6 3 9
4 12 6 18 15 3 6 13
5 18 7 6 18 6 9 4
6 9 8 9 21 3 12 8
1 15 9 12 9 6 15 12
2 21 10 15 12 9 3 4
3 27 1 3 15 12 6 8
4 18 2 6 18 3 9 12
1 24 3 9 6 6 12 16
2 15 4 12 9 3 15 20
3 21 5 15 12 6 3 9
4 12 6 18 15 3 6 13
5 18 7 6 18 6 9 4
6 9 8 9 21 3 12 8
1 15 9 12 9 6 15 12
2 21 10 15 12 9 3 4
3 27 1 3 15 12 6 8
4 18 2 6 18 3 9 12
*
waitingTimeCarsGone
395
0
572
583
403
0
248
101
40
0
10
10
9
*
waitingTimeCarsLeft
0
23
0
17
13
