1
1 2 4 5 5 4 3 0
15
101
2097
19859.02
5020
327
carsInLane
1 2 4 5 5 4 3 0
2 4 4 5 10 8 6 0
1 6 8 10 5 12 9 0
2 2 12 15 10 4 12 0
3 4 16 20 15 8 3 0
4 6 5 10 20 12 6 0
1 8 9 15 10 16 9 0
2 2 13 20 15 5 12 0
3 4 17 25 20 9 3 0
4 6 6 15 25 13 6 0
1 8 10 20 15 17 9 0
2 2 14 25 20 6 12 0
3 4 18 30 25 10 3 0
4 6 7 20 30 14 6 0
1 8 11 25 20 18 9 0
2 2 15 30 25 7 12 0
3 4 19 35 30 11 3 0
4 6 8 25 35 15 6 0
1 8 12 30 25 19 9 0
2 2 16 35 30 8 12 0
3 4 20 40 35 12 3 0
4 6 9 30 40 16 6 0
1 8 13 35 30 20 9 0
2 2 17 40 35 9 12 0
3 4 21 45 40 13 3 0
4 6 10 35 45 17 6 0
1 8 14 40 35 21 9 0
2 2 18 45 40 10 12 0
3 4 22 50 45 14 3 0
4 6 11 40 50 18 6 0
1 8 15 45 40 22 9 0
2 2 19 50 45 11 12 0
3 4 23 55 50 15 3 0
4 6 12 45 55 19 6 0
1 8 16 50 45 23 9 0
2 2 20 55 50 12 12 0
3 4 24 60 55 16 3 0
4 6 13 50 60 20 6 0
1 8 17 55 50 24 9 0
2 2 21 60 55 13 12 0
3 4 25 65 60 17 3 0
4 6 14 55 65 21 6 0
1 8 18 60 55 25 9 0
2 2 22 65 60 14 12 0
3 4 26 70 65 18 3 0
4 6 15 60 70 22 6 0
1 8 19 65 60 26 9 0
2 2 23 70 65 15 12 0
3 4 27 75 70 19 3 0
4 6 16 65 75 23 6 0
1 8 20 70 65 27 9 0
2 2 24 75 70 16 12 0
3 4 28 80 75 20 3 0
4 6 17 70 80 24 6 0
1 8 21 75 70 28 9 0
2 2 25 80 75 17 12 0
3 4 29 85 80 21 3 0
4 6 18 75 85 25 6 0
1 8 22 80 75 29 9 0
2 2 26 85 80 18 12 0
3 4 30 90 85 22 3 0
4 6 19 80 90 26 6 0
1 8 23 85 80 30 9 0
2 2 27 90 85 19 12 0
3 4 31 95 90 23 3 0
4 6 20 85 95 27 6 0
1 8 24 90 85 31 9 0
2 2 28 95 90 20 12 0
3 4 32 100 95 24 3 0
4 6 21 90 100 28 6 0
1 8 25 95 90 32 9 0
2 2 29 100 95 21 12 0
3 4 33 105 100 25 3 0
4 6 22 95 105 29 6 0
1 8 26 100 95 33 9 0
2 2 30 105 100 22 12 0
3 4 34 110 105 26 3 0
4 6 23 100 110 30 6 0
1 8 27 105 100 34 9 0
2 2 31 110 105 23 12 0
3 4 35 115 110 27 3 0
4 6 24 105 115 31 6 0
1 8 28 110 105 35 9 0
2 2 32 115 110 24 12 0
3 4 36 120 115 28 3 0
4 6 25 110 120 32 6 0
1 8 29 115 110 36 9 0
2 2 33 120 115 25 12 0
3 4 37 125 120 29 3 0
4 6 26 115 125 33 6 0
1 8 30 120 115 37 9 0
2 2 34 125 120 26 12 0
3 4 38 130 125 30 3 0
4 6 27 120 130 34 6 0
1 8 31 125 120 38 9 0
2 2 35 130 125 27 12 0
3 4 39 135 130 31 3 0
4 6 28 125 135 35 6 0
1 8 32 130 125 39 9 0
2 2 36 135 130 28 12 0
3 4 40 140 135 32 3 0
*
waitingTimeCarsGone
180
0
213
249
285
0
150
150
141
0
110
78
46
0
30
30
30
0
30
30
30
0
30
30
30
0
30
30
30
0
30
30
30
0
25
15
5
*
waitingTimeCarsLeft
0
24
0
21
19
18
0
18
18
15
0
14
10
10
0
10
10
10
0
10
10
10
0
10
10
10
0
10
10
10
0
10
10
10
0
5
5
