2
1 3 1 7 2 5 3 2
15
101
1945
21859.02
12838.67
479
carsInLane
1 3 1 7 2 5 3 2
2 6 2 7 4 10 6 2
3 3 3 14 6 5 9 4
1 6 4 21 2 10 12 6
2 9 1 28 4 15 3 8
3 12 2 20 6 20 6 2
4 3 3 27 8 10 9 4
1 6 4 34 2 15 12 6
2 9 1 41 4 20 3 8
3 12 2 33 6 25 6 2
4 3 3 40 8 15 9 4
1 6 4 47 2 20 12 6
2 9 1 54 4 25 3 8
3 12 2 46 6 30 6 2
4 3 3 53 8 20 9 4
1 6 4 60 2 25 12 6
2 9 1 67 4 30 3 8
3 12 2 59 6 35 6 2
4 3 3 66 8 25 9 4
1 6 4 73 2 30 12 6
2 9 1 80 4 35 3 8
3 12 2 72 6 40 6 2
4 3 3 79 8 30 9 4
1 6 4 86 2 35 12 6
2 9 1 93 4 40 3 8
3 12 2 85 6 45 6 2
4 3 3 92 8 35 9 4
1 6 4 99 2 40 12 6
2 9 1 106 4 45 3 8
3 12 2 98 6 50 6 2
4 3 3 105 8 40 9 4
1 6 4 112 2 45 12 6
2 9 1 119 4 50 3 8
3 12 2 111 6 55 6 2
4 3 3 118 8 45 9 4
1 6 4 125 2 50 12 6
2 9 1 132 4 55 3 8
3 12 2 124 6 60 6 2
4 3 3 131 8 50 9 4
1 6 4 138 2 55 12 6
2 9 1 145 4 60 3 8
3 12 2 137 6 65 6 2
4 3 3 144 8 55 9 4
1 6 4 151 2 60 12 6
2 9 1 158 4 65 3 8
3 12 2 150 6 70 6 2
4 3 3 157 8 60 9 4
1 6 4 164 2 65 12 6
2 9 1 171 4 70 3 8
3 12 2 163 6 75 6 2
4 3 3 170 8 65 9 4
1 6 4 177 2 70 12 6
2 9 1 184 4 75 3 8
3 12 2 176 6 80 6 2
4 3 3 183 8 70 9 4
1 6 4 190 2 75 12 6
2 9 1 197 4 80 3 8
3 12 2 189 6 85 6 2
4 3 3 196 8 75 9 4
1 6 4 203 2 80 12 6
2 9 1 210 4 85 3 8
3 12 2 202 6 90 6 2
4 3 3 209 8 80 9 4
1 6 4 216 2 85 12 6
2 9 1 223 4 90 3 8
3 12 2 215 6 95 6 2
4 3 3 222 8 85 9 4
1 6 4 229 2 90 12 6
2 9 1 236 4 95 3 8
3 12 2 228 6 100 6 2
4 3 3 235 8 90 9 4
1 6 4 242 2 95 12 6
2 9 1 249 4 100 3 8
3 12 2 241 6 105 6 2
4 3 3 248 8 95 9 4
1 6 4 255 2 100 12 6
2 9 1 262 4 105 3 8
3 12 2 254 6 110 6 2
4 3 3 261 8 100 9 4
1 6 4 268 2 105 12 6
2 9 1 275 4 110 3 8
3 12 2 267 6 115 6 2
4 3 3 274 8 105 9 4
1 6 4 281 2 110 12 6
2 9 1 288 4 115 3 8
3 12 2 280 6 120 6 2
4 3 3 287 8 110 9 4
1 6 4 294 2 115 12 6
2 9 1 301 4 120 3 8
3 12 2 293 6 125 6 2
4 3 3 300 8 115 9 4
1 6 4 307 2 120 12 6
2 9 1 314 4 125 3 8
3 12 2 306 6 130 6 2
4 3 3 313 8 120 9 4
1 6 4 320 2 125 12 6
2 9 1 327 4 130 3 8
3 12 2 319 6 135 6 2
4 3 3 326 8 125 9 4
1 6 4 333 2 130 12 6
2 9 1 340 4 135 3 8
*
waitingTimeCarsGone
314
0
311
314
318
0
22
24
22
0
24
22
24
0
22
24
22
0
24
23
23
0
24
22
24
0
22
24
22
0
24
22
24
0
17
14
8
0
8
9
7
0
9
7
9
0
7
9
7
0
9
7
9
0
8
8
9
0
7
9
7
0
9
7
4
*
waitingTimeCarsLeft
0
22
0
18
15
12
0
12
12
12
0
12
12
12
0
12
12
12
0
12
12
12
0
12
12
12
0
12
12
12
0
12
12
12
0
12
12
7
0
7
7
7
0
7
7
7
0
7
7
7
0
7
7
7
0
7
7
7
0
7
7
7
0
3
