1
4 3 6 1 2 1 3 4
15
101
2119
17278.31
carsInLane
4 3 6 1 2 1 3 4
8 6 6 2 4 2 3 8
4 9 12 3 2 3 6 12
8 3 18 4 4 1 9 16
12 6 24 1 6 2 12 5
16 9 15 2 8 3 3 9
5 12 21 3 2 4 6 13
9 3 27 4 4 1 9 17
13 6 33 1 6 2 12 6
17 9 24 2 8 3 3 10
6 12 30 3 2 4 6 14
10 3 36 4 4 1 9 18
14 6 42 1 6 2 12 7
18 9 33 2 8 3 3 11
7 12 39 3 2 4 6 15
11 3 45 4 4 1 9 19
15 6 51 1 6 2 12 8
19 9 42 2 8 3 3 12
8 12 48 3 2 4 6 16
12 3 54 4 4 1 9 20
16 6 60 1 6 2 12 9
20 9 51 2 8 3 3 13
9 12 57 3 2 4 6 17
13 3 63 4 4 1 9 21
17 6 69 1 6 2 12 10
21 9 60 2 8 3 3 14
10 12 66 3 2 4 6 18
14 3 72 4 4 1 9 22
18 6 78 1 6 2 12 11
22 9 69 2 8 3 3 15
11 12 75 3 2 4 6 19
15 3 81 4 4 1 9 23
19 6 87 1 6 2 12 12
23 9 78 2 8 3 3 16
12 12 84 3 2 4 6 20
16 3 90 4 4 1 9 24
20 6 96 1 6 2 12 13
24 9 87 2 8 3 3 17
13 12 93 3 2 4 6 21
17 3 99 4 4 1 9 25
21 6 105 1 6 2 12 14
25 9 96 2 8 3 3 18
14 12 102 3 2 4 6 22
18 3 108 4 4 1 9 26
22 6 114 1 6 2 12 15
26 9 105 2 8 3 3 19
15 12 111 3 2 4 6 23
19 3 117 4 4 1 9 27
23 6 123 1 6 2 12 16
27 9 114 2 8 3 3 20
16 12 120 3 2 4 6 24
20 3 126 4 4 1 9 28
24 6 132 1 6 2 12 17
28 9 123 2 8 3 3 21
17 12 129 3 2 4 6 25
21 3 135 4 4 1 9 29
25 6 141 1 6 2 12 18
29 9 132 2 8 3 3 22
18 12 138 3 2 4 6 26
22 3 144 4 4 1 9 30
26 6 150 1 6 2 12 19
30 9 141 2 8 3 3 23
19 12 147 3 2 4 6 27
23 3 153 4 4 1 9 31
27 6 159 1 6 2 12 20
31 9 150 2 8 3 3 24
20 12 156 3 2 4 6 28
24 3 162 4 4 1 9 32
28 6 168 1 6 2 12 21
32 9 159 2 8 3 3 25
21 12 165 3 2 4 6 29
25 3 171 4 4 1 9 33
29 6 177 1 6 2 12 22
33 9 168 2 8 3 3 26
22 12 174 3 2 4 6 30
26 3 180 4 4 1 9 34
30 6 186 1 6 2 12 23
34 9 177 2 8 3 3 27
23 12 183 3 2 4 6 31
27 3 189 4 4 1 9 35
31 6 195 1 6 2 12 24
35 9 186 2 8 3 3 28
24 12 192 3 2 4 6 32
28 3 198 4 4 1 9 36
32 6 204 1 6 2 12 25
36 9 195 2 8 3 3 29
25 12 201 3 2 4 6 33
29 3 207 4 4 1 9 37
33 6 213 1 6 2 12 26
37 9 204 2 8 3 3 30
26 12 210 3 2 4 6 34
30 3 216 4 4 1 9 38
34 6 222 1 6 2 12 27
38 9 213 2 8 3 3 31
27 12 219 3 2 4 6 35
31 3 225 4 4 1 9 39
35 6 231 1 6 2 12 28
39 9 222 2 8 3 3 32
28 12 228 3 2 4 6 36
32 3 234 4 4 1 9 40
36 6 240 1 6 2 12 29
*
waitingTimeCarsGone
275
0
301
330
364
0
129
129
123
0
89
57
28
0
9
9
12
0
9
9
12
0
9
9
12
0
9
9
12
0
9
9
12
0
9
9
12
0
9
9
12
0
9
9
12
0
9
9
12
0
9
9
6
*
waitingTimeCarsLeft
0
21
0
20
16
14
0
14
14
14
0
11
10
6
0
6
6
6
0
6
6
6
0
6
6
6
0
6
6
6
0
6
6
6
0
6
6
6
0
6
6
6
0
6
6
6
0
6
6
6
0
3
