3
3 3 3 2 2 2 5 4
15
101
2241
12504.32
2526.666
183
carsInLane
3 3 3 2 2 2 5 4
6 6 6 4 4 4 5 4
3 3 9 6 6 6 10 8
6 6 3 8 8 8 5 12
9 9 6 10 2 2 10 16
12 12 9 2 4 4 15 5
3 3 12 4 6 6 20 9
6 6 3 6 8 8 10 13
9 9 6 8 2 2 15 17
12 12 9 2 4 4 20 6
3 3 12 4 6 6 25 10
6 6 3 6 8 8 15 14
9 9 6 8 2 2 20 18
12 12 9 2 4 4 25 7
3 3 12 4 6 6 30 11
6 6 3 6 8 8 20 15
9 9 6 8 2 2 25 19
12 12 9 2 4 4 30 8
3 3 12 4 6 6 35 12
6 6 3 6 8 8 25 16
9 9 6 8 2 2 30 20
12 12 9 2 4 4 35 9
3 3 12 4 6 6 40 13
6 6 3 6 8 8 30 17
9 9 6 8 2 2 35 21
12 12 9 2 4 4 40 10
3 3 12 4 6 6 45 14
6 6 3 6 8 8 35 18
9 9 6 8 2 2 40 22
12 12 9 2 4 4 45 11
3 3 12 4 6 6 50 15
6 6 3 6 8 8 40 19
9 9 6 8 2 2 45 23
12 12 9 2 4 4 50 12
3 3 12 4 6 6 55 16
6 6 3 6 8 8 45 20
9 9 6 8 2 2 50 24
12 12 9 2 4 4 55 13
3 3 12 4 6 6 60 17
6 6 3 6 8 8 50 21
9 9 6 8 2 2 55 25
12 12 9 2 4 4 60 14
3 3 12 4 6 6 65 18
6 6 3 6 8 8 55 22
9 9 6 8 2 2 60 26
12 12 9 2 4 4 65 15
3 3 12 4 6 6 70 19
6 6 3 6 8 8 60 23
9 9 6 8 2 2 65 27
12 12 9 2 4 4 70 16
3 3 12 4 6 6 75 20
6 6 3 6 8 8 65 24
9 9 6 8 2 2 70 28
12 12 9 2 4 4 75 17
3 3 12 4 6 6 80 21
6 6 3 6 8 8 70 25
9 9 6 8 2 2 75 29
12 12 9 2 4 4 80 18
3 3 12 4 6 6 85 22
6 6 3 6 8 8 75 26
9 9 6 8 2 2 80 30
12 12 9 2 4 4 85 19
3 3 12 4 6 6 90 23
6 6 3 6 8 8 80 27
9 9 6 8 2 2 85 31
12 12 9 2 4 4 90 20
3 3 12 4 6 6 95 24
6 6 3 6 8 8 85 28
9 9 6 8 2 2 90 32
12 12 9 2 4 4 95 21
3 3 12 4 6 6 100 25
6 6 3 6 8 8 90 29
9 9 6 8 2 2 95 33
12 12 9 2 4 4 100 22
3 3 12 4 6 6 105 26
6 6 3 6 8 8 95 30
9 9 6 8 2 2 100 34
12 12 9 2 4 4 105 23
3 3 12 4 6 6 110 27
6 6 3 6 8 8 100 31
9 9 6 8 2 2 105 35
12 12 9 2 4 4 110 24
3 3 12 4 6 6 115 28
6 6 3 6 8 8 105 32
9 9 6 8 2 2 110 36
12 12 9 2 4 4 115 25
3 3 12 4 6 6 120 29
6 6 3 6 8 8 110 33
9 9 6 8 2 2 115 37
12 12 9 2 4 4 120 26
3 3 12 4 6 6 125 30
6 6 3 6 8 8 115 34
9 9 6 8 2 2 120 38
12 12 9 2 4 4 125 27
3 3 12 4 6 6 130 31
6 6 3 6 8 8 120 35
9 9 6 8 2 2 125 39
12 12 9 2 4 4 130 28
3 3 12 4 6 6 135 32
6 6 3 6 8 8 125 36
9 9 6 8 2 2 130 40
*
waitingTimeCarsGone
395
0
407
417
435
0
77
75
72
0
57
41
25
0
15
15
15
0
15
15
15
0
15
15
15
0
15
15
15
0
15
15
15
0
10
5
*
waitingTimeCarsLeft
0
22
0
18
15
9
0
9
9
6
0
5
5
5
0
5
5
5
0
5
5
5
0
5
5
5
0
5
5
5
0
5
5
5
0
5
