7
3 4 4 4 4 2 0 3
15
101
2372
7221.334
140
52
8.333333
carsInLane
3 4 4 4 4 2 0 3
6 8 4 4 8 4 0 6
3 12 8 8 4 6 0 9
6 4 12 12 8 2 0 12
9 8 16 4 12 4 0 3
3 12 20 8 4 6 0 6
6 16 9 4 8 8 0 9
9 5 13 8 12 2 0 12
12 9 17 12 16 4 0 3
15 13 6 4 20 6 0 6
3 17 10 8 9 8 0 9
6 6 14 12 13 2 0 12
9 10 4 4 17 4 0 15
3 14 8 8 6 6 0 18
6 18 12 4 10 8 0 6
9 7 16 8 14 2 0 9
12 11 5 12 18 4 0 12
3 15 9 16 7 6 0 15
6 19 13 5 11 8 0 3
9 8 17 9 15 2 0 6
12 12 6 4 19 4 0 9
3 16 10 8 8 6 0 12
6 5 14 12 12 2 0 15
9 9 18 4 16 4 0 3
12 13 7 8 20 6 0 6
3 17 11 12 9 8 0 9
6 6 15 16 13 2 0 12
9 10 4 5 17 4 0 15
3 14 8 9 6 6 0 18
6 18 12 4 10 8 0 6
9 7 16 8 14 2 0 9
12 11 5 4 18 4 0 12
15 15 9 8 22 6 0 3
3 19 13 12 11 8 0 6
6 8 17 16 15 2 0 9
9 12 6 5 19 4 0 12
3 16 10 9 8 6 0 15
6 20 14 4 12 8 0 3
9 9 18 8 16 2 0 6
12 13 7 4 20 4 0 9
15 17 11 8 24 6 0 3
3 21 15 12 13 8 0 6
6 10 19 16 17 2 0 9
9 14 8 5 21 4 0 12
3 18 12 9 10 6 0 15
6 7 16 13 14 2 0 18
9 11 20 4 18 4 0 6
3 15 24 8 7 6 0 9
6 19 13 12 11 8 0 12
9 8 17 16 15 2 0 15
12 12 6 5 19 4 0 18
3 16 10 9 8 6 0 21
6 20 14 4 12 8 0 9
9 9 18 8 16 2 0 12
12 13 7 4 20 4 0 15
3 17 11 8 9 6 0 18
6 21 15 12 13 8 0 6
9 10 19 16 17 2 0 9
12 14 8 5 21 4 0 12
3 18 12 9 10 6 0 15
6 7 16 13 14 2 0 18
9 11 20 4 18 4 0 6
3 15 24 8 7 6 0 9
6 19 13 4 11 8 0 12
9 23 17 8 15 10 0 3
12 12 21 12 19 2 0 6
15 16 10 4 23 4 0 9
3 20 14 8 12 6 0 12
6 9 18 12 16 2 0 15
9 13 7 4 20 4 0 18
3 17 11 8 9 6 0 21
6 21 15 4 13 8 0 9
9 25 4 8 17 10 0 12
12 14 8 12 21 2 0 15
3 18 12 16 10 4 0 18
6 22 16 5 14 6 0 6
9 11 20 9 18 2 0 9
12 15 9 4 22 4 0 12
3 19 13 8 11 6 0 15
6 8 17 12 15 2 0 18
9 12 21 16 19 4 0 6
12 16 10 5 23 6 0 9
3 20 14 9 12 8 0 12
6 9 18 13 16 2 0 15
9 13 7 4 20 4 0 18
3 17 11 8 9 6 0 21
6 21 15 4 13 8 0 9
9 10 19 8 17 2 0 12
12 14 8 12 21 4 0 15
3 18 12 16 10 6 0 18
6 22 16 5 14 8 0 6
9 11 20 9 18 2 0 9
12 15 9 4 22 4 0 12
3 19 13 8 11 6 0 15
6 8 17 12 15 2 0 18
9 12 21 4 19 4 0 6
12 16 10 8 23 6 0 9
3 20 14 12 12 8 0 12
6 9 18 16 16 2 0 15
9 13 7 5 20 4 0 18
3 17 11 9 9 6 0 21
*
waitingTimeCarsGone
360
0
559
587
487
0
279
87
13
*
waitingTimeCarsLeft
0
20
0
17
10
4
0
1
