8
3 4 3 4 0 1 4 5
15
101
2387
5311.668
80.00002
37
11
carsInLane
3 4 3 4 0 1 4 5
6 8 6 4 0 2 8 5
9 12 3 8 0 3 4 10
3 4 6 12 0 4 8 15
6 8 9 4 0 5 12 5
9 12 3 8 0 6 4 10
3 4 6 12 0 7 8 15
6 8 9 4 0 8 12 5
9 12 3 8 0 9 4 10
12 16 6 12 0 1 8 15
3 5 9 16 0 2 12 20
6 9 12 5 0 3 16 10
9 13 3 9 0 4 5 15
12 17 6 4 0 5 9 5
3 6 9 8 0 6 13 10
6 10 12 12 0 7 4 5
9 14 3 4 0 8 8 10
3 4 6 8 0 9 12 15
6 8 9 12 0 1 16 20
9 12 12 16 0 2 5 10
12 16 3 5 0 3 9 15
3 5 6 9 0 4 13 20
6 9 9 13 0 5 4 10
9 13 12 4 0 6 8 5
3 4 15 8 0 7 12 10
6 8 3 12 0 8 4 15
9 12 6 4 0 9 8 5
12 16 9 8 0 1 12 10
3 5 12 12 0 2 16 15
6 9 15 16 0 3 5 5
9 13 3 5 0 4 9 10
3 4 6 9 0 5 13 15
6 8 9 13 0 6 4 5
9 12 3 4 0 7 8 10
3 4 6 8 0 8 12 15
6 8 9 12 0 9 4 5
9 12 12 16 0 1 8 10
12 16 3 5 0 2 12 15
3 5 6 9 0 3 16 20
6 9 9 13 0 4 5 10
9 13 12 4 0 5 9 5
3 4 15 8 0 6 13 10
6 8 3 12 0 7 4 15
9 12 6 4 0 8 8 5
3 4 9 8 0 9 12 10
6 8 12 12 0 1 16 15
9 12 15 16 0 2 5 5
12 16 3 5 0 3 9 10
3 5 6 9 0 4 13 15
6 9 9 13 0 5 4 5
9 13 3 4 0 6 8 10
3 4 6 8 0 7 12 15
6 8 9 12 0 8 4 5
9 12 3 4 0 9 8 10
12 16 6 8 0 1 12 15
3 5 9 12 0 2 16 20
6 9 12 16 0 3 5 10
9 13 3 5 0 4 9 15
12 17 6 9 0 5 4 5
3 6 9 13 0 6 8 10
6 10 12 4 0 7 12 5
9 14 3 8 0 8 4 10
3 4 6 12 0 9 8 15
6 8 9 16 0 1 12 20
9 12 12 5 0 2 16 10
12 16 3 9 0 3 5 15
3 5 6 13 0 4 9 20
6 9 9 4 0 5 13 10
9 13 12 8 0 6 4 5
3 4 15 12 0 7 8 10
6 8 3 4 0 8 12 15
9 12 6 8 0 9 4 5
12 16 9 12 0 1 8 10
3 5 12 16 0 2 12 15
6 9 15 5 0 3 16 5
9 13 3 9 0 4 5 10
3 4 6 13 0 5 9 15
6 8 9 4 0 6 13 5
9 12 3 8 0 7 4 10
3 4 6 12 0 8 8 15
6 8 9 4 0 9 12 5
9 12 12 8 0 1 16 10
12 16 3 12 0 2 5 15
3 5 6 16 0 3 9 20
6 9 9 5 0 4 13 10
9 13 12 9 0 5 4 5
3 4 15 13 0 6 8 10
6 8 3 4 0 7 12 15
9 12 6 8 0 8 4 5
3 4 9 12 0 9 8 10
6 8 12 16 0 1 12 15
9 12 15 5 0 2 16 5
12 16 3 9 0 3 5 10
3 5 6 13 0 4 9 15
6 9 9 4 0 5 13 5
9 13 3 8 0 6 4 10
3 4 6 12 0 7 8 15
6 8 9 4 0 8 12 5
9 12 3 8 0 9 4 10
12 16 6 12 0 1 8 15
3 5 9 16 0 2 12 20
*
waitingTimeCarsGone
632
0
704
661
309
0
37
11
11
0
11
11
*
waitingTimeCarsLeft
0
21
0
9
7
