8
2 3 4 6 0 3 1 5
15
101
2379
5893.001
120
45
11
-185.7296
carsInLane
2 3 4 6 0 3 1 5
4 6 8 6 0 6 2 5
6 9 4 6 0 9 3 10
8 3 8 12 0 3 4 15
10 6 12 6 0 6 5 5
12 9 4 6 0 9 6 10
2 3 8 12 0 12 7 15
4 6 12 6 0 15 8 5
6 3 16 12 0 3 9 10
8 6 5 18 0 6 1 15
2 9 9 24 0 9 2 20
4 12 13 15 0 12 3 10
6 15 4 6 0 15 4 15
8 3 8 12 0 3 5 20
10 6 12 6 0 6 6 10
12 9 4 12 0 9 1 15
14 12 8 6 0 12 2 5
2 3 12 12 0 15 3 10
4 6 4 6 0 18 4 15
6 9 8 12 0 6 5 20
8 12 12 6 0 9 6 10
10 3 16 12 0 3 7 15
12 6 5 6 0 6 8 20
14 9 9 12 0 9 1 10
2 3 13 18 0 12 2 15
4 6 17 9 0 15 3 5
6 9 6 6 0 18 4 10
8 3 10 12 0 6 5 15
2 6 14 18 0 9 6 20
4 9 18 9 0 12 7 10
6 12 7 6 0 15 8 15
8 3 11 12 0 3 9 20
10 6 15 18 0 6 1 10
12 9 4 9 0 9 2 15
14 12 8 6 0 12 3 5
2 3 12 12 0 15 4 10
4 6 4 6 0 18 5 15
6 9 8 12 0 6 6 20
8 12 12 6 0 9 7 10
10 3 16 12 0 3 8 15
12 6 5 6 0 6 9 20
14 9 9 12 0 9 1 10
2 3 13 18 0 12 2 15
4 6 17 9 0 15 3 5
6 9 6 6 0 18 4 10
8 3 10 12 0 6 5 15
2 6 14 18 0 9 6 20
4 9 18 9 0 12 7 10
6 12 7 6 0 15 8 15
8 3 11 12 0 3 9 20
10 6 15 18 0 6 1 10
12 9 4 9 0 9 2 15
14 12 8 6 0 12 3 5
2 3 12 12 0 15 4 10
4 6 4 6 0 18 5 15
6 9 8 12 0 6 6 20
8 12 12 6 0 9 7 10
10 3 16 12 0 3 8 15
12 6 5 6 0 6 9 20
14 9 9 12 0 9 1 10
2 3 13 18 0 12 2 15
4 6 17 9 0 15 3 5
6 9 6 6 0 18 4 10
8 3 10 12 0 6 5 15
2 6 14 18 0 9 6 20
4 9 18 9 0 12 7 10
6 12 7 6 0 15 8 15
8 3 11 12 0 3 9 20
10 6 15 18 0 6 1 10
12 9 4 9 0 9 2 15
14 12 8 6 0 12 3 5
2 3 12 12 0 15 4 10
4 6 4 6 0 18 5 15
6 9 8 12 0 6 6 20
8 12 12 6 0 9 7 10
10 3 16 12 0 3 8 15
12 6 5 6 0 6 9 20
14 9 9 12 0 9 1 10
2 3 13 18 0 12 2 15
4 6 17 9 0 15 3 5
6 9 6 6 0 18 4 10
8 3 10 12 0 6 5 15
2 6 14 18 0 9 6 20
4 9 18 9 0 12 7 10
6 12 7 6 0 15 8 15
8 3 11 12 0 3 9 20
10 6 15 18 0 6 1 10
12 9 4 9 0 9 2 15
14 12 8 6 0 12 3 5
2 3 12 12 0 15 4 10
4 6 4 6 0 18 5 15
6 9 8 12 0 6 6 20
8 12 12 6 0 9 7 10
10 3 16 12 0 3 8 15
12 6 5 6 0 6 9 20
14 9 9 12 0 9 1 10
2 3 13 18 0 12 2 15
4 6 17 9 0 15 3 5
6 9 6 6 0 18 4 10
8 3 10 12 0 6 5 15
2 6 14 18 0 9 6 20
*
waitingTimeCarsGone
572
0
718
558
322
0
97
63
30
0
10
9
*
waitingTimeCarsLeft
0
21
0
11
8
3
0
1
1
