100
4 5 0 4 0 3 5 3
15
101
2282
11134
carsInLane
4 5 0 4 0 3 5 3
4 5 0 8 0 6 10 6
8 10 0 12 0 9 5 3
12 5 0 16 0 3 10 6
16 10 0 5 0 6 15 3
5 5 0 9 0 9 20 6
9 10 0 13 0 12 10 3
13 5 0 17 0 3 15 6
17 10 0 6 0 6 20 3
6 5 0 10 0 9 25 6
10 10 0 14 0 12 15 3
14 5 0 18 0 3 20 6
18 10 0 22 0 6 10 3
7 5 0 26 0 9 15 6
11 10 0 15 0 12 20 3
15 15 0 19 0 15 10 3
19 5 0 23 0 3 15 6
23 10 0 12 0 6 20 3
12 5 0 16 0 9 25 6
16 10 0 20 0 12 15 3
5 5 0 24 0 15 20 6
9 10 0 13 0 18 25 3
13 5 0 17 0 6 30 6
17 10 0 21 0 9 20 3
6 5 0 25 0 12 25 6
10 10 0 14 0 15 30 3
14 15 0 18 0 18 20 3
18 5 0 22 0 6 25 6
22 10 0 26 0 9 15 3
11 5 0 30 0 12 20 6
15 10 0 19 0 15 25 3
19 15 0 23 0 18 15 3
8 5 0 27 0 21 20 6
12 10 0 16 0 24 25 3
16 5 0 20 0 12 30 6
20 10 0 24 0 15 20 3
9 5 0 28 0 18 25 6
13 10 0 17 0 21 30 3
17 15 0 21 0 24 20 3
21 5 0 25 0 12 25 6
25 10 0 14 0 15 30 3
14 5 0 18 0 18 35 6
18 10 0 22 0 21 25 3
22 5 0 26 0 9 30 6
26 10 0 30 0 12 20 3
15 5 0 34 0 15 25 6
19 10 0 23 0 18 30 3
23 15 0 27 0 21 20 3
12 5 0 31 0 24 25 6
16 10 0 20 0 27 30 3
20 5 0 24 0 15 35 6
24 10 0 28 0 18 25 3
13 5 0 32 0 21 30 6
17 10 0 21 0 24 35 3
21 15 0 25 0 27 25 3
25 5 0 29 0 15 30 6
29 10 0 33 0 18 20 3
18 5 0 37 0 21 25 6
22 10 0 26 0 24 30 3
26 5 0 30 0 12 35 6
30 10 0 34 0 15 25 3
19 5 0 38 0 18 30 6
23 10 0 27 0 21 35 3
27 15 0 31 0 24 25 3
16 5 0 35 0 27 30 6
20 10 0 24 0 30 35 3
24 5 0 28 0 18 40 6
28 10 0 32 0 21 30 3
17 5 0 36 0 24 35 6
21 10 0 25 0 27 40 3
25 15 0 29 0 30 30 3
29 5 0 33 0 18 35 6
33 10 0 37 0 21 25 3
22 5 0 41 0 24 30 6
26 10 0 30 0 27 35 3
30 15 0 34 0 30 25 3
34 5 0 38 0 18 30 6
38 10 0 27 0 21 35 3
27 5 0 31 0 24 40 6
31 10 0 35 0 27 30 3
20 5 0 39 0 30 35 6
24 10 0 28 0 33 40 3
28 5 0 32 0 21 45 6
32 10 0 36 0 24 35 3
21 5 0 40 0 27 40 6
25 10 0 29 0 30 45 3
29 15 0 33 0 33 35 3
33 5 0 37 0 21 40 6
37 10 0 41 0 24 30 3
26 5 0 45 0 27 35 6
30 10 0 34 0 30 40 3
34 15 0 38 0 33 30 3
23 5 0 42 0 36 35 6
27 10 0 31 0 39 40 3
31 5 0 35 0 27 45 6
35 10 0 39 0 30 35 3
24 5 0 43 0 33 40 6
28 10 0 32 0 36 45 3
32 15 0 36 0 39 35 3
36 5 0 40 0 27 40 6
40 10 0 29 0 30 45 3
*
waitingTimeCarsGone
425
0
421
182
195
0
219
241
222
0
168
114
60
0
22
7
6
*
waitingTimeCarsLeft
0
24
0
21
16
16
0
16
16
13
0
9
8
3
