1
5 3 0 2 5 3 3 3
15
101
2145
17462.97
4400
279
carsInLane
5 3 0 2 5 3 3 3
5 6 0 4 5 6 6 6
10 3 0 6 10 3 9 9
15 6 0 8 15 6 3 12
20 9 0 2 20 9 6 3
10 12 0 4 10 12 9 6
15 3 0 6 15 3 12 9
20 6 0 8 20 6 3 12
25 9 0 2 25 9 6 3
15 12 0 4 15 12 9 6
20 3 0 6 20 3 12 9
25 6 0 8 25 6 3 12
30 9 0 2 30 9 6 3
20 12 0 4 20 12 9 6
25 3 0 6 25 3 12 9
30 6 0 8 30 6 3 12
35 9 0 2 35 9 6 3
25 12 0 4 25 12 9 6
30 3 0 6 30 3 12 9
35 6 0 8 35 6 3 12
40 9 0 2 40 9 6 3
30 12 0 4 30 12 9 6
35 3 0 6 35 3 12 9
40 6 0 8 40 6 3 12
45 9 0 2 45 9 6 3
35 12 0 4 35 12 9 6
40 3 0 6 40 3 12 9
45 6 0 8 45 6 3 12
50 9 0 2 50 9 6 3
40 12 0 4 40 12 9 6
45 3 0 6 45 3 12 9
50 6 0 8 50 6 3 12
55 9 0 2 55 9 6 3
45 12 0 4 45 12 9 6
50 3 0 6 50 3 12 9
55 6 0 8 55 6 3 12
60 9 0 2 60 9 6 3
50 12 0 4 50 12 9 6
55 3 0 6 55 3 12 9
60 6 0 8 60 6 3 12
65 9 0 2 65 9 6 3
55 12 0 4 55 12 9 6
60 3 0 6 60 3 12 9
65 6 0 8 65 6 3 12
70 9 0 2 70 9 6 3
60 12 0 4 60 12 9 6
65 3 0 6 65 3 12 9
70 6 0 8 70 6 3 12
75 9 0 2 75 9 6 3
65 12 0 4 65 12 9 6
70 3 0 6 70 3 12 9
75 6 0 8 75 6 3 12
80 9 0 2 80 9 6 3
70 12 0 4 70 12 9 6
75 3 0 6 75 3 12 9
80 6 0 8 80 6 3 12
85 9 0 2 85 9 6 3
75 12 0 4 75 12 9 6
80 3 0 6 80 3 12 9
85 6 0 8 85 6 3 12
90 9 0 2 90 9 6 3
80 12 0 4 80 12 9 6
85 3 0 6 85 3 12 9
90 6 0 8 90 6 3 12
95 9 0 2 95 9 6 3
85 12 0 4 85 12 9 6
90 3 0 6 90 3 12 9
95 6 0 8 95 6 3 12
100 9 0 2 100 9 6 3
90 12 0 4 90 12 9 6
95 3 0 6 95 3 12 9
100 6 0 8 100 6 3 12
105 9 0 2 105 9 6 3
95 12 0 4 95 12 9 6
100 3 0 6 100 3 12 9
105 6 0 8 105 6 3 12
110 9 0 2 110 9 6 3
100 12 0 4 100 12 9 6
105 3 0 6 105 3 12 9
110 6 0 8 110 6 3 12
115 9 0 2 115 9 6 3
105 12 0 4 105 12 9 6
110 3 0 6 110 3 12 9
115 6 0 8 115 6 3 12
120 9 0 2 120 9 6 3
110 12 0 4 110 12 9 6
115 3 0 6 115 3 12 9
120 6 0 8 120 6 3 12
125 9 0 2 125 9 6 3
115 12 0 4 115 12 9 6
120 3 0 6 120 3 12 9
125 6 0 8 125 6 3 12
130 9 0 2 130 9 6 3
120 12 0 4 120 12 9 6
125 3 0 6 125 3 12 9
130 6 0 8 130 6 3 12
135 9 0 2 135 9 6 3
125 12 0 4 125 12 9 6
130 3 0 6 130 3 12 9
135 6 0 8 135 6 3 12
140 9 0 2 140 9 6 3
*
waitingTimeCarsGone
360
0
360
364
371
0
30
30
30
0
30
30
30
0
30
30
30
0
30
30
30
0
30
30
30
0
30
30
30
0
30
30
30
0
30
20
10
*
waitingTimeCarsLeft
0
24
0
19
16
10
0
10
10
10
0
10
10
10
0
10
10
10
0
10
10
10
0
10
10
10
0
10
10
10
0
10
10
10
