2
4 5 6 2 0 2 3 2
15
101
2018
21232.68
carsInLane
4 5 6 2 0 2 3 2
8 10 6 4 0 4 3 4
4 5 12 6 0 6 6 6
8 10 18 2 0 8 9 2
12 15 24 4 0 2 12 4
16 20 15 6 0 4 3 6
5 10 21 8 0 6 6 8
9 15 27 2 0 8 9 2
13 20 33 4 0 2 12 4
17 25 24 6 0 4 3 6
6 15 30 8 0 6 6 8
10 20 36 2 0 8 9 2
14 25 42 4 0 2 12 4
18 30 33 6 0 4 3 6
7 20 39 8 0 6 6 8
11 25 45 2 0 8 9 2
15 30 51 4 0 2 12 4
19 35 42 6 0 4 3 6
8 25 48 8 0 6 6 8
12 30 54 2 0 8 9 2
16 35 60 4 0 2 12 4
20 40 51 6 0 4 3 6
9 30 57 8 0 6 6 8
13 35 63 2 0 8 9 2
17 40 69 4 0 2 12 4
21 45 60 6 0 4 3 6
10 35 66 8 0 6 6 8
14 40 72 2 0 8 9 2
18 45 78 4 0 2 12 4
22 50 69 6 0 4 3 6
11 40 75 8 0 6 6 8
15 45 81 2 0 8 9 2
19 50 87 4 0 2 12 4
23 55 78 6 0 4 3 6
12 45 84 8 0 6 6 8
16 50 90 2 0 8 9 2
20 55 96 4 0 2 12 4
24 60 87 6 0 4 3 6
13 50 93 8 0 6 6 8
17 55 99 2 0 8 9 2
21 60 105 4 0 2 12 4
25 65 96 6 0 4 3 6
14 55 102 8 0 6 6 8
18 60 108 2 0 8 9 2
22 65 114 4 0 2 12 4
26 70 105 6 0 4 3 6
15 60 111 8 0 6 6 8
19 65 117 2 0 8 9 2
23 70 123 4 0 2 12 4
27 75 114 6 0 4 3 6
16 65 120 8 0 6 6 8
20 70 126 2 0 8 9 2
24 75 132 4 0 2 12 4
28 80 123 6 0 4 3 6
17 70 129 8 0 6 6 8
21 75 135 2 0 8 9 2
25 80 141 4 0 2 12 4
29 85 132 6 0 4 3 6
18 75 138 8 0 6 6 8
22 80 144 2 0 8 9 2
26 85 150 4 0 2 12 4
30 90 141 6 0 4 3 6
19 80 147 8 0 6 6 8
23 85 153 2 0 8 9 2
27 90 159 4 0 2 12 4
31 95 150 6 0 4 3 6
20 85 156 8 0 6 6 8
24 90 162 2 0 8 9 2
28 95 168 4 0 2 12 4
32 100 159 6 0 4 3 6
21 90 165 8 0 6 6 8
25 95 171 2 0 8 9 2
29 100 177 4 0 2 12 4
33 105 168 6 0 4 3 6
22 95 174 8 0 6 6 8
26 100 180 2 0 8 9 2
30 105 186 4 0 2 12 4
34 110 177 6 0 4 3 6
23 100 183 8 0 6 6 8
27 105 189 2 0 8 9 2
31 110 195 4 0 2 12 4
35 115 186 6 0 4 3 6
24 105 192 8 0 6 6 8
28 110 198 2 0 8 9 2
32 115 204 4 0 2 12 4
36 120 195 6 0 4 3 6
25 110 201 8 0 6 6 8
29 115 207 2 0 8 9 2
33 120 213 4 0 2 12 4
37 125 204 6 0 4 3 6
26 115 210 8 0 6 6 8
30 120 216 2 0 8 9 2
34 125 222 4 0 2 12 4
38 130 213 6 0 4 3 6
27 120 219 8 0 6 6 8
31 125 225 2 0 8 9 2
35 130 231 4 0 2 12 4
39 135 222 6 0 4 3 6
28 125 228 8 0 6 6 8
32 130 234 2 0 8 9 2
36 135 240 4 0 2 12 4
*
waitingTimeCarsGone
249
0
264
279
302
0
84
84
81
0
62
46
33
0
24
24
27
0
24
24
27
0
24
24
27
0
24
24
27
0
24
24
27
0
19
14
12
0
9
9
12
0
9
9
12
0
9
9
12
0
9
9
6
*
waitingTimeCarsLeft
0
21
0
19
15
15
0
15
15
15
0
15
15
11
0
11
11
11
0
11
11
11
0
11
11
11
0
11
11
11
0
11
11
11
0
11
11
6
0
6
6
6
0
6
6
6
0
6
6
6
0
3
