100
1 3 1 7 2 5 3 2
15
101
2285
11801.67
1084
139
carsInLane
1 3 1 7 2 5 3 2
2 6 2 7 4 10 6 2
3 3 3 14 6 5 9 4
4 6 4 7 8 10 12 2
5 9 5 14 2 5 15 4
6 12 1 21 4 10 3 6
7 15 2 13 6 15 6 2
8 3 3 20 8 5 9 4
9 6 4 12 10 10 12 2
10 9 5 19 2 5 15 4
11 12 1 11 4 10 18 6
12 15 2 18 6 15 6 2
13 3 3 25 8 5 9 4
14 6 4 17 10 10 12 2
1 9 5 24 2 15 15 4
2 12 1 16 4 20 18 6
3 3 2 23 6 10 21 8
4 6 3 15 8 15 24 2
5 9 1 22 10 20 12 4
6 12 2 29 2 10 15 6
7 15 3 21 4 15 18 2
8 3 4 28 6 5 21 4
9 6 5 20 8 10 24 2
10 9 1 27 10 15 12 4
11 12 2 19 12 20 15 2
12 3 3 26 14 10 18 4
13 6 4 18 16 15 21 2
14 9 5 25 3 5 24 4
15 12 1 17 5 10 27 6
16 15 2 24 7 15 15 2
2 3 3 31 9 20 18 4
3 6 4 23 11 25 21 2
4 9 5 30 2 15 24 4
5 12 1 22 4 20 27 6
6 15 2 29 6 25 15 2
7 3 3 36 8 15 18 4
8 6 4 28 10 20 21 2
9 9 1 20 12 25 24 4
10 12 2 27 2 15 27 6
11 15 3 19 4 20 30 2
12 3 4 26 6 10 33 4
13 6 1 33 8 15 21 6
14 9 2 25 10 20 24 2
15 12 3 32 2 10 27 4
16 15 4 24 4 15 30 2
17 18 1 31 6 20 18 4
18 6 2 38 8 10 21 6
19 9 3 30 10 15 24 2
20 12 1 22 12 20 27 4
6 15 2 29 2 25 30 6
7 3 3 36 4 15 33 8
8 6 4 28 6 20 36 2
9 9 1 35 8 25 24 4
10 12 2 27 10 30 27 2
11 3 3 34 12 20 30 4
12 6 4 26 14 25 33 2
13 9 5 33 2 15 36 4
14 12 1 40 4 20 24 6
15 15 2 32 6 25 27 2
16 3 3 39 8 15 30 4
17 6 4 31 10 20 33 2
18 9 1 38 12 25 21 4
19 12 2 30 14 30 24 2
20 15 3 37 2 20 27 4
21 18 4 29 4 25 30 2
22 6 5 36 6 15 33 4
23 9 1 28 8 20 36 6
24 12 2 35 10 25 24 2
25 3 3 42 12 15 27 4
26 6 4 34 14 20 30 2
12 9 5 41 2 25 33 4
13 12 1 33 4 30 36 6
14 3 2 40 6 20 39 8
15 6 3 32 8 25 42 2
16 9 1 39 10 30 30 4
17 12 2 31 12 35 33 2
18 3 3 38 14 25 36 4
19 6 4 30 16 30 39 2
20 9 5 37 3 20 42 4
21 12 1 44 5 25 30 6
22 15 2 36 7 30 33 2
23 3 3 43 9 20 36 4
24 6 4 35 11 25 39 2
25 9 1 42 13 30 27 4
26 12 2 34 15 35 30 2
27 15 3 41 2 25 33 4
28 18 4 33 4 30 36 2
29 6 5 40 6 20 39 4
30 9 1 32 8 25 42 6
31 12 2 39 10 30 30 2
17 3 3 46 12 35 33 4
18 6 4 38 14 40 36 2
19 9 5 45 2 30 39 4
20 12 1 37 4 35 42 6
21 15 2 44 6 40 30 2
22 3 3 51 8 30 33 4
23 6 4 43 10 35 36 2
24 9 1 35 12 40 39 4
25 12 2 42 2 30 42 6
26 15 3 34 4 35 45 2
27 3 4 41 6 25 48 4
*
waitingTimeCarsGone
249
0
328
365
401
0
367
222
86
0
55
30
36
0
33
31
22
0
19
6
6
0
3
3
3
0
3
2
2
0
2
2
2
0
2
1
1
0
1
1
1
*
waitingTimeCarsLeft
0
23
0
20
18
16
0
16
10
4
0
4
4
4
0
4
1
1
0
1
1
1
0
1
1
1
0
1
1
1
0
1
1
1
0
1
1
