3
5 3 0 2 5 3 3 3
15
101
2143
16474.32
4732.002
281
carsInLane
5 3 0 2 5 3 3 3
5 6 0 4 5 6 6 6
10 3 0 6 10 3 9 9
5 6 0 8 5 6 12 12
10 9 0 10 10 9 3 15
15 12 0 2 15 12 6 3
20 3 0 4 20 3 9 6
10 6 0 6 10 6 12 9
15 9 0 8 15 9 3 12
20 12 0 2 20 12 6 3
25 3 0 4 25 3 9 6
15 6 0 6 15 6 12 9
20 9 0 8 20 9 3 12
25 12 0 2 25 12 6 3
30 3 0 4 30 3 9 6
20 6 0 6 20 6 12 9
25 9 0 8 25 9 3 12
30 12 0 2 30 12 6 3
35 3 0 4 35 3 9 6
25 6 0 6 25 6 12 9
30 9 0 8 30 9 3 12
35 12 0 2 35 12 6 3
40 3 0 4 40 3 9 6
30 6 0 6 30 6 12 9
35 9 0 8 35 9 3 12
40 12 0 2 40 12 6 3
45 3 0 4 45 3 9 6
35 6 0 6 35 6 12 9
40 9 0 8 40 9 3 12
45 12 0 2 45 12 6 3
50 3 0 4 50 3 9 6
40 6 0 6 40 6 12 9
45 9 0 8 45 9 3 12
50 12 0 2 50 12 6 3
55 3 0 4 55 3 9 6
45 6 0 6 45 6 12 9
50 9 0 8 50 9 3 12
55 12 0 2 55 12 6 3
60 3 0 4 60 3 9 6
50 6 0 6 50 6 12 9
55 9 0 8 55 9 3 12
60 12 0 2 60 12 6 3
65 3 0 4 65 3 9 6
55 6 0 6 55 6 12 9
60 9 0 8 60 9 3 12
65 12 0 2 65 12 6 3
70 3 0 4 70 3 9 6
60 6 0 6 60 6 12 9
65 9 0 8 65 9 3 12
70 12 0 2 70 12 6 3
75 3 0 4 75 3 9 6
65 6 0 6 65 6 12 9
70 9 0 8 70 9 3 12
75 12 0 2 75 12 6 3
80 3 0 4 80 3 9 6
70 6 0 6 70 6 12 9
75 9 0 8 75 9 3 12
80 12 0 2 80 12 6 3
85 3 0 4 85 3 9 6
75 6 0 6 75 6 12 9
80 9 0 8 80 9 3 12
85 12 0 2 85 12 6 3
90 3 0 4 90 3 9 6
80 6 0 6 80 6 12 9
85 9 0 8 85 9 3 12
90 12 0 2 90 12 6 3
95 3 0 4 95 3 9 6
85 6 0 6 85 6 12 9
90 9 0 8 90 9 3 12
95 12 0 2 95 12 6 3
100 3 0 4 100 3 9 6
90 6 0 6 90 6 12 9
95 9 0 8 95 9 3 12
100 12 0 2 100 12 6 3
105 3 0 4 105 3 9 6
95 6 0 6 95 6 12 9
100 9 0 8 100 9 3 12
105 12 0 2 105 12 6 3
110 3 0 4 110 3 9 6
100 6 0 6 100 6 12 9
105 9 0 8 105 9 3 12
110 12 0 2 110 12 6 3
115 3 0 4 115 3 9 6
105 6 0 6 105 6 12 9
110 9 0 8 110 9 3 12
115 12 0 2 115 12 6 3
120 3 0 4 120 3 9 6
110 6 0 6 110 6 12 9
115 9 0 8 115 9 3 12
120 12 0 2 120 12 6 3
125 3 0 4 125 3 9 6
115 6 0 6 115 6 12 9
120 9 0 8 120 9 3 12
125 12 0 2 125 12 6 3
130 3 0 4 130 3 9 6
120 6 0 6 120 6 12 9
125 9 0 8 125 9 3 12
130 12 0 2 130 12 6 3
135 3 0 4 135 3 9 6
125 6 0 6 125 6 12 9
130 9 0 8 130 9 3 12
*
waitingTimeCarsGone
370
0
370
364
374
0
35
30
30
0
30
30
30
0
30
30
30
0
30
30
30
0
30
30
30
0
30
30
30
0
30
30
30
0
20
10
*
waitingTimeCarsLeft
0
19
0
16
16
10
0
10
10
10
0
10
10
10
0
10
10
10
0
10
10
10
0
10
10
10
0
10
10
10
0
10
10
10
0
10
