8
6 2 3 0 3 7 2 1
15
101
2129
18396.33
3740
295
41.66666
carsInLane
6 2 3 0 3 7 2 1
12 4 6 0 3 7 4 2
6 2 9 0 6 14 6 3
12 4 12 0 3 7 8 4
18 6 3 0 6 14 2 5
9 8 6 0 3 21 4 6
15 2 9 0 6 13 6 7
6 4 12 0 3 20 8 8
12 2 15 0 6 12 10 9
18 4 18 0 9 19 12 1
24 6 6 0 12 26 2 2
30 8 9 0 3 18 4 3
21 2 12 0 6 25 6 4
27 4 15 0 3 17 8 5
18 2 18 0 6 24 10 6
24 4 21 0 3 16 12 7
30 6 9 0 6 23 2 8
21 8 12 0 3 30 4 9
27 10 15 0 6 37 6 1
33 2 18 0 9 29 8 2
24 4 21 0 3 36 10 3
30 2 24 0 6 28 12 4
21 4 27 0 3 35 14 5
27 6 15 0 6 42 2 6
33 2 18 0 9 34 4 7
39 4 21 0 3 26 6 8
30 2 24 0 6 33 8 9
36 4 27 0 9 40 10 1
42 6 30 0 3 32 12 2
33 2 33 0 6 39 14 3
39 4 21 0 9 46 2 4
45 6 24 0 3 38 4 5
36 2 27 0 6 45 6 6
42 4 30 0 3 37 8 7
33 2 33 0 6 44 10 8
39 4 36 0 3 36 12 9
45 6 39 0 6 43 14 1
51 8 27 0 9 50 2 2
42 10 30 0 3 57 4 3
48 2 33 0 6 49 6 4
54 4 36 0 3 41 8 5
45 2 39 0 6 48 10 6
51 4 42 0 3 40 12 7
42 2 45 0 6 47 14 8
48 4 33 0 9 54 2 9
54 6 36 0 12 61 4 1
60 8 39 0 3 53 6 2
51 2 42 0 6 60 8 3
57 4 45 0 3 52 10 4
48 2 48 0 6 59 12 5
54 4 51 0 3 51 14 6
60 6 39 0 6 58 2 7
51 8 42 0 3 65 4 8
57 2 45 0 6 57 6 9
63 4 48 0 9 64 8 1
69 6 51 0 3 56 10 2
60 2 54 0 6 63 12 3
66 4 57 0 3 55 14 4
72 6 45 0 6 62 2 5
63 8 48 0 3 69 4 6
69 2 51 0 6 61 6 7
60 4 54 0 3 68 8 8
66 2 57 0 6 60 10 9
72 4 60 0 9 67 12 1
63 6 63 0 3 74 14 2
69 2 66 0 6 66 16 3
75 4 54 0 9 73 3 4
66 6 57 0 3 80 5 5
72 2 60 0 6 72 7 6
63 4 63 0 3 79 9 7
69 2 66 0 6 71 11 8
75 4 54 0 9 78 2 9
81 6 57 0 12 85 4 1
87 8 60 0 3 77 6 2
78 2 63 0 6 84 8 3
84 4 66 0 3 76 10 4
75 2 69 0 6 83 12 5
81 4 72 0 3 75 14 6
87 6 60 0 6 82 2 7
78 8 63 0 3 89 4 8
84 2 66 0 6 81 6 9
90 4 69 0 9 88 8 1
81 6 72 0 3 95 10 2
87 2 75 0 6 87 12 3
78 4 78 0 3 94 14 4
84 2 81 0 6 86 16 5
90 4 69 0 9 93 3 6
96 6 72 0 3 85 5 7
87 2 75 0 6 92 7 8
93 4 78 0 3 84 9 9
99 6 81 0 6 91 11 1
90 8 84 0 3 98 13 2
96 2 87 0 6 90 15 3
87 4 90 0 3 97 17 4
93 6 78 0 6 104 4 5
99 2 81 0 9 96 6 6
90 4 84 0 3 103 8 7
96 2 87 0 6 95 10 8
87 4 90 0 3 102 12 9
93 6 93 0 6 109 14 1
99 2 96 0 9 101 16 2
*
waitingTimeCarsGone
262
0
286
192
145
0
143
124
120
0
111
103
77
0
87
94
85
0
80
72
40
0
12
9
9
0
9
9
9
0
6
6
3
0
6
6
6
0
6
6
3
0
3
*
waitingTimeCarsLeft
0
23
0
20
19
16
0
16
16
16
0
16
16
16
0
16
16
16
0
16
12
9
0
6
3
3
0
3
3
3
0
3
3
3
0
3
3
