6
5 4 3 5 1 0 3 3
15
101
2371
6895.673
carsInLane
5 4 3 5 1 0 3 3
5 4 6 10 2 0 6 6
10 8 9 5 3 0 9 3
15 12 3 10 4 0 3 6
5 4 6 15 5 0 6 9
10 8 9 5 6 0 9 3
15 12 3 10 7 0 3 6
20 16 6 15 1 0 6 9
10 5 9 20 2 0 9 12
15 9 12 10 3 0 12 3
20 13 3 15 4 0 3 6
10 4 6 20 5 0 6 9
15 8 9 10 6 0 9 3
5 4 12 15 7 0 12 6
10 8 15 20 1 0 15 9
15 12 3 10 2 0 18 12
20 16 6 15 3 0 6 3
10 5 9 20 4 0 9 6
15 9 3 10 5 0 12 9
5 4 6 15 6 0 15 12
10 8 9 5 7 0 18 3
15 12 12 10 1 0 21 6
20 16 3 15 2 0 9 9
10 5 6 20 3 0 12 12
15 9 9 10 4 0 15 3
20 13 3 15 5 0 3 6
10 4 6 20 6 0 6 9
15 8 9 10 7 0 9 3
20 12 12 15 1 0 12 6
10 4 15 20 2 0 15 9
15 8 3 10 3 0 18 12
20 12 6 15 4 0 6 3
10 4 9 20 5 0 9 6
15 8 3 10 6 0 12 9
5 4 6 15 7 0 15 12
10 8 9 20 1 0 18 15
15 12 12 10 2 0 21 3
20 16 3 15 3 0 9 6
10 5 6 20 4 0 12 9
15 9 9 10 5 0 15 3
20 13 3 15 6 0 3 6
10 4 6 20 7 0 6 9
15 8 9 25 1 0 9 12
20 12 12 15 2 0 12 3
10 4 15 20 3 0 15 6
15 8 3 10 4 0 18 9
20 12 6 15 5 0 6 3
10 4 9 20 6 0 9 6
15 8 3 10 7 0 12 9
20 12 6 15 1 0 15 12
10 4 9 20 2 0 18 15
15 8 12 10 3 0 21 3
20 12 3 15 4 0 9 6
10 4 6 20 5 0 12 9
15 8 9 10 6 0 15 3
20 12 3 15 7 0 3 6
25 16 6 20 1 0 6 9
15 5 9 25 2 0 9 12
20 9 12 15 3 0 12 3
10 4 15 20 4 0 15 6
15 8 3 10 5 0 18 9
20 12 6 15 6 0 6 3
10 4 9 20 7 0 9 6
15 8 12 25 1 0 12 9
20 12 3 15 2 0 15 12
10 4 6 20 3 0 18 15
15 8 9 10 4 0 21 3
20 12 3 15 5 0 9 6
10 4 6 20 6 0 12 9
15 8 9 10 7 0 15 3
20 12 12 15 1 0 18 6
10 4 15 20 2 0 21 9
15 8 3 25 3 0 9 12
20 12 6 15 4 0 12 3
10 4 9 20 5 0 15 6
15 8 3 10 6 0 18 9
20 12 6 15 7 0 6 3
25 16 9 20 1 0 9 6
15 5 12 25 2 0 12 9
20 9 3 15 3 0 15 12
10 4 6 20 4 0 18 15
15 8 9 10 5 0 21 3
20 12 3 15 6 0 9 6
10 4 6 20 7 0 12 9
15 8 9 25 1 0 15 12
20 12 12 15 2 0 18 3
10 4 15 20 3 0 21 6
15 8 3 25 4 0 9 9
20 12 6 15 5 0 12 3
10 4 9 20 6 0 15 6
15 8 3 10 7 0 18 9
20 12 6 15 1 0 21 12
25 16 9 20 2 0 9 3
15 5 12 25 3 0 12 6
20 9 3 15 4 0 15 9
10 4 6 20 5 0 18 12
15 8 9 10 6 0 21 3
20 12 3 15 7 0 9 6
25 16 6 20 1 0 12 9
15 5 9 25 2 0 15 12
20 9 12 15 3 0 18 3
*
waitingTimeCarsGone
358
0
600
664
486
0
163
59
41
*
waitingTimeCarsLeft
0
21
0
15
12
5
