4
5 3 0 2 5 3 3 3
15
101
2384
5493.333
90.66667
40
carsInLane
5 3 0 2 5 3 3 3
5 6 0 4 5 6 6 6
10 3 0 6 10 3 9 9
5 6 0 8 5 6 12 12
10 9 0 10 10 9 3 3
15 12 0 2 15 12 6 6
5 15 0 4 5 15 9 9
10 3 0 6 10 3 12 12
15 6 0 8 15 6 3 3
5 9 0 10 5 9 6 6
10 12 0 2 10 12 9 9
15 3 0 4 15 3 12 12
5 6 0 6 5 6 15 15
10 9 0 8 10 9 3 3
5 12 0 10 5 12 6 6
10 15 0 2 10 15 9 9
15 3 0 4 15 3 12 12
5 6 0 6 5 6 15 15
10 9 0 8 10 9 3 3
5 12 0 10 5 12 6 6
10 15 0 2 10 15 9 9
15 3 0 4 15 3 12 12
5 6 0 6 5 6 15 15
10 9 0 8 10 9 3 3
5 12 0 10 5 12 6 6
10 15 0 2 10 15 9 9
15 3 0 4 15 3 12 12
5 6 0 6 5 6 15 15
10 9 0 8 10 9 3 3
5 12 0 10 5 12 6 6
10 15 0 2 10 15 9 9
15 3 0 4 15 3 12 12
5 6 0 6 5 6 15 15
10 9 0 8 10 9 3 3
5 12 0 10 5 12 6 6
10 15 0 2 10 15 9 9
15 3 0 4 15 3 12 12
5 6 0 6 5 6 15 15
10 9 0 8 10 9 3 3
5 12 0 10 5 12 6 6
10 15 0 2 10 15 9 9
15 3 0 4 15 3 12 12
5 6 0 6 5 6 15 15
10 9 0 8 10 9 3 3
5 12 0 10 5 12 6 6
10 15 0 2 10 15 9 9
15 3 0 4 15 3 12 12
5 6 0 6 5 6 15 15
10 9 0 8 10 9 3 3
5 12 0 10 5 12 6 6
10 15 0 2 10 15 9 9
15 3 0 4 15 3 12 12
5 6 0 6 5 6 15 15
10 9 0 8 10 9 3 3
5 12 0 10 5 12 6 6
10 15 0 2 10 15 9 9
15 3 0 4 15 3 12 12
5 6 0 6 5 6 15 15
10 9 0 8 10 9 3 3
5 12 0 10 5 12 6 6
10 15 0 2 10 15 9 9
15 3 0 4 15 3 12 12
5 6 0 6 5 6 15 15
10 9 0 8 10 9 3 3
5 12 0 10 5 12 6 6
10 15 0 2 10 15 9 9
15 3 0 4 15 3 12 12
5 6 0 6 5 6 15 15
10 9 0 8 10 9 3 3
5 12 0 10 5 12 6 6
10 15 0 2 10 15 9 9
15 3 0 4 15 3 12 12
5 6 0 6 5 6 15 15
10 9 0 8 10 9 3 3
5 12 0 10 5 12 6 6
10 15 0 2 10 15 9 9
15 3 0 4 15 3 12 12
5 6 0 6 5 6 15 15
10 9 0 8 10 9 3 3
5 12 0 10 5 12 6 6
10 15 0 2 10 15 9 9
15 3 0 4 15 3 12 12
5 6 0 6 5 6 15 15
10 9 0 8 10 9 3 3
5 12 0 10 5 12 6 6
10 15 0 2 10 15 9 9
15 3 0 4 15 3 12 12
5 6 0 6 5 6 15 15
10 9 0 8 10 9 3 3
5 12 0 10 5 12 6 6
10 15 0 2 10 15 9 9
15 3 0 4 15 3 12 12
5 6 0 6 5 6 15 15
10 9 0 8 10 9 3 3
5 12 0 10 5 12 6 6
10 15 0 2 10 15 9 9
15 3 0 4 15 3 12 12
5 6 0 6 5 6 15 15
10 9 0 8 10 9 3 3
5 12 0 10 5 12 6 6
10 15 0 2 10 15 9 9
*
waitingTimeCarsGone
686
0
676
480
280
0
262
*
waitingTimeCarsLeft
0
18
0
16
6
