9
5 3 0 2 5 3 3 3
15
101
2383
5793.003
85.33334
41
carsInLane
5 3 0 2 5 3 3 3
5 6 0 4 5 6 6 6
10 3 0 6 10 3 9 9
5 6 0 8 5 6 12 12
10 9 0 10 10 9 3 3
5 12 0 12 5 12 6 6
10 3 0 14 10 3 9 9
15 6 0 2 15 6 12 3
5 9 0 4 5 9 15 6
10 12 0 6 10 12 3 3
15 15 0 2 15 15 6 6
5 18 0 4 5 18 9 9
10 6 0 6 10 6 12 12
15 9 0 8 15 9 3 3
5 12 0 10 5 12 6 6
10 3 0 12 10 3 9 9
15 6 0 2 15 6 12 3
5 9 0 4 5 9 15 6
10 12 0 6 10 12 3 3
15 3 0 8 15 3 6 6
20 6 0 2 20 6 9 9
10 9 0 4 10 9 12 12
15 12 0 6 15 12 3 3
5 15 0 8 5 15 6 6
10 3 0 10 10 3 9 9
5 6 0 12 5 6 12 12
10 9 0 2 10 9 15 3
5 12 0 4 5 12 18 6
10 3 0 6 10 3 21 9
15 6 0 8 15 6 9 3
20 9 0 2 20 9 12 6
10 12 0 4 10 12 15 9
15 3 0 6 15 3 18 12
5 6 0 8 5 6 21 15
10 9 0 10 10 9 9 3
5 12 0 12 5 12 12 6
10 3 0 14 10 3 15 9
15 6 0 16 15 6 3 3
5 9 0 18 5 9 6 6
10 12 0 5 10 12 9 3
15 15 0 7 15 15 3 6
5 18 0 9 5 18 6 9
10 6 0 11 10 6 9 12
15 9 0 2 15 9 12 3
5 12 0 4 5 12 15 6
10 3 0 6 10 3 18 9
15 6 0 8 15 6 6 3
5 9 0 10 5 9 9 6
10 3 0 12 10 3 12 9
15 6 0 2 15 6 15 3
20 9 0 4 20 9 3 6
10 12 0 6 10 12 6 9
15 3 0 8 15 3 9 12
5 6 0 10 5 6 12 15
10 9 0 12 10 9 3 3
5 12 0 14 5 12 6 6
10 3 0 16 10 3 9 9
15 6 0 3 15 6 12 3
5 9 0 5 5 9 15 6
10 12 0 7 10 12 3 3
15 15 0 2 15 15 6 6
5 18 0 4 5 18 9 9
10 6 0 6 10 6 12 12
15 9 0 8 15 9 3 3
5 12 0 10 5 12 6 6
10 3 0 12 10 3 9 9
15 6 0 2 15 6 12 3
5 9 0 4 5 9 15 6
10 12 0 6 10 12 3 3
15 3 0 8 15 3 6 6
20 6 0 2 20 6 9 9
10 9 0 4 10 9 12 12
15 12 0 6 15 12 3 3
5 15 0 8 5 15 6 6
10 3 0 10 10 3 9 9
5 6 0 12 5 6 12 12
10 9 0 2 10 9 15 3
5 12 0 4 5 12 18 6
10 3 0 6 10 3 21 9
15 6 0 8 15 6 9 3
20 9 0 2 20 9 12 6
10 12 0 4 10 12 15 9
15 3 0 6 15 3 18 12
5 6 0 8 5 6 21 15
10 9 0 10 10 9 9 3
5 12 0 12 5 12 12 6
10 3 0 14 10 3 15 9
15 6 0 16 15 6 3 3
5 9 0 18 5 9 6 6
10 12 0 5 10 12 9 3
15 15 0 7 15 15 3 6
5 18 0 9 5 18 6 9
10 6 0 11 10 6 9 12
15 9 0 2 15 9 12 3
5 12 0 4 5 12 15 6
10 3 0 6 10 3 18 9
15 6 0 8 15 6 6 3
5 9 0 10 5 9 9 6
10 3 0 12 10 3 12 9
15 6 0 2 15 6 15 3
20 9 0 4 20 9 3 6
*
waitingTimeCarsGone
599
0
682
582
315
0
111
64
20
0
6
4
*
waitingTimeCarsLeft
0
24
0
11
6
