1
0 6 4 5 4 2 1 2
15
101
2000
22760.03
8623.998
424
carsInLane
0 6 4 5 4 2 1 2
0 12 4 5 8 4 2 4
0 18 8 10 4 6 3 6
0 9 12 15 8 2 4 8
0 15 16 20 12 4 1 2
0 21 5 10 16 6 2 4
0 27 9 15 5 8 3 6
0 18 13 20 9 2 4 8
0 24 17 25 13 4 1 2
0 30 6 15 17 6 2 4
0 36 10 20 6 8 3 6
0 27 14 25 10 2 4 8
0 33 18 30 14 4 1 2
0 39 7 20 18 6 2 4
0 45 11 25 7 8 3 6
0 36 15 30 11 2 4 8
0 42 19 35 15 4 1 2
0 48 8 25 19 6 2 4
0 54 12 30 8 8 3 6
0 45 16 35 12 2 4 8
0 51 20 40 16 4 1 2
0 57 9 30 20 6 2 4
0 63 13 35 9 8 3 6
0 54 17 40 13 2 4 8
0 60 21 45 17 4 1 2
0 66 10 35 21 6 2 4
0 72 14 40 10 8 3 6
0 63 18 45 14 2 4 8
0 69 22 50 18 4 1 2
0 75 11 40 22 6 2 4
0 81 15 45 11 8 3 6
0 72 19 50 15 2 4 8
0 78 23 55 19 4 1 2
0 84 12 45 23 6 2 4
0 90 16 50 12 8 3 6
0 81 20 55 16 2 4 8
0 87 24 60 20 4 1 2
0 93 13 50 24 6 2 4
0 99 17 55 13 8 3 6
0 90 21 60 17 2 4 8
0 96 25 65 21 4 1 2
0 102 14 55 25 6 2 4
0 108 18 60 14 8 3 6
0 99 22 65 18 2 4 8
0 105 26 70 22 4 1 2
0 111 15 60 26 6 2 4
0 117 19 65 15 8 3 6
0 108 23 70 19 2 4 8
0 114 27 75 23 4 1 2
0 120 16 65 27 6 2 4
0 126 20 70 16 8 3 6
0 117 24 75 20 2 4 8
0 123 28 80 24 4 1 2
0 129 17 70 28 6 2 4
0 135 21 75 17 8 3 6
0 126 25 80 21 2 4 8
0 132 29 85 25 4 1 2
0 138 18 75 29 6 2 4
0 144 22 80 18 8 3 6
0 135 26 85 22 2 4 8
0 141 30 90 26 4 1 2
0 147 19 80 30 6 2 4
0 153 23 85 19 8 3 6
0 144 27 90 23 2 4 8
0 150 31 95 27 4 1 2
0 156 20 85 31 6 2 4
0 162 24 90 20 8 3 6
0 153 28 95 24 2 4 8
0 159 32 100 28 4 1 2
0 165 21 90 32 6 2 4
0 171 25 95 21 8 3 6
0 162 29 100 25 2 4 8
0 168 33 105 29 4 1 2
0 174 22 95 33 6 2 4
0 180 26 100 22 8 3 6
0 171 30 105 26 2 4 8
0 177 34 110 30 4 1 2
0 183 23 100 34 6 2 4
0 189 27 105 23 8 3 6
0 180 31 110 27 2 4 8
0 186 35 115 31 4 1 2
0 192 24 105 35 6 2 4
0 198 28 110 24 8 3 6
0 189 32 115 28 2 4 8
0 195 36 120 32 4 1 2
0 201 25 110 36 6 2 4
0 207 29 115 25 8 3 6
0 198 33 120 29 2 4 8
0 204 37 125 33 4 1 2
0 210 26 115 37 6 2 4
0 216 30 120 26 8 3 6
0 207 34 125 30 2 4 8
0 213 38 130 34 4 1 2
0 219 27 120 38 6 2 4
0 225 31 125 27 8 3 6
0 216 35 130 31 2 4 8
0 222 39 135 35 4 1 2
0 228 28 125 39 6 2 4
0 234 32 130 28 8 3 6
0 225 36 135 32 2 4 8
0 231 40 140 36 4 1 2
*
waitingTimeCarsGone
153
0
184
223
255
0
144
147
135
0
104
75
40
0
24
27
24
0
24
27
24
0
24
27
24
0
24
27
24
0
24
27
24
0
24
22
14
0
9
12
9
0
9
12
9
0
9
12
9
0
9
6
*
waitingTimeCarsLeft
0
24
0
21
19
19
0
19
19
16
0
15
15
11
0
11
11
11
0
11
11
11
0
11
11
11
0
11
11
11
0
11
11
11
0
6
6
6
0
6
6
6
0
6
6
6
0
6
6
6
0
6
3
