10
4 5 6 2 0 2 3 2
15
101
2379
6193.001
carsInLane
4 5 6 2 0 2 3 2
8 10 6 4 0 4 3 4
4 5 12 6 0 6 6 6
8 10 6 8 0 8 3 8
12 5 12 10 0 2 6 10
16 10 6 2 0 4 9 12
5 5 12 4 0 6 12 14
9 10 18 6 0 8 3 2
13 15 9 2 0 10 6 4
4 5 15 4 0 12 9 6
8 10 6 6 0 14 3 8
12 15 12 8 0 2 6 10
4 5 18 10 0 4 9 12
8 10 9 2 0 6 12 14
12 15 15 4 0 8 3 2
4 5 21 6 0 10 6 4
8 10 12 8 0 12 3 6
12 5 18 10 0 2 6 8
16 10 9 2 0 4 9 10
5 5 15 4 0 6 12 12
9 10 6 6 0 8 3 14
13 15 12 2 0 10 6 2
17 20 18 4 0 2 9 4
6 10 24 6 0 4 12 6
10 15 15 8 0 6 3 8
4 5 21 10 0 8 6 10
8 10 12 2 0 10 9 12
12 15 6 4 0 12 3 14
16 5 12 6 0 2 6 16
20 10 18 2 0 4 9 3
9 5 24 4 0 6 12 5
13 10 15 6 0 8 3 7
4 5 21 8 0 10 6 9
8 10 27 10 0 2 9 11
12 15 18 2 0 4 12 13
16 20 9 4 0 6 3 15
5 10 15 6 0 8 6 17
9 15 21 2 0 10 9 4
13 20 12 4 0 12 3 6
4 10 18 6 0 14 6 8
8 5 24 8 0 2 9 10
12 10 15 10 0 4 3 12
16 15 6 2 0 6 6 14
5 5 12 4 0 8 9 16
9 10 18 6 0 2 12 18
13 15 9 8 0 4 3 20
17 20 15 2 0 6 6 7
6 10 21 4 0 8 9 9
10 15 12 6 0 10 3 11
14 5 18 8 0 2 6 13
18 10 9 2 0 4 9 15
7 5 15 4 0 6 12 17
11 10 21 6 0 8 3 4
15 15 12 2 0 10 6 6
4 5 18 4 0 12 9 8
8 10 24 6 0 2 12 10
12 15 15 8 0 4 3 12
4 5 21 10 0 6 6 14
8 10 12 2 0 8 9 16
12 15 18 4 0 10 3 3
4 5 24 6 0 12 6 5
8 10 15 8 0 14 3 7
12 5 21 10 0 2 6 9
16 10 12 2 0 4 9 11
5 5 18 4 0 6 12 13
9 10 9 6 0 8 3 15
13 15 15 8 0 2 6 17
4 5 21 10 0 4 9 19
8 10 12 2 0 6 12 21
12 15 18 4 0 8 3 8
4 5 24 6 0 10 6 10
8 10 15 8 0 12 3 12
12 15 6 2 0 14 6 14
16 5 12 4 0 2 9 16
20 10 18 6 0 4 3 3
9 5 24 8 0 6 6 5
13 10 15 2 0 8 9 7
17 15 21 4 0 2 12 9
21 20 12 6 0 4 3 11
10 10 18 8 0 6 6 13
14 15 9 2 0 8 9 15
4 5 15 4 0 10 12 17
8 10 21 6 0 12 3 4
12 15 12 2 0 14 6 6
16 5 18 4 0 2 9 8
20 10 9 6 0 4 3 10
9 5 15 8 0 6 6 12
13 10 6 2 0 8 9 14
17 15 12 4 0 2 12 16
6 5 18 6 0 4 15 18
10 10 9 8 0 6 3 20
14 15 15 2 0 8 6 7
4 5 21 4 0 10 9 9
8 10 12 6 0 12 3 11
12 5 18 8 0 2 6 13
16 10 9 2 0 4 9 15
5 5 15 4 0 6 12 17
9 10 21 6 0 8 3 4
13 15 12 2 0 10 6 6
17 20 18 4 0 2 9 8
6 10 24 6 0 4 12 10
*
waitingTimeCarsGone
513
0
702
613
335
0
98
45
36
0
20
10
6
0
1
*
waitingTimeCarsLeft
0
21
0
16
4
2
0
2
