8
4 5 6 2 0 2 3 2
15
101
2377
6571.001
carsInLane
4 5 6 2 0 2 3 2
8 10 6 4 0 4 3 4
4 5 12 6 0 6 6 6
8 10 6 8 0 8 3 8
12 5 12 10 0 2 6 10
16 10 6 2 0 4 9 12
5 5 12 4 0 6 12 14
9 10 18 6 0 8 3 2
13 15 9 2 0 10 6 4
17 20 15 4 0 2 9 6
6 10 21 6 0 4 12 8
10 15 12 8 0 6 3 10
4 5 18 10 0 8 6 12
8 10 9 2 0 10 9 14
12 15 15 4 0 12 3 2
16 5 21 6 0 2 6 4
20 10 12 8 0 4 3 6
9 5 18 10 0 6 6 8
13 10 24 12 0 2 9 10
17 15 15 2 0 4 12 12
6 5 21 4 0 6 15 14
10 10 12 6 0 8 3 16
14 15 18 2 0 10 6 3
4 5 24 4 0 12 9 5
8 10 15 6 0 14 3 7
12 5 21 8 0 2 6 9
16 10 12 2 0 4 9 11
5 15 18 4 0 6 12 13
9 20 9 6 0 8 3 15
4 10 15 8 0 10 6 17
8 15 21 2 0 12 9 4
12 20 12 4 0 14 3 6
16 10 18 6 0 2 6 8
5 5 24 8 0 4 9 10
9 10 15 10 0 6 3 12
13 15 6 2 0 8 6 14
17 20 12 4 0 2 9 16
6 10 18 6 0 4 12 18
10 15 9 8 0 6 3 20
14 20 15 2 0 8 6 7
4 10 21 4 0 10 9 9
8 15 12 6 0 12 3 11
12 5 18 8 0 2 6 13
16 10 9 2 0 4 9 15
5 5 15 4 0 6 12 17
9 10 21 6 0 2 15 19
13 15 12 8 0 4 3 21
17 20 18 2 0 6 6 8
6 10 24 4 0 8 9 10
10 15 15 6 0 10 3 12
14 5 21 8 0 2 6 14
18 10 12 2 0 4 9 16
7 5 18 4 0 6 12 18
11 10 9 6 0 8 3 20
15 15 15 8 0 2 6 22
19 20 21 2 0 4 9 9
8 10 27 4 0 6 12 11
12 15 18 6 0 8 3 13
4 5 24 8 0 10 6 15
8 10 15 2 0 12 9 17
12 15 21 4 0 14 3 4
16 5 27 6 0 2 6 6
20 10 18 8 0 4 3 8
9 15 24 10 0 6 6 10
13 20 15 2 0 8 9 12
4 10 21 4 0 10 12 14
8 15 12 6 0 12 3 16
12 5 18 8 0 2 6 18
16 10 24 2 0 4 9 5
20 15 15 4 0 6 3 7
9 5 21 6 0 8 6 9
13 10 12 8 0 10 3 11
17 15 18 10 0 2 6 13
6 5 24 12 0 4 9 15
10 10 15 2 0 6 12 17
14 15 21 4 0 8 3 4
4 5 27 6 0 10 6 6
8 10 18 8 0 12 3 8
12 15 9 2 0 14 6 10
16 5 15 4 0 2 9 12
20 10 6 6 0 4 3 14
9 15 12 8 0 6 6 16
13 20 18 2 0 8 9 3
4 10 24 4 0 10 12 5
8 15 15 6 0 12 3 7
12 5 21 8 0 2 6 9
16 10 12 2 0 4 9 11
5 5 18 4 0 6 12 13
9 10 9 6 0 8 3 15
13 15 15 2 0 10 6 2
17 20 21 4 0 2 9 4
6 10 27 6 0 4 12 6
10 15 18 8 0 6 3 8
14 20 9 2 0 8 6 10
4 10 15 4 0 10 9 12
8 15 6 6 0 12 3 14
12 5 12 8 0 2 6 16
16 10 18 2 0 4 9 3
20 15 9 4 0 6 3 5
9 20 15 6 0 8 6 7
4 10 21 8 0 10 9 9
*
waitingTimeCarsGone
442
0
671
636
392
0
113
48
34
0
21
11
6
0
3
*
waitingTimeCarsLeft
0
21
0
11
6
6
0
3
