100
4 1 3 2 3 2 4 5
15
101
2380
5858.669
133.3333
44
carsInLane
4 1 3 2 3 2 4 5
8 2 6 4 6 4 4 5
4 3 9 6 3 6 8 10
8 4 12 8 6 8 4 5
12 5 3 2 9 10 8 10
4 6 6 4 3 12 12 15
8 7 9 6 6 14 4 5
12 1 12 8 9 2 8 10
4 2 15 10 3 4 12 15
8 3 3 12 6 6 4 20
12 4 6 2 9 8 8 10
4 5 9 4 3 10 12 15
8 6 12 6 6 12 4 5
12 1 15 8 9 2 8 10
16 2 3 10 12 4 4 15
5 3 6 12 3 6 8 20
9 4 9 2 6 8 12 10
13 5 12 4 9 10 4 5
4 6 15 6 3 12 8 10
8 7 3 8 6 14 4 15
12 8 6 2 9 16 8 5
16 9 9 4 3 3 12 10
5 1 12 6 6 5 16 15
9 2 15 8 9 7 5 5
13 3 3 2 12 9 9 10
4 4 6 4 3 11 13 15
8 5 9 6 6 13 4 5
12 6 12 8 3 2 8 10
16 7 3 10 6 4 4 15
20 8 6 2 9 6 8 5
9 9 9 4 3 8 12 10
13 10 12 6 6 10 4 5
4 1 15 8 9 12 8 10
8 2 3 10 12 14 4 15
12 3 6 12 3 2 8 20
16 4 9 2 6 4 12 10
5 5 12 4 3 6 16 15
9 6 15 6 6 8 5 5
13 7 3 2 9 10 9 10
4 8 6 4 3 12 13 15
8 9 9 6 6 14 4 5
12 1 12 8 9 2 8 10
4 2 15 10 3 4 12 15
8 3 3 12 6 6 4 20
12 4 6 2 9 8 8 10
4 5 9 4 3 10 12 15
8 6 12 6 6 12 4 5
12 1 15 8 9 2 8 10
16 2 3 10 12 4 4 15
5 3 6 12 3 6 8 20
9 4 9 2 6 8 12 10
13 5 12 4 9 10 4 5
4 6 15 6 3 12 8 10
8 7 3 8 6 14 4 15
12 8 6 2 9 16 8 5
16 9 9 4 3 3 12 10
5 1 12 6 6 5 16 15
9 2 15 8 9 7 5 5
13 3 3 2 12 9 9 10
4 4 6 4 3 11 13 15
8 5 9 6 6 13 4 5
12 6 12 8 3 2 8 10
16 7 3 10 6 4 4 15
20 8 6 2 9 6 8 5
9 9 9 4 3 8 12 10
13 10 12 6 6 10 4 5
4 1 15 8 9 12 8 10
8 2 3 10 12 14 4 15
12 3 6 12 3 2 8 20
16 4 9 2 6 4 12 10
5 5 12 4 3 6 16 15
9 6 15 6 6 8 5 5
13 7 3 2 9 10 9 10
4 8 6 4 3 12 13 15
8 9 9 6 6 14 4 5
12 1 12 8 9 2 8 10
4 2 15 10 3 4 12 15
8 3 3 12 6 6 4 20
12 4 6 2 9 8 8 10
4 5 9 4 3 10 12 15
8 6 12 6 6 12 4 5
12 1 15 8 9 2 8 10
16 2 3 10 12 4 4 15
5 3 6 12 3 6 8 20
9 4 9 2 6 8 12 10
13 5 12 4 9 10 4 5
4 6 15 6 3 12 8 10
8 7 3 8 6 14 4 15
12 8 6 2 9 16 8 5
16 9 9 4 3 3 12 10
5 1 12 6 6 5 16 15
9 2 15 8 9 7 5 5
13 3 3 2 12 9 9 10
4 4 6 4 3 11 13 15
8 5 9 6 6 13 4 5
12 6 12 8 3 2 8 10
16 7 3 10 6 4 4 15
20 8 6 2 9 6 8 5
9 9 9 4 3 8 12 10
13 10 12 6 6 10 4 5
4 1 15 8 9 12 8 10
*
waitingTimeCarsGone
619
0
675
569
283
0
125
56
28
0
14
8
3
*
waitingTimeCarsLeft
0
17
0
12
7
4
0
2
2
