6
6 2 3 0 3 7 2 1
15
101
2088
20407.99
4828
336
41.66666
carsInLane
6 2 3 0 3 7 2 1
12 4 6 0 3 7 4 2
6 2 9 0 6 14 6 3
12 4 12 0 3 7 8 4
18 6 3 0 6 14 2 5
9 8 6 0 3 21 4 6
15 2 9 0 6 13 6 7
21 4 12 0 9 20 8 1
12 6 15 0 3 27 10 2
18 2 18 0 6 19 12 3
24 4 6 0 9 26 2 4
30 6 9 0 3 18 4 5
21 2 12 0 6 25 6 6
27 4 15 0 3 17 8 7
33 6 18 0 6 24 10 1
24 8 21 0 3 31 12 2
30 2 24 0 6 23 14 3
36 4 12 0 9 30 2 4
27 6 15 0 3 37 4 5
33 2 18 0 6 29 6 6
24 4 21 0 3 36 8 7
30 6 24 0 6 43 10 1
36 2 27 0 9 35 12 2
27 4 30 0 3 42 14 3
33 6 18 0 6 49 2 4
39 2 21 0 9 41 4 5
45 4 24 0 3 33 6 6
36 2 27 0 6 40 8 7
42 4 30 0 9 47 10 1
48 6 33 0 3 39 12 2
39 2 36 0 6 46 14 3
45 4 24 0 9 53 2 4
51 6 27 0 3 45 4 5
42 2 30 0 6 52 6 6
48 4 33 0 3 44 8 7
54 6 36 0 6 51 10 1
45 8 39 0 3 58 12 2
51 2 42 0 6 50 14 3
57 4 30 0 9 57 2 4
48 6 33 0 3 64 4 5
54 2 36 0 6 56 6 6
60 4 39 0 3 48 8 7
66 6 42 0 6 55 10 1
57 8 45 0 3 62 12 2
63 2 48 0 6 54 14 3
69 4 36 0 9 61 2 4
60 6 39 0 3 68 4 5
66 2 42 0 6 60 6 6
57 4 45 0 3 67 8 7
63 6 48 0 6 74 10 1
69 2 51 0 9 66 12 2
60 4 54 0 3 73 14 3
66 6 42 0 6 80 2 4
72 2 45 0 9 72 4 5
63 4 48 0 3 79 6 6
69 2 51 0 6 71 8 7
75 4 54 0 9 78 10 1
81 6 57 0 3 70 12 2
72 2 60 0 6 77 14 3
78 4 48 0 9 84 2 4
84 6 51 0 3 76 4 5
75 2 54 0 6 83 6 6
81 4 57 0 3 75 8 7
87 6 60 0 6 82 10 1
78 8 63 0 3 89 12 2
84 2 66 0 6 81 14 3
90 4 54 0 9 88 2 4
81 6 57 0 3 95 4 5
87 2 60 0 6 87 6 6
78 4 63 0 3 94 8 7
84 6 66 0 6 101 10 1
90 2 69 0 9 93 12 2
96 4 72 0 3 85 14 3
102 6 60 0 6 92 2 4
93 8 63 0 3 99 4 5
99 2 66 0 6 91 6 6
90 4 69 0 3 98 8 7
96 6 72 0 6 105 10 1
102 2 75 0 9 97 12 2
93 4 78 0 3 104 14 3
99 6 66 0 6 111 2 4
105 2 69 0 9 103 4 5
96 4 72 0 3 110 6 6
102 2 75 0 6 102 8 7
108 4 78 0 9 109 10 1
114 6 81 0 3 101 12 2
105 2 84 0 6 108 14 3
111 4 72 0 9 115 2 4
117 6 75 0 3 107 4 5
108 2 78 0 6 114 6 6
114 4 81 0 3 106 8 7
120 6 84 0 6 113 10 1
111 8 87 0 3 120 12 2
117 2 90 0 6 112 14 3
123 4 78 0 9 119 2 4
114 6 81 0 3 126 4 5
120 2 84 0 6 118 6 6
111 4 87 0 3 125 8 7
117 6 90 0 6 132 10 1
123 2 93 0 9 124 12 2
129 4 96 0 3 116 14 3
*
waitingTimeCarsGone
255
0
272
217
124
0
106
117
109
0
74
53
73
0
78
66
65
0
72
73
73
0
58
50
42
0
30
9
9
0
6
9
6
0
9
6
9
0
6
6
3
0
3
*
waitingTimeCarsLeft
0
22
0
19
17
16
0
16
16
16
0
16
16
16
0
16
16
16
0
16
16
16
0
13
9
9
0
9
9
6
0
3
3
3
0
3
3
