10
2 4 3 3 1 3 7 1
15
99
2333
9828.337
carsInLane
2 4 3 3 1 3 7 1
4 8 3 6 2 6 7 2
6 4 6 9 3 3 14 3
8 8 3 12 4 6 7 4
10 12 6 3 5 9 14 1
2 4 9 6 6 12 21 2
4 8 3 9 7 15 13 3
6 4 6 12 8 3 20 4
8 8 3 15 9 6 12 5
10 12 6 3 10 9 19 1
12 16 3 6 11 12 11 2
2 20 6 9 1 15 18 3
4 9 9 12 2 3 25 4
6 13 3 15 3 6 17 5
8 17 6 18 4 9 9 1
10 6 9 21 5 3 16 2
12 10 3 9 6 6 23 3
14 14 3 12 7 9 15 4
2 4 6 15 8 12 22 5
4 8 3 18 9 15 14 6
6 12 6 6 10 18 21 1
8 4 9 9 11 6 28 2
2 8 12 12 1 9 35 3
4 12 3 15 2 12 27 4
6 16 6 18 3 15 19 1
8 5 9 21 4 3 26 2
10 9 3 24 5 6 18 3
12 13 6 12 6 9 25 1
14 17 3 15 7 12 17 2
2 6 6 18 8 15 24 3
4 10 3 21 9 18 16 4
6 4 6 24 10 6 23 5
8 8 3 12 11 9 30 6
2 12 6 15 1 12 37 7
4 16 9 18 2 15 29 1
6 20 3 21 3 18 21 2
8 9 6 24 4 6 28 3
10 13 3 27 5 9 20 4
12 17 6 15 6 12 27 1
14 21 3 18 7 15 19 2
16 10 6 21 8 3 26 3
18 14 3 24 9 6 18 4
5 4 6 27 10 9 25 5
7 8 3 15 11 12 32 6
9 12 6 18 1 3 39 7
11 16 9 21 2 6 31 1
13 20 3 24 3 9 23 2
2 9 6 27 4 12 30 3
4 13 3 30 5 15 22 4
6 17 6 18 6 18 29 1
8 6 9 21 7 6 36 2
10 10 3 24 8 9 28 3
12 14 3 27 9 12 20 4
14 18 6 15 10 15 27 1
16 7 9 18 11 3 34 2
3 11 12 21 1 6 41 3
5 15 3 24 2 9 33 4
7 19 6 27 3 12 25 1
9 23 3 15 4 15 32 2
11 12 6 18 5 3 39 3
13 16 3 21 6 6 31 4
15 20 6 24 7 9 23 1
2 9 9 27 8 12 30 2
4 13 3 30 9 15 22 3
6 17 6 18 10 18 29 1
8 6 9 21 11 6 36 2
2 10 12 24 1 9 43 3
4 14 3 27 2 12 35 4
6 18 6 30 3 15 27 1
8 22 3 18 4 18 34 2
10 11 6 21 5 6 41 3
12 15 3 24 6 9 33 4
14 19 6 27 7 12 25 1
2 8 9 30 8 15 32 2
4 12 3 33 9 18 24 3
6 16 6 21 10 21 31 1
8 5 9 24 11 9 38 2
2 9 12 27 1 12 45 3
4 13 3 30 2 15 37 4
6 17 6 33 3 18 29 1
8 21 3 21 4 21 36 2
10 10 6 24 5 9 43 3
12 14 3 27 6 12 35 4
14 18 6 30 7 15 27 1
16 22 3 18 8 18 34 2
18 11 6 21 9 6 41 3
20 15 3 24 10 9 33 4
22 19 6 27 11 12 25 1
9 23 9 30 1 15 32 2
11 27 3 33 2 18 24 3
13 16 6 36 3 6 31 4
15 20 3 24 4 9 38 5
17 24 6 27 5 12 30 1
4 13 9 30 6 15 37 2
6 17 3 33 7 18 29 3
8 21 6 21 8 21 36 1
10 10 9 24 9 9 43 2
12 14 3 27 10 12 35 3
14 18 3 30 11 15 27 4
2 22 6 33 1 18 34 5
4 11 9 36 2 6 41 6
*
waitingTimeCarsGone
283
5
386
429
427
42
304
196
90
10
50
50
35
2
21
3
*
waitingTimeCarsLeft
0
21
0
21
14
9
4
0
4
3
3
0
3
3
3
0
3
