7
2 6 4 4 2 2 4 0
15
101
2292
11276
carsInLane
2 6 4 4 2 2 4 0
4 6 8 8 4 2 8 0
6 12 4 12 6 4 4 0
2 6 8 16 8 6 8 0
4 12 4 5 10 8 12 0
6 6 8 9 12 2 16 0
8 12 4 13 14 4 5 0
2 18 8 17 2 6 9 0
4 24 12 6 4 8 13 0
6 15 16 10 6 2 17 0
8 21 5 14 8 4 6 0
2 12 9 18 10 6 10 0
4 18 4 7 12 8 14 0
6 9 8 11 14 2 18 0
8 15 4 15 16 4 7 0
2 21 8 19 3 6 11 0
4 27 12 8 5 8 15 0
6 18 16 12 7 2 19 0
8 24 5 16 9 4 8 0
2 15 9 20 11 6 12 0
4 21 4 9 13 8 16 0
6 12 8 13 15 2 20 0
8 18 4 17 17 4 9 0
2 24 8 21 4 6 13 0
4 30 12 10 6 8 17 0
6 21 16 14 8 2 21 0
8 27 5 18 10 4 10 0
2 18 9 22 12 6 14 0
4 24 4 11 14 8 18 0
6 15 8 15 16 2 22 0
8 21 4 19 18 4 11 0
2 27 8 23 5 6 15 0
4 33 12 12 7 8 19 0
6 24 16 16 9 2 23 0
8 30 5 20 11 4 12 0
2 21 9 24 13 6 16 0
4 27 4 13 15 8 20 0
6 18 8 17 17 2 24 0
8 24 4 21 19 4 13 0
2 30 8 25 6 6 17 0
4 36 12 14 8 8 21 0
6 27 16 18 10 2 25 0
8 33 5 22 12 4 14 0
2 24 9 26 14 6 18 0
4 30 4 15 16 8 22 0
6 21 8 19 18 2 26 0
8 27 4 23 20 4 15 0
2 33 8 27 7 6 19 0
4 39 12 16 9 8 23 0
6 30 16 20 11 2 27 0
8 36 5 24 13 4 16 0
2 27 9 28 15 6 20 0
4 33 4 17 17 8 24 0
6 24 8 21 19 2 28 0
8 30 4 25 21 4 17 0
2 36 8 29 8 6 21 0
4 42 12 18 10 8 25 0
6 33 16 22 12 2 29 0
8 39 5 26 14 4 18 0
2 30 9 30 16 6 22 0
4 36 4 19 18 8 26 0
6 27 8 23 20 2 30 0
8 33 4 27 22 4 19 0
2 39 8 31 9 6 23 0
4 45 12 20 11 8 27 0
6 36 16 24 13 2 31 0
8 42 5 28 15 4 20 0
2 33 9 32 17 6 24 0
4 39 4 21 19 8 28 0
6 30 8 25 21 2 32 0
8 36 4 29 23 4 21 0
2 42 8 33 10 6 25 0
4 48 12 22 12 8 29 0
6 39 16 26 14 2 33 0
8 45 5 30 16 4 22 0
2 36 9 34 18 6 26 0
4 42 4 23 20 8 30 0
6 33 8 27 22 2 34 0
8 39 4 31 24 4 23 0
2 45 8 35 11 6 27 0
4 51 12 24 13 8 31 0
6 42 16 28 15 2 35 0
8 48 5 32 17 4 24 0
2 39 9 36 19 6 28 0
4 30 13 40 21 2 32 0
6 36 4 29 23 4 36 0
2 27 8 33 25 6 40 0
4 33 12 37 12 2 44 0
6 39 16 41 14 4 33 0
8 45 5 30 16 6 37 0
2 36 9 34 18 8 41 0
4 42 4 38 20 10 30 0
6 33 8 42 22 2 34 0
8 39 4 31 24 4 38 0
2 30 8 35 26 6 42 0
4 36 12 39 13 2 46 0
6 42 16 43 15 4 35 0
8 48 5 32 17 6 39 0
2 39 9 36 19 8 43 0
4 45 4 40 21 10 32 0
6 36 8 44 23 2 36 0
*
waitingTimeCarsGone
282
0
346
313
352
0
254
251
195
0
133
70
51
0
33
9
3
*
waitingTimeCarsLeft
0
20
0
18
18
16
0
16
16
10
0
7
6
2
0
2
1
