3
3 3 4 5 3 2 2 2
15
101
2239
12379.65
2586.667
185
35
carsInLane
3 3 4 5 3 2 2 2
6 6 4 5 6 4 4 4
3 9 8 10 3 6 6 6
6 12 4 5 6 8 8 8
9 3 8 10 9 2 10 10
12 6 12 15 12 4 2 2
3 9 16 20 3 6 4 4
6 12 5 10 6 8 6 6
9 3 9 15 9 2 8 8
12 6 13 20 12 4 2 2
3 9 17 25 3 6 4 4
6 12 6 15 6 8 6 6
9 3 10 20 9 2 8 8
12 6 14 25 12 4 2 2
3 9 18 30 3 6 4 4
6 12 7 20 6 8 6 6
9 3 11 25 9 2 8 8
12 6 15 30 12 4 2 2
3 9 19 35 3 6 4 4
6 12 8 25 6 8 6 6
9 3 12 30 9 2 8 8
12 6 16 35 12 4 2 2
3 9 20 40 3 6 4 4
6 12 9 30 6 8 6 6
9 3 13 35 9 2 8 8
12 6 17 40 12 4 2 2
3 9 21 45 3 6 4 4
6 12 10 35 6 8 6 6
9 3 14 40 9 2 8 8
12 6 18 45 12 4 2 2
3 9 22 50 3 6 4 4
6 12 11 40 6 8 6 6
9 3 15 45 9 2 8 8
12 6 19 50 12 4 2 2
3 9 23 55 3 6 4 4
6 12 12 45 6 8 6 6
9 3 16 50 9 2 8 8
12 6 20 55 12 4 2 2
3 9 24 60 3 6 4 4
6 12 13 50 6 8 6 6
9 3 17 55 9 2 8 8
12 6 21 60 12 4 2 2
3 9 25 65 3 6 4 4
6 12 14 55 6 8 6 6
9 3 18 60 9 2 8 8
12 6 22 65 12 4 2 2
3 9 26 70 3 6 4 4
6 12 15 60 6 8 6 6
9 3 19 65 9 2 8 8
12 6 23 70 12 4 2 2
3 9 27 75 3 6 4 4
6 12 16 65 6 8 6 6
9 3 20 70 9 2 8 8
12 6 24 75 12 4 2 2
3 9 28 80 3 6 4 4
6 12 17 70 6 8 6 6
9 3 21 75 9 2 8 8
12 6 25 80 12 4 2 2
3 9 29 85 3 6 4 4
6 12 18 75 6 8 6 6
9 3 22 80 9 2 8 8
12 6 26 85 12 4 2 2
3 9 30 90 3 6 4 4
6 12 19 80 6 8 6 6
9 3 23 85 9 2 8 8
12 6 27 90 12 4 2 2
3 9 31 95 3 6 4 4
6 12 20 85 6 8 6 6
9 3 24 90 9 2 8 8
12 6 28 95 12 4 2 2
3 9 32 100 3 6 4 4
6 12 21 90 6 8 6 6
9 3 25 95 9 2 8 8
12 6 29 100 12 4 2 2
3 9 33 105 3 6 4 4
6 12 22 95 6 8 6 6
9 3 26 100 9 2 8 8
12 6 30 105 12 4 2 2
3 9 34 110 3 6 4 4
6 12 23 100 6 8 6 6
9 3 27 105 9 2 8 8
12 6 31 110 12 4 2 2
3 9 35 115 3 6 4 4
6 12 24 105 6 8 6 6
9 3 28 110 9 2 8 8
12 6 32 115 12 4 2 2
3 9 36 120 3 6 4 4
6 12 25 110 6 8 6 6
9 3 29 115 9 2 8 8
12 6 33 120 12 4 2 2
3 9 37 125 3 6 4 4
6 12 26 115 6 8 6 6
9 3 30 120 9 2 8 8
12 6 34 125 12 4 2 2
3 9 38 130 3 6 4 4
6 12 27 120 6 8 6 6
9 3 31 125 9 2 8 8
12 6 35 130 12 4 2 2
3 9 39 135 3 6 4 4
6 12 28 125 6 8 6 6
9 3 32 130 9 2 8 8
*
waitingTimeCarsGone
399
0
411
417
438
0
79
75
69
0
53
37
21
0
15
15
15
0
15
15
15
0
15
15
15
0
15
15
15
0
15
15
15
0
10
5
*
waitingTimeCarsLeft
0
20
0
15
15
9
0
9
9
9
0
9
5
5
0
5
5
5
0
5
5
5
0
5
5
5
0
5
5
5
0
5
5
5
0
5
