1
1 3 1 7 2 5 3 2
15
101
1950
21874.02
12658.67
474
carsInLane
1 3 1 7 2 5 3 2
2 6 2 7 4 10 6 2
1 9 3 14 2 15 9 4
2 3 4 21 4 5 12 6
3 6 1 28 6 10 3 8
4 9 2 20 8 15 6 2
1 12 3 27 2 20 9 4
2 3 4 34 4 10 12 6
3 6 1 41 6 15 3 8
4 9 2 33 8 20 6 2
1 12 3 40 2 25 9 4
2 3 4 47 4 15 12 6
3 6 1 54 6 20 3 8
4 9 2 46 8 25 6 2
1 12 3 53 2 30 9 4
2 3 4 60 4 20 12 6
3 6 1 67 6 25 3 8
4 9 2 59 8 30 6 2
1 12 3 66 2 35 9 4
2 3 4 73 4 25 12 6
3 6 1 80 6 30 3 8
4 9 2 72 8 35 6 2
1 12 3 79 2 40 9 4
2 3 4 86 4 30 12 6
3 6 1 93 6 35 3 8
4 9 2 85 8 40 6 2
1 12 3 92 2 45 9 4
2 3 4 99 4 35 12 6
3 6 1 106 6 40 3 8
4 9 2 98 8 45 6 2
1 12 3 105 2 50 9 4
2 3 4 112 4 40 12 6
3 6 1 119 6 45 3 8
4 9 2 111 8 50 6 2
1 12 3 118 2 55 9 4
2 3 4 125 4 45 12 6
3 6 1 132 6 50 3 8
4 9 2 124 8 55 6 2
1 12 3 131 2 60 9 4
2 3 4 138 4 50 12 6
3 6 1 145 6 55 3 8
4 9 2 137 8 60 6 2
1 12 3 144 2 65 9 4
2 3 4 151 4 55 12 6
3 6 1 158 6 60 3 8
4 9 2 150 8 65 6 2
1 12 3 157 2 70 9 4
2 3 4 164 4 60 12 6
3 6 1 171 6 65 3 8
4 9 2 163 8 70 6 2
1 12 3 170 2 75 9 4
2 3 4 177 4 65 12 6
3 6 1 184 6 70 3 8
4 9 2 176 8 75 6 2
1 12 3 183 2 80 9 4
2 3 4 190 4 70 12 6
3 6 1 197 6 75 3 8
4 9 2 189 8 80 6 2
1 12 3 196 2 85 9 4
2 3 4 203 4 75 12 6
3 6 1 210 6 80 3 8
4 9 2 202 8 85 6 2
1 12 3 209 2 90 9 4
2 3 4 216 4 80 12 6
3 6 1 223 6 85 3 8
4 9 2 215 8 90 6 2
1 12 3 222 2 95 9 4
2 3 4 229 4 85 12 6
3 6 1 236 6 90 3 8
4 9 2 228 8 95 6 2
1 12 3 235 2 100 9 4
2 3 4 242 4 90 12 6
3 6 1 249 6 95 3 8
4 9 2 241 8 100 6 2
1 12 3 248 2 105 9 4
2 3 4 255 4 95 12 6
3 6 1 262 6 100 3 8
4 9 2 254 8 105 6 2
1 12 3 261 2 110 9 4
2 3 4 268 4 100 12 6
3 6 1 275 6 105 3 8
4 9 2 267 8 110 6 2
1 12 3 274 2 115 9 4
2 3 4 281 4 105 12 6
3 6 1 288 6 110 3 8
4 9 2 280 8 115 6 2
1 12 3 287 2 120 9 4
2 3 4 294 4 110 12 6
3 6 1 301 6 115 3 8
4 9 2 293 8 120 6 2
1 12 3 300 2 125 9 4
2 3 4 307 4 115 12 6
3 6 1 314 6 120 3 8
4 9 2 306 8 125 6 2
1 12 3 313 2 130 9 4
2 3 4 320 4 120 12 6
3 6 1 327 6 125 3 8
4 9 2 319 8 130 6 2
1 12 3 326 2 135 9 4
2 3 4 333 4 125 12 6
3 6 1 340 6 130 3 8
*
waitingTimeCarsGone
314
0
311
319
318
0
22
24
22
0
24
22
24
0
22
24
22
0
24
23
23
0
24
22
24
0
22
24
22
0
24
22
24
0
17
14
8
0
8
9
7
0
9
7
9
0
7
9
7
0
9
7
9
0
8
8
9
0
7
9
7
0
9
7
4
*
waitingTimeCarsLeft
0
22
0
18
15
12
0
12
12
12
0
12
12
12
0
12
12
12
0
12
12
12
0
12
12
12
0
12
12
12
0
12
12
12
0
12
7
7
0
7
7
7
0
7
7
7
0
7
7
7
0
7
7
7
0
7
7
7
0
7
7
7
0
3
