9
5 2 1 7 3 0 3 3
15
101
2235
13594.34
1740
189
28.33334
carsInLane
5 2 1 7 3 0 3 3
10 4 2 7 6 0 6 3
5 6 3 14 3 0 9 6
10 8 4 7 6 0 12 3
5 2 5 14 9 0 15 6
10 4 6 21 12 0 3 3
15 6 1 13 15 0 6 6
5 8 2 20 3 0 9 9
10 10 3 12 6 0 12 3
5 2 4 19 9 0 15 6
10 4 5 26 3 0 18 9
15 6 6 18 6 0 21 3
20 8 1 25 9 0 9 6
25 10 2 17 12 0 12 3
15 12 3 24 3 0 15 6
20 14 4 16 6 0 18 3
10 2 5 23 9 0 21 6
15 4 6 15 12 0 24 3
20 6 1 22 15 0 12 6
10 8 2 29 3 0 15 9
15 2 3 36 6 0 18 12
20 4 4 28 9 0 21 3
25 6 1 20 12 0 24 6
15 8 2 27 3 0 27 9
20 10 3 19 6 0 30 3
25 12 1 26 9 0 18 6
15 2 2 33 12 0 21 9
20 4 3 25 15 0 24 3
10 6 4 32 3 0 27 6
15 8 5 24 6 0 30 3
20 2 6 31 9 0 33 6
25 4 1 38 12 0 21 9
30 6 2 30 15 0 24 3
20 8 3 37 3 0 27 6
25 10 4 29 6 0 30 3
15 2 5 36 9 0 33 6
20 4 6 28 12 0 36 3
25 6 1 35 15 0 24 6
30 8 2 27 18 0 27 3
20 10 3 34 6 0 30 6
25 2 4 41 9 0 33 9
30 4 5 33 12 0 36 3
20 6 6 40 3 0 39 6
25 8 7 32 6 0 42 3
30 10 1 39 9 0 30 6
35 12 2 31 12 0 33 3
25 14 3 38 3 0 36 6
30 16 4 30 6 0 39 3
20 3 5 37 9 0 42 6
25 5 6 44 12 0 30 3
30 7 7 51 3 0 33 6
35 9 1 43 6 0 36 9
40 11 2 35 9 0 39 3
30 2 3 42 12 0 42 6
35 4 4 34 15 0 45 3
25 6 5 41 3 0 48 6
30 8 6 48 6 0 36 3
35 10 1 40 9 0 39 6
40 12 2 32 12 0 42 3
30 14 3 39 3 0 45 6
35 2 4 46 6 0 48 9
40 4 5 53 9 0 36 3
45 6 1 45 12 0 39 6
35 8 2 52 3 0 42 9
40 10 3 44 6 0 45 3
30 2 4 51 9 0 48 6
35 4 5 43 12 0 51 3
40 6 1 50 15 0 39 6
45 8 2 42 18 0 42 3
35 10 3 49 6 0 45 6
40 2 4 56 9 0 48 9
45 4 5 48 12 0 51 3
35 6 6 55 3 0 54 6
40 8 7 47 6 0 57 3
45 10 1 54 9 0 45 6
50 12 2 46 12 0 48 3
40 14 3 53 3 0 51 6
45 16 4 45 6 0 54 3
35 3 5 52 9 0 57 6
40 5 6 59 12 0 45 3
45 7 7 66 3 0 48 6
50 9 1 58 6 0 51 9
55 11 2 50 9 0 54 3
45 2 3 57 12 0 57 6
50 4 4 49 15 0 60 3
40 6 5 56 3 0 63 6
45 8 6 63 6 0 51 3
50 10 1 55 9 0 54 6
55 12 2 47 12 0 57 3
45 14 3 54 3 0 60 6
50 2 4 61 6 0 63 9
55 4 5 68 9 0 51 3
60 6 1 60 12 0 54 6
50 8 2 67 3 0 57 9
55 10 3 59 6 0 60 3
45 2 4 66 9 0 63 6
50 4 5 58 12 0 66 3
55 6 1 65 15 0 54 6
60 8 2 57 18 0 57 3
50 10 3 64 6 0 60 6
55 2 4 71 9 0 63 9
*
waitingTimeCarsGone
280
0
328
273
273
0
226
179
162
0
145
106
74
0
38
25
15
0
15
15
15
0
15
15
15
0
9
9
3
*
waitingTimeCarsLeft
0
21
0
19
19
16
0
15
15
15
0
15
8
8
0
8
3
3
0
3
3
3
0
3
3
3
0
3
3
