2
2 6 4 4 2 2 4 0
15
101
2090
18647.35
carsInLane
2 6 4 4 2 2 4 0
4 6 8 8 4 2 8 0
6 12 4 12 6 4 4 0
2 18 8 16 2 6 8 0
4 24 12 5 4 8 12 0
6 15 16 9 6 2 16 0
8 21 5 13 8 4 5 0
2 27 9 17 2 6 9 0
4 33 13 6 4 8 13 0
6 24 17 10 6 2 17 0
8 30 6 14 8 4 6 0
2 36 10 18 2 6 10 0
4 42 14 7 4 8 14 0
6 33 18 11 6 2 18 0
8 39 7 15 8 4 7 0
2 45 11 19 2 6 11 0
4 51 15 8 4 8 15 0
6 42 19 12 6 2 19 0
8 48 8 16 8 4 8 0
2 54 12 20 2 6 12 0
4 60 16 9 4 8 16 0
6 51 20 13 6 2 20 0
8 57 9 17 8 4 9 0
2 63 13 21 2 6 13 0
4 69 17 10 4 8 17 0
6 60 21 14 6 2 21 0
8 66 10 18 8 4 10 0
2 72 14 22 2 6 14 0
4 78 18 11 4 8 18 0
6 69 22 15 6 2 22 0
8 75 11 19 8 4 11 0
2 81 15 23 2 6 15 0
4 87 19 12 4 8 19 0
6 78 23 16 6 2 23 0
8 84 12 20 8 4 12 0
2 90 16 24 2 6 16 0
4 96 20 13 4 8 20 0
6 87 24 17 6 2 24 0
8 93 13 21 8 4 13 0
2 99 17 25 2 6 17 0
4 105 21 14 4 8 21 0
6 96 25 18 6 2 25 0
8 102 14 22 8 4 14 0
2 108 18 26 2 6 18 0
4 114 22 15 4 8 22 0
6 105 26 19 6 2 26 0
8 111 15 23 8 4 15 0
2 117 19 27 2 6 19 0
4 123 23 16 4 8 23 0
6 114 27 20 6 2 27 0
8 120 16 24 8 4 16 0
2 126 20 28 2 6 20 0
4 132 24 17 4 8 24 0
6 123 28 21 6 2 28 0
8 129 17 25 8 4 17 0
2 135 21 29 2 6 21 0
4 141 25 18 4 8 25 0
6 132 29 22 6 2 29 0
8 138 18 26 8 4 18 0
2 144 22 30 2 6 22 0
4 150 26 19 4 8 26 0
6 141 30 23 6 2 30 0
8 147 19 27 8 4 19 0
2 153 23 31 2 6 23 0
4 159 27 20 4 8 27 0
6 150 31 24 6 2 31 0
8 156 20 28 8 4 20 0
2 162 24 32 2 6 24 0
4 168 28 21 4 8 28 0
6 159 32 25 6 2 32 0
8 165 21 29 8 4 21 0
2 171 25 33 2 6 25 0
4 177 29 22 4 8 29 0
6 168 33 26 6 2 33 0
8 174 22 30 8 4 22 0
2 180 26 34 2 6 26 0
4 186 30 23 4 8 30 0
6 177 34 27 6 2 34 0
8 183 23 31 8 4 23 0
2 189 27 35 2 6 27 0
4 195 31 24 4 8 31 0
6 186 35 28 6 2 35 0
8 192 24 32 8 4 24 0
2 198 28 36 2 6 28 0
4 204 32 25 4 8 32 0
6 195 36 29 6 2 36 0
8 201 25 33 8 4 25 0
2 207 29 37 2 6 29 0
4 213 33 26 4 8 33 0
6 204 37 30 6 2 37 0
8 210 26 34 8 4 26 0
2 216 30 38 2 6 30 0
4 222 34 27 4 8 34 0
6 213 38 31 6 2 38 0
8 219 27 35 8 4 27 0
2 225 31 39 2 6 31 0
4 231 35 28 4 8 35 0
6 222 39 32 6 2 39 0
8 228 28 36 8 4 28 0
2 234 32 40 2 6 32 0
4 240 36 29 4 8 36 0
*
waitingTimeCarsGone
184
0
227
270
320
0
189
189
177
0
127
79
34
0
9
9
12
0
9
9
12
0
9
9
12
0
9
9
12
0
9
9
12
0
9
9
12
0
9
9
12
0
9
9
12
0
9
9
12
0
9
9
6
*
waitingTimeCarsLeft
0
22
0
22
18
18
0
18
18
18
0
15
14
6
0
6
6
6
0
6
6
6
0
6
6
6
0
6
6
6
0
6
6
6
0
6
6
6
0
6
6
6
0
6
6
6
0
6
6
6
0
3
