2
1 4 3 5 2 2 4 3
15
101
2217
14384.31
2605.333
207
carsInLane
1 4 3 5 2 2 4 3
2 8 6 5 4 4 8 3
3 12 3 10 6 6 4 6
1 16 6 15 2 8 8 9
2 5 9 20 4 2 12 12
3 9 12 10 6 4 16 3
4 13 3 15 8 6 5 6
1 17 6 20 2 8 9 9
2 6 9 25 4 2 13 12
3 10 12 15 6 4 17 3
4 14 3 20 8 6 6 6
1 18 6 25 2 8 10 9
2 7 9 30 4 2 14 12
3 11 12 20 6 4 18 3
4 15 3 25 8 6 7 6
1 19 6 30 2 8 11 9
2 8 9 35 4 2 15 12
3 12 12 25 6 4 19 3
4 16 3 30 8 6 8 6
1 20 6 35 2 8 12 9
2 9 9 40 4 2 16 12
3 13 12 30 6 4 20 3
4 17 3 35 8 6 9 6
1 21 6 40 2 8 13 9
2 10 9 45 4 2 17 12
3 14 12 35 6 4 21 3
4 18 3 40 8 6 10 6
1 22 6 45 2 8 14 9
2 11 9 50 4 2 18 12
3 15 12 40 6 4 22 3
4 19 3 45 8 6 11 6
1 23 6 50 2 8 15 9
2 12 9 55 4 2 19 12
3 16 12 45 6 4 23 3
4 20 3 50 8 6 12 6
1 24 6 55 2 8 16 9
2 13 9 60 4 2 20 12
3 17 12 50 6 4 24 3
4 21 3 55 8 6 13 6
1 25 6 60 2 8 17 9
2 14 9 65 4 2 21 12
3 18 12 55 6 4 25 3
4 22 3 60 8 6 14 6
1 26 6 65 2 8 18 9
2 15 9 70 4 2 22 12
3 19 12 60 6 4 26 3
4 23 3 65 8 6 15 6
1 27 6 70 2 8 19 9
2 16 9 75 4 2 23 12
3 20 12 65 6 4 27 3
4 24 3 70 8 6 16 6
1 28 6 75 2 8 20 9
2 17 9 80 4 2 24 12
3 21 12 70 6 4 28 3
4 25 3 75 8 6 17 6
1 29 6 80 2 8 21 9
2 18 9 85 4 2 25 12
3 22 12 75 6 4 29 3
4 26 3 80 8 6 18 6
1 30 6 85 2 8 22 9
2 19 9 90 4 2 26 12
3 23 12 80 6 4 30 3
4 27 3 85 8 6 19 6
1 31 6 90 2 8 23 9
2 20 9 95 4 2 27 12
3 24 12 85 6 4 31 3
4 28 3 90 8 6 20 6
1 32 6 95 2 8 24 9
2 21 9 100 4 2 28 12
3 25 12 90 6 4 32 3
4 29 3 95 8 6 21 6
1 33 6 100 2 8 25 9
2 22 9 105 4 2 29 12
3 26 12 95 6 4 33 3
4 30 3 100 8 6 22 6
1 34 6 105 2 8 26 9
2 23 9 110 4 2 30 12
3 27 12 100 6 4 34 3
4 31 3 105 8 6 23 6
1 35 6 110 2 8 27 9
2 24 9 115 4 2 31 12
3 28 12 105 6 4 35 3
4 32 3 110 8 6 24 6
1 36 6 115 2 8 28 9
2 25 9 120 4 2 32 12
3 29 12 110 6 4 36 3
4 33 3 115 8 6 25 6
1 37 6 120 2 8 29 9
2 26 9 125 4 2 33 12
3 30 12 115 6 4 37 3
4 34 3 120 8 6 26 6
1 38 6 125 2 8 30 9
2 27 9 130 4 2 34 12
3 31 12 120 6 4 38 3
4 35 3 125 8 6 27 6
1 39 6 130 2 8 31 9
2 28 9 135 4 2 35 12
3 32 12 125 6 4 39 3
4 36 3 130 8 6 28 6
1 40 6 135 2 8 32 9
2 29 9 140 4 2 36 12
*
waitingTimeCarsGone
299
0
328
358
392
0
135
135
126
0
95
63
31
0
15
15
15
0
15
15
15
0
15
15
15
0
15
15
15
0
15
15
15
0
15
10
5
*
waitingTimeCarsLeft
0
21
0
19
16
13
0
13
13
13
0
10
9
5
0
5
5
5
0
5
5
5
0
5
5
5
0
5
5
5
0
5
5
5
