7
2 3 6 4 1 5 1 2
15
101
2380
6426.664
150.6667
44
9.666666
carsInLane
2 3 6 4 1 5 1 2
4 6 6 4 2 10 2 4
6 3 12 8 3 5 3 6
8 6 6 4 4 10 4 8
10 3 12 8 5 5 5 10
12 6 6 4 6 10 6 12
2 9 12 8 1 15 7 14
4 3 18 12 2 5 8 16
6 6 24 16 3 10 1 3
8 9 15 5 4 15 2 5
10 3 21 9 5 5 3 7
12 6 12 4 6 10 4 9
2 9 18 8 1 15 5 11
4 12 9 4 2 20 6 13
6 3 15 8 3 10 7 15
8 6 21 4 4 15 8 2
10 9 12 8 5 20 1 4
12 3 18 12 6 10 2 6
14 6 9 4 7 15 3 8
16 9 15 8 1 5 4 10
3 3 21 12 2 10 5 12
5 6 12 4 3 15 6 14
7 3 18 8 4 5 7 16
9 6 24 12 5 10 1 3
11 9 15 4 6 15 2 5
13 3 21 8 7 5 3 7
15 6 12 4 8 10 4 9
2 9 18 8 1 15 5 11
4 12 9 4 2 20 6 13
6 3 15 8 3 10 7 15
8 6 21 4 4 15 8 2
10 9 12 8 5 20 1 4
12 3 18 12 6 10 2 6
14 6 9 4 7 15 3 8
16 9 15 8 1 5 4 10
3 3 21 12 2 10 5 12
5 6 12 4 3 15 6 14
7 3 18 8 4 5 7 16
9 6 24 12 5 10 1 3
11 9 15 4 6 15 2 5
13 3 21 8 7 5 3 7
15 6 12 4 8 10 4 9
2 9 18 8 1 15 5 11
4 12 9 4 2 20 6 13
6 3 15 8 3 10 7 15
8 6 21 4 4 15 8 2
10 9 12 8 5 20 1 4
12 3 18 12 6 10 2 6
14 6 9 4 7 15 3 8
16 9 15 8 1 5 4 10
3 3 21 12 2 10 5 12
5 6 12 4 3 15 6 14
7 3 18 8 4 5 7 16
9 6 24 12 5 10 1 3
11 9 15 4 6 15 2 5
13 3 21 8 7 5 3 7
15 6 12 4 8 10 4 9
2 9 18 8 1 15 5 11
4 12 9 4 2 20 6 13
6 3 15 8 3 10 7 15
8 6 21 4 4 15 8 2
10 9 12 8 5 20 1 4
12 3 18 12 6 10 2 6
14 6 9 4 7 15 3 8
16 9 15 8 1 5 4 10
3 3 21 12 2 10 5 12
5 6 12 4 3 15 6 14
7 3 18 8 4 5 7 16
9 6 24 12 5 10 1 3
11 9 15 4 6 15 2 5
13 3 21 8 7 5 3 7
15 6 12 4 8 10 4 9
2 9 18 8 1 15 5 11
4 12 9 4 2 20 6 13
6 3 15 8 3 10 7 15
8 6 21 4 4 15 8 2
10 9 12 8 5 20 1 4
12 3 18 12 6 10 2 6
14 6 9 4 7 15 3 8
16 9 15 8 1 5 4 10
3 3 21 12 2 10 5 12
5 6 12 4 3 15 6 14
7 3 18 8 4 5 7 16
9 6 24 12 5 10 1 3
11 9 15 4 6 15 2 5
13 3 21 8 7 5 3 7
15 6 12 4 8 10 4 9
2 9 18 8 1 15 5 11
4 12 9 4 2 20 6 13
6 3 15 8 3 10 7 15
8 6 21 4 4 15 8 2
10 9 12 8 5 20 1 4
12 3 18 12 6 10 2 6
14 6 9 4 7 15 3 8
16 9 15 8 1 5 4 10
3 3 21 12 2 10 5 12
5 6 12 4 3 15 6 14
7 3 18 8 4 5 7 16
9 6 24 12 5 10 1 3
11 9 15 4 6 15 2 5
13 3 21 8 7 5 3 7
*
waitingTimeCarsGone
494
0
729
621
259
0
78
78
72
0
49
*
waitingTimeCarsLeft
0
20
0
6
6
4
0
3
3
2
