10
1 1 5 5 3 4 4 1
15
101
2388
5850.673
112
36
13.66667
carsInLane
1 1 5 5 3 4 4 1
2 2 5 5 6 8 8 2
3 3 10 10 3 4 12 3
4 4 5 15 6 8 4 4
5 5 5 5 9 12 8 5
6 6 10 10 3 4 12 6
7 7 5 15 6 8 4 7
8 8 10 5 9 12 8 1
9 9 15 10 3 4 12 2
10 10 5 15 6 8 4 3
1 1 10 20 9 12 8 4
2 2 5 10 12 16 12 5
3 3 10 15 3 5 16 6
4 4 5 20 6 9 5 7
5 5 10 10 9 13 9 1
6 6 15 15 3 4 13 2
7 7 5 5 6 8 17 3
8 8 5 10 9 12 6 4
9 9 10 15 3 4 10 5
10 10 5 5 6 8 14 6
1 1 10 10 9 12 18 7
2 2 5 15 12 16 7 8
3 3 10 20 3 5 11 9
4 4 5 10 6 9 15 10
5 5 10 15 9 13 4 1
6 6 5 5 12 17 8 2
7 7 10 10 3 6 12 3
8 8 5 15 6 10 4 4
9 9 5 5 9 14 8 5
10 1 10 10 12 4 12 6
1 2 15 15 3 8 16 7
2 3 5 20 6 12 5 8
3 4 10 10 9 16 9 1
4 5 15 15 3 5 13 2
5 6 5 5 6 9 17 3
6 7 5 10 9 13 6 4
7 8 10 15 3 4 10 5
8 9 5 5 6 8 14 6
9 10 10 10 9 12 4 1
10 1 15 15 12 4 8 2
11 2 5 5 15 8 12 3
1 3 10 10 3 12 16 4
2 4 5 15 6 16 5 5
3 5 10 20 3 5 9 6
4 6 5 10 6 9 13 7
5 7 10 15 9 13 4 1
6 8 5 5 12 17 8 2
7 9 10 10 3 6 12 3
8 10 5 15 6 10 4 4
9 1 10 20 9 4 8 5
10 2 5 10 12 8 12 6
1 3 10 15 3 12 16 7
2 4 5 20 6 16 5 8
3 5 10 10 9 20 9 1
4 6 15 15 3 9 13 2
5 7 5 5 6 13 17 3
6 8 5 10 9 17 6 4
7 9 10 15 3 6 10 5
8 10 5 5 6 10 14 6
9 1 10 10 9 4 18 7
10 2 5 15 12 8 7 8
11 3 10 5 15 12 11 1
1 4 15 10 3 16 15 2
2 5 5 15 6 20 4 3
3 6 10 20 3 9 8 4
4 7 5 10 6 13 12 5
5 1 10 15 9 4 16 6
6 2 5 20 12 8 5 7
7 3 10 10 15 12 9 1
8 4 15 15 3 4 13 2
9 5 5 5 6 8 17 3
10 6 5 10 9 12 6 4
11 7 10 15 3 4 10 5
1 1 15 20 6 8 14 6
2 2 5 10 9 12 18 7
3 3 10 15 12 16 7 1
4 4 15 20 3 5 11 2
5 5 5 10 6 9 15 3
6 6 5 15 9 13 4 4
7 7 10 20 3 4 8 5
8 8 5 10 6 8 12 6
9 9 10 15 9 12 4 1
10 10 5 5 12 16 8 2
11 11 10 10 3 5 12 3
1 1 15 15 6 9 16 4
2 2 5 20 9 13 5 5
3 3 10 10 12 17 9 1
4 4 15 15 3 6 13 2
5 5 5 5 6 10 17 3
6 6 5 10 9 14 6 4
7 7 10 15 3 4 10 5
8 8 5 5 6 8 14 6
9 9 10 10 9 12 4 1
10 1 15 15 12 4 8 2
11 2 5 5 15 8 12 3
1 3 10 10 3 12 16 4
2 4 5 15 6 16 5 5
3 5 10 20 3 5 9 6
4 6 5 10 6 9 13 7
5 7 10 15 9 13 4 1
6 8 5 5 12 17 8 2
*
waitingTimeCarsGone
641
0
710
562
284
0
69
32
29
0
21
18
16
0
6
*
waitingTimeCarsLeft
0
19
0
7
2
2
0
2
2
1
0
1
