8
2 4 1 5 1 2 7 2
15
101
2122
19584.66
3776
302
carsInLane
2 4 1 5 1 2 7 2
4 8 2 10 2 4 7 2
6 4 3 15 3 2 14 4
8 8 4 5 4 4 21 2
10 12 1 10 5 6 13 4
2 4 2 15 6 8 20 6
4 8 3 20 7 10 12 2
6 12 1 10 8 12 19 4
8 4 2 15 9 2 26 6
2 8 3 20 1 4 33 8
4 12 4 25 2 6 25 2
6 16 1 30 3 8 17 4
8 20 2 20 4 10 24 2
10 9 3 25 5 2 31 4
12 13 4 30 6 4 23 2
14 17 1 20 7 6 30 4
16 21 2 25 8 8 22 2
3 10 3 30 9 10 29 4
5 14 4 35 1 2 36 6
7 18 5 40 2 4 28 2
9 22 1 30 3 6 35 4
11 26 2 35 4 8 27 2
13 30 3 25 5 10 34 2
2 19 4 30 6 12 41 4
4 23 1 35 7 14 33 6
6 27 2 25 8 16 40 2
8 16 3 30 9 3 47 4
2 20 4 35 1 5 54 6
4 24 5 40 2 7 46 2
6 28 1 45 3 9 38 4
8 32 2 35 4 11 45 2
10 36 1 40 5 13 37 4
12 25 2 45 6 2 44 6
14 29 3 35 7 4 51 2
16 33 1 40 8 6 43 4
3 22 2 45 9 8 50 6
5 26 3 50 1 2 57 8
7 30 4 55 2 4 49 2
9 34 1 45 3 6 56 4
11 38 2 50 4 8 48 2
13 42 3 40 5 10 55 2
15 46 1 45 6 12 47 4
2 35 2 50 7 14 54 6
4 39 3 55 8 16 46 2
6 43 1 45 9 18 53 4
8 47 2 50 1 5 60 6
10 51 3 55 2 7 52 2
2 40 4 60 3 9 59 4
4 44 5 50 4 11 66 2
6 48 1 55 5 13 58 4
8 52 2 60 6 15 50 2
10 41 3 65 7 2 57 4
12 45 4 55 8 4 64 2
14 49 1 60 9 6 56 4
2 53 2 65 1 8 63 6
4 57 3 55 2 10 70 2
6 61 1 60 3 12 62 4
8 50 2 65 4 2 69 6
10 54 3 70 5 4 61 2
12 58 1 60 6 6 68 4
14 62 2 65 7 8 60 2
2 51 3 70 8 10 67 4
4 55 4 60 9 12 74 2
6 59 5 65 1 2 81 4
8 63 1 70 2 4 73 6
10 67 2 75 3 6 65 2
12 71 3 65 4 8 72 2
2 60 4 70 5 10 79 4
4 64 1 75 6 12 71 6
6 68 2 65 7 14 78 2
8 57 3 70 8 2 85 4
10 61 4 75 9 4 77 2
2 65 5 80 1 6 84 4
4 69 1 85 2 8 76 6
6 73 2 75 3 10 83 2
8 77 1 80 4 12 75 4
10 66 2 85 5 2 82 6
12 70 3 75 6 4 89 2
14 74 1 80 7 6 81 4
2 63 2 85 8 8 88 6
4 67 3 90 9 10 80 2
6 71 4 95 1 2 87 4
8 75 5 85 2 4 94 2
10 79 1 90 3 6 86 4
12 83 2 80 4 8 93 2
14 87 1 85 5 10 85 4
2 76 2 90 6 12 92 6
4 80 3 95 7 14 84 2
6 84 1 85 8 16 91 4
8 73 2 90 9 3 98 6
2 77 3 95 1 5 105 8
4 81 4 100 2 7 97 2
6 85 1 90 3 9 104 4
8 89 2 95 4 11 96 2
10 78 3 100 5 2 103 4
12 82 4 105 6 4 95 2
14 86 1 95 7 6 102 4
16 90 2 100 8 8 94 2
3 79 3 105 9 10 101 4
5 83 4 110 1 2 108 6
7 87 5 100 2 4 115 2
*
waitingTimeCarsGone
206
0
222
198
166
0
152
129
138
0
120
94
73
0
82
96
86
0
65
64
39
0
44
34
37
0
32
26
16
0
3
*
waitingTimeCarsLeft
0
23
0
21
18
17
0
16
16
16
0
16
16
16
0
16
16
16
0
16
11
9
0
9
9
9
0
9
4
3
