7
1 6 1 3 3 3 3 4
15
101
2361
8756.335
carsInLane
1 6 1 3 3 3 3 4
2 6 2 6 6 3 6 8
3 12 3 3 9 6 9 4
4 6 4 6 12 3 12 8
5 12 5 9 15 6 3 4
6 18 6 12 3 3 6 8
1 9 7 15 6 6 9 12
2 15 8 3 9 9 12 4
3 21 1 6 12 12 3 8
4 12 2 9 15 3 6 12
5 18 3 3 18 6 9 4
6 9 4 6 21 3 12 8
1 15 5 9 9 6 15 12
2 21 6 12 12 9 3 4
3 12 7 15 15 3 6 8
4 18 8 3 18 6 9 4
5 24 1 6 21 9 3 8
6 15 2 9 24 3 6 12
1 21 3 12 12 6 9 16
2 27 4 3 15 9 12 5
3 18 5 6 18 3 15 9
4 24 6 9 21 6 3 4
5 15 7 12 24 3 6 8
1 21 8 15 12 6 9 12
2 27 1 3 15 9 12 16
3 18 2 6 18 3 15 20
4 24 3 9 21 6 3 9
5 15 4 12 24 3 6 13
1 21 5 15 12 6 9 17
2 27 6 3 15 9 12 6
3 18 7 6 18 3 15 10
4 24 8 9 21 6 3 4
5 30 1 3 24 9 6 8
6 21 2 6 27 3 9 12
1 27 3 9 15 6 12 16
2 18 4 12 18 3 15 20
3 24 5 15 21 6 3 9
4 15 6 18 24 3 6 13
5 21 7 6 27 6 9 4
6 27 8 9 15 3 12 8
7 33 1 12 18 6 3 12
1 24 2 15 21 9 6 16
2 15 3 18 24 3 9 20
3 21 4 6 27 6 12 9
4 27 5 9 15 3 15 13
1 18 6 12 18 6 18 17
2 24 7 15 21 9 6 6
3 15 8 18 24 3 9 10
4 21 1 6 27 6 12 14
5 27 2 9 15 3 15 18
6 33 3 12 18 6 3 7
7 24 4 15 21 3 6 11
1 15 5 18 24 6 9 15
2 21 6 6 27 9 12 4
3 27 7 9 15 3 15 8
4 18 8 12 18 3 18 12
5 24 1 15 21 6 6 16
6 30 2 3 24 9 9 5
7 21 3 6 27 3 12 9
1 27 4 9 15 6 15 13
2 18 5 12 18 3 18 17
3 24 6 15 21 6 6 6
4 15 7 18 24 3 9 10
1 21 8 21 12 6 12 14
2 27 1 9 15 9 15 18
3 18 2 12 18 3 18 22
4 24 3 15 21 6 6 11
5 15 4 18 24 3 9 15
6 21 5 6 27 6 12 4
1 27 6 9 15 9 15 8
2 18 7 12 18 3 18 12
3 24 8 15 21 6 6 4
4 30 1 3 24 9 9 8
5 21 2 6 27 3 12 12
1 27 3 9 15 6 15 16
2 18 4 12 18 3 18 20
3 24 5 15 21 6 6 9
4 15 6 18 24 3 9 13
5 21 7 6 27 6 12 4
6 27 8 9 15 3 15 8
7 33 1 12 18 6 3 12
1 24 2 15 21 9 6 16
2 15 3 18 24 3 9 20
3 21 4 6 27 6 12 9
4 27 5 9 15 3 15 13
1 18 6 12 18 6 18 17
2 24 7 15 21 9 6 6
3 15 8 18 24 3 9 10
4 21 1 6 27 6 12 14
5 27 2 9 15 3 15 18
6 33 3 12 18 6 3 7
7 24 4 15 21 3 6 11
1 15 5 18 24 6 9 15
2 21 6 6 27 9 12 4
3 27 7 9 15 3 15 8
4 18 8 12 18 3 18 12
5 24 1 15 21 6 6 16
6 30 2 3 24 9 9 5
7 21 3 6 27 3 12 9
1 27 4 9 15 6 15 13
2 18 5 12 18 3 18 17
*
waitingTimeCarsGone
322
0
453
507
449
0
305
148
75
0
63
39
*
waitingTimeCarsLeft
0
22
0
14
13
7
0
4
3
