6
3 4 3 4 0 1 4 5
15
101
2387
5767.672
81.33334
37
8.333333
carsInLane
3 4 3 4 0 1 4 5
6 8 6 4 0 2 8 5
9 12 3 8 0 3 4 10
3 4 6 12 0 4 8 15
6 8 9 4 0 5 12 5
9 12 3 8 0 6 4 10
3 4 6 12 0 7 8 15
6 8 9 16 0 1 12 20
9 12 12 5 0 2 16 10
12 16 3 9 0 3 5 15
3 5 6 13 0 4 9 20
6 9 9 4 0 5 13 10
9 13 12 8 0 6 4 5
3 4 15 12 0 7 8 10
6 8 18 16 0 1 12 15
9 12 6 5 0 2 16 20
12 16 9 9 0 3 5 10
3 5 12 13 0 4 9 15
6 9 15 4 0 5 13 5
9 13 3 8 0 6 4 10
3 4 6 12 0 7 8 15
6 8 9 16 0 1 12 20
9 12 12 5 0 2 16 10
12 16 3 9 0 3 5 15
3 5 6 13 0 4 9 20
6 9 9 4 0 5 13 10
9 13 12 8 0 6 4 5
3 4 15 12 0 7 8 10
6 8 18 16 0 1 12 15
9 12 6 5 0 2 16 20
12 16 9 9 0 3 5 10
3 5 12 13 0 4 9 15
6 9 15 4 0 5 13 5
9 13 3 8 0 6 4 10
3 4 6 12 0 7 8 15
6 8 9 16 0 1 12 20
9 12 12 5 0 2 16 10
12 16 3 9 0 3 5 15
3 5 6 13 0 4 9 20
6 9 9 4 0 5 13 10
9 13 12 8 0 6 4 5
3 4 15 12 0 7 8 10
6 8 18 16 0 1 12 15
9 12 6 5 0 2 16 20
12 16 9 9 0 3 5 10
3 5 12 13 0 4 9 15
6 9 15 4 0 5 13 5
9 13 3 8 0 6 4 10
3 4 6 12 0 7 8 15
6 8 9 16 0 1 12 20
9 12 12 5 0 2 16 10
12 16 3 9 0 3 5 15
3 5 6 13 0 4 9 20
6 9 9 4 0 5 13 10
9 13 12 8 0 6 4 5
3 4 15 12 0 7 8 10
6 8 18 16 0 1 12 15
9 12 6 5 0 2 16 20
12 16 9 9 0 3 5 10
3 5 12 13 0 4 9 15
6 9 15 4 0 5 13 5
9 13 3 8 0 6 4 10
3 4 6 12 0 7 8 15
6 8 9 16 0 1 12 20
9 12 12 5 0 2 16 10
12 16 3 9 0 3 5 15
3 5 6 13 0 4 9 20
6 9 9 4 0 5 13 10
9 13 12 8 0 6 4 5
3 4 15 12 0 7 8 10
6 8 18 16 0 1 12 15
9 12 6 5 0 2 16 20
12 16 9 9 0 3 5 10
3 5 12 13 0 4 9 15
6 9 15 4 0 5 13 5
9 13 3 8 0 6 4 10
3 4 6 12 0 7 8 15
6 8 9 16 0 1 12 20
9 12 12 5 0 2 16 10
12 16 3 9 0 3 5 15
3 5 6 13 0 4 9 20
6 9 9 4 0 5 13 10
9 13 12 8 0 6 4 5
3 4 15 12 0 7 8 10
6 8 18 16 0 1 12 15
9 12 6 5 0 2 16 20
12 16 9 9 0 3 5 10
3 5 12 13 0 4 9 15
6 9 15 4 0 5 13 5
9 13 3 8 0 6 4 10
3 4 6 12 0 7 8 15
6 8 9 16 0 1 12 20
9 12 12 5 0 2 16 10
12 16 3 9 0 3 5 15
3 5 6 13 0 4 9 20
6 9 9 4 0 5 13 10
9 13 12 8 0 6 4 5
3 4 15 12 0 7 8 10
6 8 18 16 0 1 12 15
9 12 6 5 0 2 16 20
12 16 9 9 0 3 5 10
*
waitingTimeCarsGone
527
0
686
644
428
0
53
35
14
*
waitingTimeCarsLeft
0
18
0
14
5
