2
2 4 1 5 1 2 7 2
15
101
1920
23736.03
12886.67
504
carsInLane
2 4 1 5 1 2 7 2
4 8 2 10 2 4 7 2
6 4 3 15 3 2 14 4
2 8 4 20 1 4 21 6
4 12 1 10 2 6 28 8
6 16 2 15 3 8 20 2
8 5 3 20 4 2 27 4
2 9 4 25 1 4 34 6
4 13 1 15 2 6 41 8
6 17 2 20 3 8 33 2
8 6 3 25 4 2 40 4
2 10 4 30 1 4 47 6
4 14 1 20 2 6 54 8
6 18 2 25 3 8 46 2
8 7 3 30 4 2 53 4
2 11 4 35 1 4 60 6
4 15 1 25 2 6 67 8
6 19 2 30 3 8 59 2
8 8 3 35 4 2 66 4
2 12 4 40 1 4 73 6
4 16 1 30 2 6 80 8
6 20 2 35 3 8 72 2
8 9 3 40 4 2 79 4
2 13 4 45 1 4 86 6
4 17 1 35 2 6 93 8
6 21 2 40 3 8 85 2
8 10 3 45 4 2 92 4
2 14 4 50 1 4 99 6
4 18 1 40 2 6 106 8
6 22 2 45 3 8 98 2
8 11 3 50 4 2 105 4
2 15 4 55 1 4 112 6
4 19 1 45 2 6 119 8
6 23 2 50 3 8 111 2
8 12 3 55 4 2 118 4
2 16 4 60 1 4 125 6
4 20 1 50 2 6 132 8
6 24 2 55 3 8 124 2
8 13 3 60 4 2 131 4
2 17 4 65 1 4 138 6
4 21 1 55 2 6 145 8
6 25 2 60 3 8 137 2
8 14 3 65 4 2 144 4
2 18 4 70 1 4 151 6
4 22 1 60 2 6 158 8
6 26 2 65 3 8 150 2
8 15 3 70 4 2 157 4
2 19 4 75 1 4 164 6
4 23 1 65 2 6 171 8
6 27 2 70 3 8 163 2
8 16 3 75 4 2 170 4
2 20 4 80 1 4 177 6
4 24 1 70 2 6 184 8
6 28 2 75 3 8 176 2
8 17 3 80 4 2 183 4
2 21 4 85 1 4 190 6
4 25 1 75 2 6 197 8
6 29 2 80 3 8 189 2
8 18 3 85 4 2 196 4
2 22 4 90 1 4 203 6
4 26 1 80 2 6 210 8
6 30 2 85 3 8 202 2
8 19 3 90 4 2 209 4
2 23 4 95 1 4 216 6
4 27 1 85 2 6 223 8
6 31 2 90 3 8 215 2
8 20 3 95 4 2 222 4
2 24 4 100 1 4 229 6
4 28 1 90 2 6 236 8
6 32 2 95 3 8 228 2
8 21 3 100 4 2 235 4
2 25 4 105 1 4 242 6
4 29 1 95 2 6 249 8
6 33 2 100 3 8 241 2
8 22 3 105 4 2 248 4
2 26 4 110 1 4 255 6
4 30 1 100 2 6 262 8
6 34 2 105 3 8 254 2
8 23 3 110 4 2 261 4
2 27 4 115 1 4 268 6
4 31 1 105 2 6 275 8
6 35 2 110 3 8 267 2
8 24 3 115 4 2 274 4
2 28 4 120 1 4 281 6
4 32 1 110 2 6 288 8
6 36 2 115 3 8 280 2
8 25 3 120 4 2 287 4
2 29 4 125 1 4 294 6
4 33 1 115 2 6 301 8
6 37 2 120 3 8 293 2
8 26 3 125 4 2 300 4
2 30 4 130 1 4 307 6
4 34 1 120 2 6 314 8
6 38 2 125 3 8 306 2
8 27 3 130 4 2 313 4
2 31 4 135 1 4 320 6
4 35 1 125 2 6 327 8
6 39 2 130 3 8 319 2
8 28 3 135 4 2 326 4
2 32 4 140 1 4 333 6
4 36 1 130 2 6 340 8
*
waitingTimeCarsGone
219
0
232
253
273
0
82
84
76
0
62
44
30
0
22
24
22
0
24
23
23
0
24
22
24
0
22
24
22
0
24
22
24
0
22
19
13
0
8
9
7
0
9
7
9
0
7
9
7
0
9
7
9
0
8
8
9
0
7
9
7
0
9
7
4
*
waitingTimeCarsLeft
0
22
0
21
18
16
0
16
16
16
0
16
16
12
0
12
12
12
0
12
12
12
0
12
12
12
0
12
12
12
0
12
12
12
0
12
7
7
0
7
7
7
0
7
7
7
0
7
7
7
0
7
7
7
0
7
7
7
0
7
7
7
0
3
