2
1 2 4 5 5 4 3 0
15
101
2094
19850.02
5064
330
carsInLane
1 2 4 5 5 4 3 0
2 4 4 5 10 8 6 0
3 6 8 10 5 4 9 0
1 2 12 15 10 8 12 0
2 4 16 20 15 12 3 0
3 6 5 10 20 16 6 0
4 8 9 15 10 5 9 0
1 2 13 20 15 9 12 0
2 4 17 25 20 13 3 0
3 6 6 15 25 17 6 0
4 8 10 20 15 6 9 0
1 2 14 25 20 10 12 0
2 4 18 30 25 14 3 0
3 6 7 20 30 18 6 0
4 8 11 25 20 7 9 0
1 2 15 30 25 11 12 0
2 4 19 35 30 15 3 0
3 6 8 25 35 19 6 0
4 8 12 30 25 8 9 0
1 2 16 35 30 12 12 0
2 4 20 40 35 16 3 0
3 6 9 30 40 20 6 0
4 8 13 35 30 9 9 0
1 2 17 40 35 13 12 0
2 4 21 45 40 17 3 0
3 6 10 35 45 21 6 0
4 8 14 40 35 10 9 0
1 2 18 45 40 14 12 0
2 4 22 50 45 18 3 0
3 6 11 40 50 22 6 0
4 8 15 45 40 11 9 0
1 2 19 50 45 15 12 0
2 4 23 55 50 19 3 0
3 6 12 45 55 23 6 0
4 8 16 50 45 12 9 0
1 2 20 55 50 16 12 0
2 4 24 60 55 20 3 0
3 6 13 50 60 24 6 0
4 8 17 55 50 13 9 0
1 2 21 60 55 17 12 0
2 4 25 65 60 21 3 0
3 6 14 55 65 25 6 0
4 8 18 60 55 14 9 0
1 2 22 65 60 18 12 0
2 4 26 70 65 22 3 0
3 6 15 60 70 26 6 0
4 8 19 65 60 15 9 0
1 2 23 70 65 19 12 0
2 4 27 75 70 23 3 0
3 6 16 65 75 27 6 0
4 8 20 70 65 16 9 0
1 2 24 75 70 20 12 0
2 4 28 80 75 24 3 0
3 6 17 70 80 28 6 0
4 8 21 75 70 17 9 0
1 2 25 80 75 21 12 0
2 4 29 85 80 25 3 0
3 6 18 75 85 29 6 0
4 8 22 80 75 18 9 0
1 2 26 85 80 22 12 0
2 4 30 90 85 26 3 0
3 6 19 80 90 30 6 0
4 8 23 85 80 19 9 0
1 2 27 90 85 23 12 0
2 4 31 95 90 27 3 0
3 6 20 85 95 31 6 0
4 8 24 90 85 20 9 0
1 2 28 95 90 24 12 0
2 4 32 100 95 28 3 0
3 6 21 90 100 32 6 0
4 8 25 95 90 21 9 0
1 2 29 100 95 25 12 0
2 4 33 105 100 29 3 0
3 6 22 95 105 33 6 0
4 8 26 100 95 22 9 0
1 2 30 105 100 26 12 0
2 4 34 110 105 30 3 0
3 6 23 100 110 34 6 0
4 8 27 105 100 23 9 0
1 2 31 110 105 27 12 0
2 4 35 115 110 31 3 0
3 6 24 105 115 35 6 0
4 8 28 110 105 24 9 0
1 2 32 115 110 28 12 0
2 4 36 120 115 32 3 0
3 6 25 110 120 36 6 0
4 8 29 115 110 25 9 0
1 2 33 120 115 29 12 0
2 4 37 125 120 33 3 0
3 6 26 115 125 37 6 0
4 8 30 120 115 26 9 0
1 2 34 125 120 30 12 0
2 4 38 130 125 34 3 0
3 6 27 120 130 38 6 0
4 8 31 125 120 27 9 0
1 2 35 130 125 31 12 0
2 4 39 135 130 35 3 0
3 6 28 125 135 39 6 0
4 8 32 130 125 28 9 0
1 2 36 135 130 32 12 0
2 4 40 140 135 36 3 0
*
waitingTimeCarsGone
180
0
213
246
285
0
150
150
141
0
110
78
46
0
30
30
30
0
30
30
30
0
30
30
30
0
30
30
30
0
30
30
30
0
25
15
5
*
waitingTimeCarsLeft
0
24
0
21
18
18
0
18
18
15
0
14
14
10
0
10
10
10
0
10
10
10
0
10
10
10
0
10
10
10
0
10
10
10
0
5
5
