4
0 6 4 5 4 2 1 2
15
95
2090
19908.02
4718.334
334
carsInLane
0 6 4 5 4 2 1 2
0 12 4 5 8 4 2 4
0 6 8 10 12 2 3 6
0 12 4 5 16 4 4 8
0 18 8 10 5 2 5 10
0 24 12 15 9 4 1 2
0 15 16 20 13 6 2 4
0 21 5 10 17 8 3 6
0 12 9 15 21 2 4 8
0 18 13 20 10 4 5 10
0 24 17 25 14 6 1 2
0 30 6 15 18 8 2 4
0 21 10 20 22 2 3 6
0 27 4 10 26 4 4 8
0 33 8 15 15 6 5 10
0 39 12 20 19 8 1 2
0 30 16 25 23 2 2 4
0 36 5 15 27 4 3 6
0 27 9 20 31 2 4 8
0 33 13 25 20 4 5 10
0 39 17 30 24 6 1 2
0 45 6 20 28 8 2 4
0 36 10 25 32 2 3 6
0 27 14 30 36 2 4 8
0 33 18 35 25 4 5 10
0 39 22 40 29 6 1 2
0 45 11 30 33 8 2 4
0 36 15 35 37 2 3 6
0 42 4 25 41 4 4 8
0 48 8 30 30 6 5 10
0 54 12 35 34 8 1 2
0 45 16 40 38 2 2 4
0 51 5 30 42 4 3 6
0 42 9 35 46 2 4 8
0 48 13 40 35 4 5 10
0 54 17 45 39 6 1 2
0 60 6 35 43 8 2 4
0 51 10 40 47 2 3 6
0 42 14 45 51 2 4 8
0 48 18 50 40 4 5 10
0 54 22 55 44 6 1 2
0 60 11 45 48 8 2 4
0 51 15 50 52 2 3 6
0 57 4 40 56 4 4 8
0 63 8 45 45 6 5 10
0 69 12 50 49 8 1 2
0 60 16 55 53 2 2 4
0 66 5 45 57 4 3 6
0 57 9 50 61 2 4 8
0 63 13 55 50 4 5 10
0 69 17 60 54 6 1 2
0 75 6 50 58 8 2 4
0 66 10 55 62 2 3 6
0 57 14 60 66 2 4 8
0 63 18 65 55 4 5 10
0 69 22 70 59 6 1 2
0 75 11 60 63 8 2 4
0 66 15 65 67 2 3 6
0 72 4 55 71 4 4 8
0 78 8 60 60 6 5 10
0 84 12 65 64 8 1 2
0 75 16 70 68 2 2 4
0 81 5 60 72 4 3 6
0 72 9 65 76 2 4 8
0 78 13 70 65 4 5 10
0 84 17 75 69 6 1 2
0 90 6 65 73 8 2 4
0 81 10 70 77 2 3 6
0 72 14 75 81 2 4 8
0 78 18 80 70 4 5 10
0 84 22 85 74 6 1 2
0 90 11 75 78 8 2 4
0 81 15 80 82 2 3 6
0 87 4 70 86 4 4 8
0 93 8 75 75 6 5 10
0 99 12 80 79 8 1 2
0 90 16 85 83 2 2 4
0 96 5 75 87 4 3 6
0 87 9 80 91 2 4 8
0 93 13 85 80 4 5 10
0 99 17 90 84 6 1 2
0 105 6 80 88 8 2 4
0 96 10 85 92 2 3 6
0 87 14 90 96 2 4 8
0 93 18 95 85 4 5 10
0 99 22 100 89 6 1 2
0 105 11 90 93 8 2 4
0 96 15 95 97 2 3 6
0 102 4 85 101 4 4 8
0 108 8 90 90 6 5 10
0 114 12 95 94 8 1 2
0 105 16 100 98 2 2 4
0 111 5 90 102 4 3 6
0 102 9 95 106 2 4 8
0 108 13 100 95 4 5 10
0 114 17 105 99 6 1 2
0 120 6 95 103 8 2 4
0 111 10 100 107 2 3 6
0 102 14 105 111 2 4 8
0 108 18 110 100 4 5 10
0 114 22 115 104 6 1 2
*
waitingTimeCarsGone
212
0
240
244
251
48
99
74
62
30
32
62
62
47
15
62
62
56
6
62
62
62
10
49
50
33
9
13
17
17
8
4
12
9
6
0
3
*
waitingTimeCarsLeft
0
24
0
20
17
15
15
0
15
15
15
0
15
15
15
0
15
15
15
0
15
15
15
0
15
15
9
4
0
4
4
4
0
4
4
