100
2 4 1 5 1 2 7 2
15
101
2182
16791.34
2753.333
242
carsInLane
2 4 1 5 1 2 7 2
4 8 2 10 2 4 7 2
6 4 3 15 3 2 14 4
8 8 4 5 4 4 21 2
10 12 1 10 5 6 13 4
2 4 2 15 6 8 20 6
4 8 3 20 7 10 12 2
6 12 1 10 8 12 19 4
8 4 2 15 9 2 26 6
10 8 3 20 10 4 18 2
12 12 1 10 11 6 25 4
14 16 2 15 12 8 17 2
2 5 3 20 13 10 24 4
4 9 4 25 14 12 16 2
6 13 1 15 15 14 23 4
8 17 2 20 1 2 30 6
10 21 3 25 2 4 22 2
2 10 4 30 3 6 29 4
4 14 5 20 4 8 36 2
6 18 1 25 5 10 28 4
8 22 2 30 6 12 20 2
10 11 3 35 7 2 27 4
12 15 4 25 8 4 34 2
14 19 1 30 9 6 26 4
16 23 2 20 10 8 33 2
3 12 3 25 11 10 40 4
5 16 4 30 12 12 32 2
7 20 1 35 13 14 24 4
9 24 2 25 14 16 31 2
11 13 3 30 15 3 38 4
13 17 4 35 16 5 30 2
15 21 1 25 17 7 37 4
17 25 2 30 18 9 29 2
4 14 3 35 19 11 36 4
6 18 4 40 20 13 28 2
8 22 1 30 21 15 35 4
10 26 2 35 22 17 27 2
12 15 3 40 23 4 34 4
14 19 4 30 24 6 41 2
16 23 1 35 25 8 33 4
3 27 2 40 11 10 40 6
5 31 3 30 12 12 47 2
7 35 1 35 13 14 39 4
9 24 2 40 14 2 46 6
11 28 3 45 15 4 38 2
13 32 1 35 16 6 45 4
15 36 2 40 17 8 37 2
2 25 3 45 18 10 44 4
4 29 4 35 19 12 51 2
6 33 1 40 20 14 43 4
8 22 2 45 21 2 50 6
10 26 3 50 22 4 42 2
12 30 1 40 23 6 49 4
14 34 2 45 24 8 41 2
2 23 3 50 25 10 48 4
4 27 4 40 26 12 55 2
6 31 1 45 27 14 47 4
8 35 2 50 28 16 39 2
10 39 3 40 29 18 46 2
12 28 4 45 30 5 53 4
14 32 1 50 31 7 45 6
16 36 2 40 32 9 52 2
18 40 1 45 33 11 44 4
5 29 2 50 34 13 51 6
7 33 3 55 35 15 43 2
9 37 1 45 36 17 50 4
11 26 2 50 37 4 57 6
13 30 3 55 38 6 49 2
15 34 1 45 39 8 56 4
17 38 2 50 40 10 48 2
4 42 3 55 26 12 55 4
6 46 4 45 27 14 62 2
8 50 1 50 28 16 54 4
10 39 2 55 29 3 61 6
12 43 3 60 30 5 53 2
14 47 1 50 31 7 60 4
16 51 2 55 32 9 52 2
3 40 3 60 33 11 59 4
5 44 4 50 34 13 66 2
7 48 1 55 35 15 58 4
9 37 2 60 36 2 65 6
11 41 3 65 37 4 57 2
13 45 1 55 38 6 64 4
15 49 2 60 39 8 56 2
2 38 3 65 40 10 63 4
4 42 4 55 41 12 70 2
6 46 1 60 42 14 62 4
8 50 2 65 43 16 54 2
10 54 3 55 44 18 61 2
12 43 4 60 45 5 68 4
14 47 1 65 46 7 60 6
16 51 2 55 47 9 67 2
18 55 1 60 48 11 59 4
5 44 2 65 49 13 66 6
7 48 3 70 50 15 58 2
9 52 1 60 51 17 65 4
11 41 2 65 52 4 72 6
13 45 3 70 53 6 64 2
15 49 1 60 54 8 71 4
17 53 2 65 55 10 63 2
4 57 3 70 41 12 70 4
*
waitingTimeCarsGone
180
0
226
213
200
0
190
210
208
0
198
172
113
0
78
75
55
0
22
2
1
0
1
1
1
0
1
1
1
0
1
1
1
0
1
1
1
0
1
1
1
0
1
1
1
0
1
1
1
0
1
1
1
0
1
1
1
0
1
1
1
0
1
1
1
0
1
1
1
0
1
1
1
*
waitingTimeCarsLeft
0
22
0
22
20
19
0
19
19
17
0
17
17
17
0
10
5
5
0
5
2
1
0
1
1
1
0
1
1
1
0
1
1
1
0
1
1
1
0
1
1
1
0
1
1
1
0
1
1
1
0
1
1
1
0
1
