7
5 4 3 5 1 0 3 3
15
101
2389
5661.668
carsInLane
5 4 3 5 1 0 3 3
5 4 6 10 2 0 6 6
10 8 9 5 3 0 9 3
15 12 3 10 4 0 3 6
5 4 6 15 5 0 6 9
10 8 9 5 6 0 9 3
15 12 3 10 7 0 3 6
5 4 6 15 8 0 6 9
10 8 9 20 1 0 9 12
15 12 12 10 2 0 12 3
5 4 15 15 3 0 15 6
10 8 3 20 4 0 3 9
15 12 6 10 5 0 6 3
5 4 9 15 6 0 9 6
10 8 3 5 7 0 12 9
15 12 6 10 8 0 3 3
20 16 9 15 1 0 6 6
10 5 12 20 2 0 9 9
15 9 3 10 3 0 12 12
5 4 6 15 4 0 15 15
10 8 9 5 5 0 18 3
15 12 3 10 6 0 6 6
5 4 6 15 7 0 9 9
10 8 9 5 8 0 12 3
15 12 12 10 1 0 15 6
20 16 3 15 2 0 3 9
10 5 6 20 3 0 6 12
15 9 9 10 4 0 9 3
5 4 12 15 5 0 12 6
10 8 3 5 6 0 15 9
15 12 6 10 7 0 3 3
5 4 9 15 8 0 6 6
10 8 12 20 1 0 9 9
15 12 3 10 2 0 12 12
5 4 6 15 3 0 15 15
10 8 9 5 4 0 18 3
15 12 3 10 5 0 6 6
5 4 6 15 6 0 9 9
10 8 9 5 7 0 12 3
15 12 3 10 8 0 3 6
20 16 6 15 1 0 6 9
10 5 9 20 2 0 9 12
15 9 12 10 3 0 12 3
20 13 3 15 4 0 3 6
10 4 6 20 5 0 6 9
15 8 9 10 6 0 9 3
5 4 12 15 7 0 12 6
10 8 3 5 8 0 15 9
15 12 6 10 1 0 18 12
20 16 9 15 2 0 6 3
10 5 12 20 3 0 9 6
15 9 3 10 4 0 12 9
5 4 6 15 5 0 15 12
10 8 9 5 6 0 18 3
15 12 3 10 7 0 6 6
5 4 6 15 8 0 9 9
10 8 9 20 1 0 12 12
15 12 12 10 2 0 15 3
20 16 3 15 3 0 3 6
10 5 6 20 4 0 6 9
15 9 9 10 5 0 9 3
5 4 12 15 6 0 12 6
10 8 3 5 7 0 15 9
15 12 6 10 8 0 3 3
20 16 9 15 1 0 6 6
10 5 12 20 2 0 9 9
15 9 3 10 3 0 12 12
5 4 6 15 4 0 15 15
10 8 9 5 5 0 18 3
15 12 3 10 6 0 6 6
5 4 6 15 7 0 9 9
10 8 9 5 8 0 12 3
15 12 12 10 1 0 15 6
20 16 3 15 2 0 3 9
10 5 6 20 3 0 6 12
15 9 9 10 4 0 9 3
5 4 12 15 5 0 12 6
10 8 3 5 6 0 15 9
15 12 6 10 7 0 3 3
5 4 9 15 8 0 6 6
10 8 12 20 1 0 9 9
15 12 3 10 2 0 12 12
5 4 6 15 3 0 15 15
10 8 9 5 4 0 18 3
15 12 3 10 5 0 6 6
5 4 6 15 6 0 9 9
10 8 9 5 7 0 12 3
15 12 3 10 8 0 3 6
20 16 6 15 1 0 6 9
10 5 9 20 2 0 9 12
15 9 12 10 3 0 12 3
20 13 3 15 4 0 3 6
10 4 6 20 5 0 6 9
15 8 9 10 6 0 9 3
5 4 12 15 7 0 12 6
10 8 3 5 8 0 15 9
15 12 6 10 1 0 18 12
20 16 9 15 2 0 6 3
10 5 12 20 3 0 9 6
15 9 3 10 4 0 12 9
5 4 6 15 5 0 15 12
*
waitingTimeCarsGone
551
0
707
670
335
0
69
33
12
0
12
*
waitingTimeCarsLeft
0
16
0
7
4
4
0
4
