6
4 6 4 2 2 1 2 3
15
101
2364
7552.005
202.6667
60
9.666666
carsInLane
4 6 4 2 2 1 2 3
4 6 8 4 4 2 4 6
8 12 4 6 6 3 2 9
4 6 8 8 8 4 4 12
8 12 12 2 10 5 6 3
4 6 16 4 12 6 8 6
8 12 5 6 14 7 2 9
12 18 9 8 2 1 4 12
4 9 13 10 4 2 6 15
8 15 17 2 6 3 8 3
12 21 6 4 8 4 2 6
4 12 10 6 10 5 4 9
8 6 14 8 12 1 6 12
12 12 4 2 14 2 8 15
4 18 8 4 2 3 10 18
8 24 12 6 4 4 2 6
4 15 16 8 6 5 4 9
8 21 5 2 8 6 6 12
4 12 9 4 10 7 8 15
8 18 13 6 2 1 10 18
12 24 17 8 4 2 2 6
4 15 21 10 6 3 4 9
8 21 10 2 8 4 6 12
4 12 14 4 10 5 8 15
8 18 18 6 12 6 2 3
4 9 22 8 14 7 4 6
8 15 26 10 2 1 6 9
12 21 15 2 4 2 8 12
4 12 19 4 6 3 10 15
8 18 8 6 8 4 2 18
4 9 12 8 10 5 4 21
8 15 16 2 12 6 6 9
4 6 20 4 14 7 8 12
8 12 24 6 2 1 10 15
12 18 13 8 4 2 2 18
4 9 17 10 6 3 4 21
8 15 21 2 8 4 6 9
12 21 10 4 10 5 2 12
4 12 14 6 12 6 4 15
8 18 18 2 14 7 6 3
12 24 22 4 2 1 8 6
4 15 26 6 4 2 10 9
8 21 15 8 6 3 2 12
4 12 19 10 8 4 4 15
8 18 8 2 10 5 6 18
4 9 12 4 12 6 8 21
8 15 16 6 14 7 2 9
12 21 20 8 2 1 4 12
4 12 24 10 4 2 6 15
8 18 13 2 6 3 8 18
4 9 17 4 8 4 10 21
8 15 21 6 10 5 2 9
12 21 10 2 12 6 4 12
4 12 14 4 14 7 6 15
8 18 18 6 2 1 8 18
12 24 7 8 4 2 2 21
4 15 11 10 6 3 4 24
8 21 15 2 8 4 6 12
4 12 19 4 10 5 8 15
8 18 8 6 12 6 2 18
4 9 12 8 14 7 4 21
8 15 16 10 2 1 6 24
12 21 20 2 4 2 8 12
4 12 24 4 6 3 10 15
8 18 13 6 8 4 2 18
4 9 17 8 10 5 4 21
8 15 21 2 12 6 6 9
12 21 10 4 14 7 2 12
16 27 14 6 2 1 4 15
5 18 18 8 4 2 6 18
9 24 22 2 6 3 8 6
4 15 26 4 8 4 10 9
8 21 15 6 10 5 2 12
4 12 19 8 12 6 4 15
8 18 8 2 14 7 6 18
12 24 12 4 2 1 8 21
4 15 16 6 4 2 10 24
8 21 20 8 6 3 2 12
4 12 24 10 8 4 4 15
8 18 13 2 10 5 6 18
4 9 17 4 12 6 8 21
8 15 21 6 14 7 2 9
12 21 25 8 2 1 4 12
4 12 29 10 4 2 6 15
8 18 18 2 6 3 8 18
12 24 7 4 8 4 2 21
4 15 11 6 10 5 4 24
8 21 15 2 12 6 6 12
4 12 19 4 14 7 8 15
8 18 23 6 2 1 10 18
12 24 12 8 4 2 2 21
4 15 16 10 6 3 4 24
8 21 20 2 8 4 6 12
4 12 24 4 10 5 8 15
8 18 13 6 12 6 2 18
4 9 17 8 14 7 4 21
8 15 21 10 2 1 6 24
12 21 25 2 4 2 8 12
16 27 14 4 6 3 2 15
5 18 18 6 8 4 4 18
9 24 22 2 10 5 6 6
*
waitingTimeCarsGone
386
0
571
547
395
0
226
134
86
0
19
*
waitingTimeCarsLeft
0
20
0
15
9
7
0
7
2
