2
0 6 4 5 4 2 1 2
15
101
1999
22509.02
8739.999
425
carsInLane
0 6 4 5 4 2 1 2
0 12 4 5 8 4 2 4
0 6 8 10 12 2 3 6
0 12 12 15 4 4 4 8
0 18 16 20 8 6 1 2
0 24 5 10 12 8 2 4
0 15 9 15 16 2 3 6
0 21 13 20 5 4 4 8
0 27 17 25 9 6 1 2
0 33 6 15 13 8 2 4
0 24 10 20 17 2 3 6
0 30 14 25 6 4 4 8
0 36 18 30 10 6 1 2
0 42 7 20 14 8 2 4
0 33 11 25 18 2 3 6
0 39 15 30 7 4 4 8
0 45 19 35 11 6 1 2
0 51 8 25 15 8 2 4
0 42 12 30 19 2 3 6
0 48 16 35 8 4 4 8
0 54 20 40 12 6 1 2
0 60 9 30 16 8 2 4
0 51 13 35 20 2 3 6
0 57 17 40 9 4 4 8
0 63 21 45 13 6 1 2
0 69 10 35 17 8 2 4
0 60 14 40 21 2 3 6
0 66 18 45 10 4 4 8
0 72 22 50 14 6 1 2
0 78 11 40 18 8 2 4
0 69 15 45 22 2 3 6
0 75 19 50 11 4 4 8
0 81 23 55 15 6 1 2
0 87 12 45 19 8 2 4
0 78 16 50 23 2 3 6
0 84 20 55 12 4 4 8
0 90 24 60 16 6 1 2
0 96 13 50 20 8 2 4
0 87 17 55 24 2 3 6
0 93 21 60 13 4 4 8
0 99 25 65 17 6 1 2
0 105 14 55 21 8 2 4
0 96 18 60 25 2 3 6
0 102 22 65 14 4 4 8
0 108 26 70 18 6 1 2
0 114 15 60 22 8 2 4
0 105 19 65 26 2 3 6
0 111 23 70 15 4 4 8
0 117 27 75 19 6 1 2
0 123 16 65 23 8 2 4
0 114 20 70 27 2 3 6
0 120 24 75 16 4 4 8
0 126 28 80 20 6 1 2
0 132 17 70 24 8 2 4
0 123 21 75 28 2 3 6
0 129 25 80 17 4 4 8
0 135 29 85 21 6 1 2
0 141 18 75 25 8 2 4
0 132 22 80 29 2 3 6
0 138 26 85 18 4 4 8
0 144 30 90 22 6 1 2
0 150 19 80 26 8 2 4
0 141 23 85 30 2 3 6
0 147 27 90 19 4 4 8
0 153 31 95 23 6 1 2
0 159 20 85 27 8 2 4
0 150 24 90 31 2 3 6
0 156 28 95 20 4 4 8
0 162 32 100 24 6 1 2
0 168 21 90 28 8 2 4
0 159 25 95 32 2 3 6
0 165 29 100 21 4 4 8
0 171 33 105 25 6 1 2
0 177 22 95 29 8 2 4
0 168 26 100 33 2 3 6
0 174 30 105 22 4 4 8
0 180 34 110 26 6 1 2
0 186 23 100 30 8 2 4
0 177 27 105 34 2 3 6
0 183 31 110 23 4 4 8
0 189 35 115 27 6 1 2
0 195 24 105 31 8 2 4
0 186 28 110 35 2 3 6
0 192 32 115 24 4 4 8
0 198 36 120 28 6 1 2
0 204 25 110 32 8 2 4
0 195 29 115 36 2 3 6
0 201 33 120 25 4 4 8
0 207 37 125 29 6 1 2
0 213 26 115 33 8 2 4
0 204 30 120 37 2 3 6
0 210 34 125 26 4 4 8
0 216 38 130 30 6 1 2
0 222 27 120 34 8 2 4
0 213 31 125 38 2 3 6
0 219 35 130 27 4 4 8
0 225 39 135 31 6 1 2
0 231 28 125 35 8 2 4
0 222 32 130 39 2 3 6
0 228 36 135 28 4 4 8
0 234 40 140 32 6 1 2
*
waitingTimeCarsGone
156
0
187
219
258
0
144
144
138
0
104
72
43
0
24
24
27
0
24
24
27
0
24
24
27
0
24
24
27
0
24
24
27
0
24
19
17
0
9
9
12
0
9
9
12
0
9
9
12
0
6
3
*
waitingTimeCarsLeft
0
24
0
21
21
19
0
19
19
16
0
15
11
11
0
11
11
11
0
11
11
11
0
11
11
11
0
11
11
11
0
11
11
11
0
6
6
6
0
6
6
6
0
6
6
6
0
6
6
6
0
6
6
