1
1 3 3 3 1 5 4 4
15
101
2223
14403.65
carsInLane
1 3 3 3 1 5 4 4
2 3 6 6 2 5 8 8
1 6 9 9 1 10 12 12
2 9 3 12 2 15 4 16
3 12 6 3 3 20 8 5
4 3 9 6 4 10 12 9
1 6 12 9 1 15 16 13
2 9 3 12 2 20 5 17
3 12 6 3 3 25 9 6
4 3 9 6 4 15 13 10
1 6 12 9 1 20 17 14
2 9 3 12 2 25 6 18
3 12 6 3 3 30 10 7
4 3 9 6 4 20 14 11
1 6 12 9 1 25 18 15
2 9 3 12 2 30 7 19
3 12 6 3 3 35 11 8
4 3 9 6 4 25 15 12
1 6 12 9 1 30 19 16
2 9 3 12 2 35 8 20
3 12 6 3 3 40 12 9
4 3 9 6 4 30 16 13
1 6 12 9 1 35 20 17
2 9 3 12 2 40 9 21
3 12 6 3 3 45 13 10
4 3 9 6 4 35 17 14
1 6 12 9 1 40 21 18
2 9 3 12 2 45 10 22
3 12 6 3 3 50 14 11
4 3 9 6 4 40 18 15
1 6 12 9 1 45 22 19
2 9 3 12 2 50 11 23
3 12 6 3 3 55 15 12
4 3 9 6 4 45 19 16
1 6 12 9 1 50 23 20
2 9 3 12 2 55 12 24
3 12 6 3 3 60 16 13
4 3 9 6 4 50 20 17
1 6 12 9 1 55 24 21
2 9 3 12 2 60 13 25
3 12 6 3 3 65 17 14
4 3 9 6 4 55 21 18
1 6 12 9 1 60 25 22
2 9 3 12 2 65 14 26
3 12 6 3 3 70 18 15
4 3 9 6 4 60 22 19
1 6 12 9 1 65 26 23
2 9 3 12 2 70 15 27
3 12 6 3 3 75 19 16
4 3 9 6 4 65 23 20
1 6 12 9 1 70 27 24
2 9 3 12 2 75 16 28
3 12 6 3 3 80 20 17
4 3 9 6 4 70 24 21
1 6 12 9 1 75 28 25
2 9 3 12 2 80 17 29
3 12 6 3 3 85 21 18
4 3 9 6 4 75 25 22
1 6 12 9 1 80 29 26
2 9 3 12 2 85 18 30
3 12 6 3 3 90 22 19
4 3 9 6 4 80 26 23
1 6 12 9 1 85 30 27
2 9 3 12 2 90 19 31
3 12 6 3 3 95 23 20
4 3 9 6 4 85 27 24
1 6 12 9 1 90 31 28
2 9 3 12 2 95 20 32
3 12 6 3 3 100 24 21
4 3 9 6 4 90 28 25
1 6 12 9 1 95 32 29
2 9 3 12 2 100 21 33
3 12 6 3 3 105 25 22
4 3 9 6 4 95 29 26
1 6 12 9 1 100 33 30
2 9 3 12 2 105 22 34
3 12 6 3 3 110 26 23
4 3 9 6 4 100 30 27
1 6 12 9 1 105 34 31
2 9 3 12 2 110 23 35
3 12 6 3 3 115 27 24
4 3 9 6 4 105 31 28
1 6 12 9 1 110 35 32
2 9 3 12 2 115 24 36
3 12 6 3 3 120 28 25
4 3 9 6 4 110 32 29
1 6 12 9 1 115 36 33
2 9 3 12 2 120 25 37
3 12 6 3 3 125 29 26
4 3 9 6 4 115 33 30
1 6 12 9 1 120 37 34
2 9 3 12 2 125 26 38
3 12 6 3 3 130 30 27
4 3 9 6 4 120 34 31
1 6 12 9 1 125 38 35
2 9 3 12 2 130 27 39
3 12 6 3 3 135 31 28
4 3 9 6 4 125 35 32
1 6 12 9 1 130 39 36
2 9 3 12 2 135 28 40
3 12 6 3 3 140 32 29
*
waitingTimeCarsGone
299
0
328
363
393
0
135
135
126
0
95
63
31
0
15
15
15
0
15
15
15
0
15
15
15
0
15
15
15
0
15
15
15
0
15
10
5
*
waitingTimeCarsLeft
0
21
0
18
15
13
0
13
13
13
0
10
5
5
0
5
5
5
0
5
5
5
0
5
5
5
0
5
5
5
0
5
5
5
