2
2 4 3 3 1 3 7 1
15
101
2044
17770.65
carsInLane
2 4 3 3 1 3 7 1
4 8 3 6 2 6 7 2
6 4 6 9 3 3 14 3
2 8 9 12 1 6 21 4
4 12 12 3 2 9 28 1
6 16 3 6 3 12 20 2
8 5 6 9 4 3 27 3
2 9 9 12 1 6 34 4
4 13 12 3 2 9 41 1
6 17 3 6 3 12 33 2
8 6 6 9 4 3 40 3
2 10 9 12 1 6 47 4
4 14 12 3 2 9 54 1
6 18 3 6 3 12 46 2
8 7 6 9 4 3 53 3
2 11 9 12 1 6 60 4
4 15 12 3 2 9 67 1
6 19 3 6 3 12 59 2
8 8 6 9 4 3 66 3
2 12 9 12 1 6 73 4
4 16 12 3 2 9 80 1
6 20 3 6 3 12 72 2
8 9 6 9 4 3 79 3
2 13 9 12 1 6 86 4
4 17 12 3 2 9 93 1
6 21 3 6 3 12 85 2
8 10 6 9 4 3 92 3
2 14 9 12 1 6 99 4
4 18 12 3 2 9 106 1
6 22 3 6 3 12 98 2
8 11 6 9 4 3 105 3
2 15 9 12 1 6 112 4
4 19 12 3 2 9 119 1
6 23 3 6 3 12 111 2
8 12 6 9 4 3 118 3
2 16 9 12 1 6 125 4
4 20 12 3 2 9 132 1
6 24 3 6 3 12 124 2
8 13 6 9 4 3 131 3
2 17 9 12 1 6 138 4
4 21 12 3 2 9 145 1
6 25 3 6 3 12 137 2
8 14 6 9 4 3 144 3
2 18 9 12 1 6 151 4
4 22 12 3 2 9 158 1
6 26 3 6 3 12 150 2
8 15 6 9 4 3 157 3
2 19 9 12 1 6 164 4
4 23 12 3 2 9 171 1
6 27 3 6 3 12 163 2
8 16 6 9 4 3 170 3
2 20 9 12 1 6 177 4
4 24 12 3 2 9 184 1
6 28 3 6 3 12 176 2
8 17 6 9 4 3 183 3
2 21 9 12 1 6 190 4
4 25 12 3 2 9 197 1
6 29 3 6 3 12 189 2
8 18 6 9 4 3 196 3
2 22 9 12 1 6 203 4
4 26 12 3 2 9 210 1
6 30 3 6 3 12 202 2
8 19 6 9 4 3 209 3
2 23 9 12 1 6 216 4
4 27 12 3 2 9 223 1
6 31 3 6 3 12 215 2
8 20 6 9 4 3 222 3
2 24 9 12 1 6 229 4
4 28 12 3 2 9 236 1
6 32 3 6 3 12 228 2
8 21 6 9 4 3 235 3
2 25 9 12 1 6 242 4
4 29 12 3 2 9 249 1
6 33 3 6 3 12 241 2
8 22 6 9 4 3 248 3
2 26 9 12 1 6 255 4
4 30 12 3 2 9 262 1
6 34 3 6 3 12 254 2
8 23 6 9 4 3 261 3
2 27 9 12 1 6 268 4
4 31 12 3 2 9 275 1
6 35 3 6 3 12 267 2
8 24 6 9 4 3 274 3
2 28 9 12 1 6 281 4
4 32 12 3 2 9 288 1
6 36 3 6 3 12 280 2
8 25 6 9 4 3 287 3
2 29 9 12 1 6 294 4
4 33 12 3 2 9 301 1
6 37 3 6 3 12 293 2
8 26 6 9 4 3 300 3
2 30 9 12 1 6 307 4
4 34 12 3 2 9 314 1
6 38 3 6 3 12 306 2
8 27 6 9 4 3 313 3
2 31 9 12 1 6 320 4
4 35 12 3 2 9 327 1
6 39 3 6 3 12 319 2
8 28 6 9 4 3 326 3
2 32 9 12 1 6 333 4
4 36 12 3 2 9 340 1
*
waitingTimeCarsGone
345
0
352
367
382
0
67
69
61
0
47
29
15
0
7
9
7
0
9
8
8
0
9
7
9
0
7
9
7
0
9
7
9
0
7
9
8
0
8
9
7
0
9
7
9
0
7
9
7
0
9
7
9
0
8
8
9
0
7
9
7
0
9
7
4
*
waitingTimeCarsLeft
0
21
0
17
14
11
0
11
11
11
0
11
11
7
0
7
7
7
0
7
7
7
0
7
7
7
0
7
7
7
0
7
7
7
0
7
7
7
0
7
7
7
0
7
7
7
0
7
7
7
0
7
7
7
0
7
7
7
0
7
7
7
0
3
