8
4 3 2 7 4 2 0 2
15
101
2308
9757.334
carsInLane
4 3 2 7 4 2 0 2
8 6 4 7 8 4 0 2
4 9 6 14 4 6 0 4
8 12 2 7 8 8 0 6
12 3 4 14 12 2 0 8
4 6 6 21 4 4 0 10
8 9 8 13 8 6 0 2
12 12 2 7 12 8 0 4
4 15 4 14 4 10 0 6
8 18 6 21 8 12 0 2
12 6 8 28 12 2 0 4
16 9 2 20 16 4 0 6
5 12 4 27 5 6 0 8
9 15 6 19 9 8 0 2
13 18 2 11 13 10 0 4
4 6 4 18 17 12 0 6
8 9 6 25 6 2 0 8
12 12 8 17 10 4 0 2
16 15 2 24 14 6 0 4
5 3 4 31 18 8 0 6
9 6 6 23 22 10 0 2
13 9 8 30 11 2 0 4
17 12 2 22 15 4 0 6
6 15 4 29 4 6 0 8
10 18 6 21 8 8 0 2
4 6 8 28 12 10 0 4
8 9 2 20 16 12 0 6
12 12 4 27 20 14 0 2
16 15 6 34 9 2 0 4
20 18 2 26 13 4 0 6
9 6 4 33 17 6 0 8
13 9 6 25 21 8 0 2
4 12 8 32 10 10 0 4
8 15 2 24 14 12 0 6
12 18 4 16 18 14 0 2
16 6 6 23 22 2 0 4
20 9 2 30 26 4 0 6
9 12 4 37 15 6 0 8
13 15 6 29 19 8 0 2
17 18 2 21 23 10 0 4
6 21 4 28 12 12 0 6
10 24 6 20 16 14 0 2
14 12 8 27 20 2 0 4
18 15 2 19 24 4 0 6
7 18 4 26 13 6 0 8
11 21 6 33 17 8 0 2
15 24 2 25 21 10 0 4
4 12 4 32 25 12 0 6
8 15 6 24 29 14 0 2
12 18 8 31 18 2 0 4
16 21 2 23 22 4 0 6
5 24 4 30 11 6 0 8
9 27 6 22 15 8 0 2
4 15 8 29 19 10 0 4
8 18 2 36 23 12 0 6
12 21 4 28 27 14 0 2
16 24 6 35 16 2 0 4
20 27 2 27 20 4 0 6
9 15 4 34 24 6 0 8
13 18 6 26 28 8 0 2
4 21 8 33 17 10 0 4
8 24 2 25 21 12 0 6
12 12 4 32 25 2 0 8
16 15 6 39 29 4 0 2
5 18 8 46 18 6 0 4
9 21 2 38 22 8 0 6
13 24 4 30 26 10 0 2
4 27 6 37 15 12 0 4
8 30 2 29 19 14 0 6
12 18 4 36 23 2 0 8
16 21 6 28 27 4 0 2
5 24 8 35 16 6 0 4
9 27 2 42 20 8 0 6
13 30 4 34 24 10 0 2
4 18 6 41 28 12 0 4
8 21 2 33 32 14 0 6
12 24 4 40 21 2 0 8
16 27 6 32 25 4 0 2
5 15 8 39 29 6 0 4
9 18 2 31 33 8 0 6
4 21 4 38 22 10 0 8
8 24 6 45 26 12 0 2
12 27 2 37 30 14 0 4
16 30 4 44 19 2 0 6
20 33 6 36 23 4 0 2
9 21 8 43 27 6 0 4
13 24 2 35 31 8 0 6
4 27 4 42 20 10 0 8
8 30 6 34 24 12 0 2
12 18 8 41 28 2 0 4
16 21 2 48 32 4 0 6
20 24 4 40 36 6 0 2
9 27 6 47 25 8 0 4
13 30 2 39 29 10 0 6
17 33 4 31 33 12 0 2
6 36 6 38 22 14 0 4
10 24 8 45 26 2 0 6
14 27 2 37 30 4 0 8
18 30 4 29 34 6 0 2
22 33 2 36 38 8 0 4
11 36 4 43 27 10 0 6
*
waitingTimeCarsGone
273
0
345
429
444
0
340
234
123
0
60
34
17
0
6
3
*
waitingTimeCarsLeft
0
22
0
22
19
16
0
9
7
6
0
3
3
3
0
3
3
