4
1 1 5 5 3 4 4 1
15
101
2281
12093.67
998.6665
143
17.66667
carsInLane
1 1 5 5 3 4 4 1
2 2 5 5 6 8 8 2
3 3 10 10 3 4 12 3
4 4 5 15 6 8 4 4
5 5 5 5 9 12 8 5
1 1 10 10 12 16 12 6
2 2 15 15 15 20 4 1
3 3 20 20 3 9 8 2
4 4 10 10 6 13 12 3
5 5 5 15 9 17 4 4
1 1 10 20 12 21 8 5
2 2 15 10 15 25 12 1
3 3 20 15 3 14 16 2
4 4 10 20 6 18 5 3
5 5 5 10 9 22 9 4
1 1 10 15 12 26 13 5
2 2 15 20 15 30 4 1
3 3 20 25 3 19 8 2
4 4 10 15 6 23 12 3
5 5 15 20 3 12 16 4
1 1 20 25 6 16 20 5
2 2 25 30 9 20 9 1
3 3 15 20 12 24 13 2
4 4 20 25 3 13 17 3
5 5 10 15 6 17 21 4
1 1 15 20 9 21 25 5
2 2 20 25 12 25 14 1
3 3 10 15 15 29 18 2
4 4 15 20 3 18 22 3
5 5 5 25 6 22 11 4
1 1 10 30 9 26 15 5
2 2 15 20 12 30 19 1
3 3 20 25 3 19 23 2
4 4 10 15 6 23 27 3
5 5 15 20 9 27 16 1
1 1 20 25 12 31 20 2
2 2 10 15 15 35 24 3
3 3 15 20 3 24 28 4
4 4 5 25 6 28 17 5
5 5 10 15 9 32 21 1
1 1 15 20 12 36 25 2
2 2 20 25 3 25 29 3
3 3 10 30 6 29 18 4
4 4 5 20 9 33 22 5
5 5 10 25 12 37 11 1
1 1 15 30 15 41 15 2
2 2 20 35 3 30 19 3
3 3 10 25 6 34 23 4
4 4 15 30 3 23 27 5
5 5 20 35 6 27 16 1
1 1 25 40 9 31 20 2
2 2 15 30 12 35 24 3
3 3 20 35 3 24 28 4
4 4 10 25 6 28 32 5
5 5 15 30 9 32 21 1
1 1 20 35 12 36 25 2
2 2 10 25 15 40 29 3
3 3 15 30 3 29 33 4
4 4 5 35 6 33 22 5
5 5 10 25 9 37 26 1
1 1 15 30 12 41 30 2
2 2 20 35 3 30 34 3
3 3 10 25 6 34 38 4
4 4 15 30 9 38 27 1
5 5 20 35 3 27 31 2
1 1 25 40 6 31 35 3
2 2 15 30 9 35 39 4
3 3 5 35 12 39 28 5
4 4 10 25 15 43 32 1
5 5 15 30 3 32 36 2
1 1 20 35 6 36 40 3
2 2 10 40 9 40 29 4
3 3 5 30 12 44 33 5
4 4 10 35 15 48 22 1
5 5 15 40 3 37 26 2
1 1 20 45 6 41 30 3
2 2 10 35 9 45 34 4
3 3 15 40 3 34 38 5
4 4 20 45 6 38 27 1
5 5 10 35 9 42 31 2
1 1 15 40 12 46 35 3
2 2 20 45 3 35 39 4
3 3 10 35 6 39 43 5
4 4 15 40 9 43 32 1
5 5 5 30 12 47 36 2
1 1 10 35 15 51 40 3
2 2 15 40 3 40 44 4
3 3 5 45 6 44 33 5
4 4 10 35 9 48 37 1
5 5 15 40 3 37 41 2
1 1 20 45 6 41 45 3
2 2 10 50 9 45 34 4
3 3 5 40 12 49 38 5
4 4 10 45 15 53 27 1
5 5 15 50 3 42 31 2
1 1 20 55 6 46 35 3
2 2 10 45 9 50 39 4
3 3 15 50 3 39 43 5
4 4 20 55 6 43 32 1
5 5 10 45 9 47 36 2
1 1 15 50 12 51 40 3
*
waitingTimeCarsGone
240
0
344
365
334
0
249
144
156
0
140
125
93
0
57
24
9
0
1
*
waitingTimeCarsLeft
0
19
0
17
17
16
0
13
13
13
0
8
8
8
0
4
4
3
