10
2 6 4 4 2 2 4 0
15
101
2289
11125.65
carsInLane
2 6 4 4 2 2 4 0
4 6 8 8 4 2 8 0
6 12 4 12 6 4 4 0
2 6 8 16 8 6 8 0
4 12 4 5 10 8 12 0
6 6 8 9 12 2 16 0
8 12 4 13 14 4 5 0
2 18 8 17 2 6 9 0
4 24 4 6 4 8 13 0
6 15 8 10 6 2 17 0
8 21 4 14 8 4 6 0
10 27 8 4 10 6 10 0
2 18 12 8 12 8 14 0
4 9 16 12 14 2 18 0
6 15 5 16 16 4 7 0
2 21 9 20 3 6 11 0
4 27 4 9 5 8 15 0
6 18 8 13 7 2 19 0
8 24 4 17 9 4 8 0
2 15 8 21 11 6 12 0
4 21 4 10 13 8 16 0
6 12 8 14 15 2 20 0
8 18 12 18 17 4 9 0
10 24 4 7 19 6 13 0
2 15 8 11 21 8 17 0
4 21 12 15 8 2 21 0
6 27 4 19 10 4 10 0
2 18 8 23 12 6 14 0
4 24 4 12 14 8 18 0
6 15 8 16 16 2 22 0
8 21 4 20 18 4 11 0
2 12 8 24 20 6 15 0
4 18 4 13 22 8 19 0
6 24 8 17 24 10 8 0
8 15 12 21 26 2 12 0
2 21 16 25 13 4 16 0
4 27 5 14 15 6 20 0
6 18 9 18 17 2 24 0
8 24 4 22 19 4 13 0
2 15 8 26 21 6 17 0
4 21 4 15 23 8 21 0
6 27 8 19 10 2 25 0
8 33 4 23 12 4 14 0
2 24 8 27 14 6 18 0
4 30 12 16 16 8 22 0
6 21 16 20 18 2 26 0
8 27 5 24 20 4 15 0
2 18 9 28 22 6 19 0
4 24 4 17 24 8 23 0
6 15 8 21 26 2 27 0
8 21 4 25 28 4 16 0
2 27 8 29 15 6 20 0
4 33 4 18 17 8 24 0
6 24 8 22 19 2 28 0
8 30 4 26 21 4 17 0
10 36 8 15 23 6 21 0
2 27 12 19 25 8 25 0
4 33 4 23 27 10 14 0
6 24 8 27 29 2 18 0
2 30 12 31 16 4 22 0
4 36 4 20 18 6 26 0
6 27 8 24 20 2 30 0
8 33 4 28 22 4 19 0
2 24 8 32 24 6 23 0
4 30 4 21 26 8 27 0
6 21 8 25 28 2 31 0
8 27 12 29 30 4 20 0
10 33 4 18 32 6 24 0
2 24 8 22 34 8 28 0
4 30 12 26 21 2 32 0
6 36 4 30 23 4 21 0
2 27 8 34 25 6 25 0
4 33 4 23 27 8 29 0
6 24 8 27 29 2 33 0
8 30 4 31 31 4 22 0
2 36 8 35 18 6 26 0
4 42 4 24 20 8 30 0
6 48 8 28 22 10 19 0
8 39 12 32 24 2 23 0
2 30 16 36 26 4 27 0
4 36 5 25 28 6 31 0
6 27 9 29 30 2 35 0
8 33 4 33 32 4 24 0
2 24 8 37 34 6 28 0
4 30 4 26 36 8 32 0
6 36 8 30 23 2 36 0
8 42 4 34 25 4 25 0
2 33 8 38 27 6 29 0
4 39 12 27 29 8 33 0
6 30 16 31 31 2 37 0
8 36 5 35 33 4 26 0
2 27 9 39 35 6 30 0
4 33 4 28 37 8 34 0
6 39 8 32 24 2 38 0
8 45 4 36 26 4 27 0
2 36 8 40 28 6 31 0
4 42 4 29 30 8 35 0
6 33 8 33 32 2 39 0
8 39 4 37 34 4 28 0
10 45 8 26 36 6 32 0
2 36 12 30 38 8 36 0
*
waitingTimeCarsGone
307
0
372
326
365
0
258
219
161
0
104
65
30
0
14
15
14
0
12
9
7
0
6
4
1
*
waitingTimeCarsLeft
0
20
0
18
18
18
0
16
13
6
0
4
2
2
0
2
2
2
0
2
2
2
0
2
2
2
