100
1 3 3 3 1 5 4 4
15
101
2387
5889.006
carsInLane
1 3 3 3 1 5 4 4
2 3 6 6 2 5 8 8
3 6 9 9 3 10 4 4
4 9 3 3 4 15 8 8
5 3 6 6 5 5 12 12
6 6 9 9 6 10 4 4
7 9 3 3 7 15 8 8
8 3 6 6 8 5 12 12
9 6 9 9 9 10 4 4
10 9 12 12 1 5 8 8
11 12 3 3 2 10 12 12
12 15 6 6 3 15 4 4
13 3 9 9 4 5 8 8
14 6 3 3 5 10 12 12
15 9 6 6 6 15 4 4
16 3 9 9 7 5 8 8
2 6 12 12 1 10 12 12
3 9 3 15 2 15 4 16
4 12 6 3 3 20 8 5
5 3 9 6 4 10 12 9
6 6 3 9 5 15 4 13
7 9 6 3 6 20 8 4
8 3 9 6 7 10 12 8
9 6 3 9 8 15 4 12
10 9 6 12 1 5 8 16
11 12 9 3 2 10 12 5
1 3 12 6 3 15 16 9
2 6 3 9 4 20 5 13
3 3 6 12 5 10 9 17
4 6 9 3 6 15 13 6
5 9 3 6 7 20 4 10
6 3 6 9 8 10 8 14
7 6 9 3 9 15 12 4
8 9 12 6 1 5 16 8
9 12 3 9 2 10 5 12
10 3 6 12 3 5 9 16
11 6 9 3 4 10 13 5
12 9 3 6 5 15 4 9
13 3 6 9 6 5 8 13
14 6 9 3 7 10 12 4
1 9 12 6 1 15 16 8
2 12 3 9 2 20 5 12
3 3 6 12 3 10 9 16
4 6 9 3 4 15 13 5
5 9 3 6 5 20 4 9
6 3 6 9 6 10 8 13
7 6 9 3 7 15 12 4
8 9 12 6 1 5 16 8
9 12 3 9 2 10 5 12
10 3 6 12 3 5 9 16
11 6 9 3 4 10 13 5
12 9 3 6 5 15 4 9
13 3 6 9 6 5 8 13
14 6 9 3 7 10 12 4
1 9 12 6 1 15 16 8
2 12 3 9 2 20 5 12
3 3 6 12 3 10 9 16
4 6 9 3 4 15 13 5
5 9 3 6 5 20 4 9
6 3 6 9 6 10 8 13
7 6 9 3 7 15 12 4
8 9 12 6 1 5 16 8
9 12 3 9 2 10 5 12
10 3 6 12 3 5 9 16
11 6 9 3 4 10 13 5
12 9 3 6 5 15 4 9
13 3 6 9 6 5 8 13
14 6 9 3 7 10 12 4
1 9 12 6 1 15 16 8
2 12 3 9 2 20 5 12
3 3 6 12 3 10 9 16
4 6 9 3 4 15 13 5
5 9 3 6 5 20 4 9
6 3 6 9 6 10 8 13
7 6 9 3 7 15 12 4
8 9 12 6 1 5 16 8
9 12 3 9 2 10 5 12
10 3 6 12 3 5 9 16
11 6 9 3 4 10 13 5
12 9 3 6 5 15 4 9
13 3 6 9 6 5 8 13
14 6 9 3 7 10 12 4
1 9 12 6 1 15 16 8
2 12 3 9 2 20 5 12
3 3 6 12 3 10 9 16
4 6 9 3 4 15 13 5
5 9 3 6 5 20 4 9
6 3 6 9 6 10 8 13
7 6 9 3 7 15 12 4
8 9 12 6 1 5 16 8
9 12 3 9 2 10 5 12
10 3 6 12 3 5 9 16
11 6 9 3 4 10 13 5
12 9 3 6 5 15 4 9
13 3 6 9 6 5 8 13
14 6 9 3 7 10 12 4
1 9 12 6 1 15 16 8
2 12 3 9 2 20 5 12
3 3 6 12 3 10 9 16
4 6 9 3 4 15 13 5
5 9 3 6 5 20 4 9
*
waitingTimeCarsGone
601
0
689
648
329
0
27
20
20
0
10
9
7
0
7
6
6
0
6
1
1
*
waitingTimeCarsLeft
0
21
0
9
3
2
0
2
