6
1 3 1 7 2 5 3 2
15
101
2179
16703.66
2820
245
carsInLane
1 3 1 7 2 5 3 2
2 6 2 7 4 10 6 2
3 3 3 14 6 5 9 4
4 6 4 7 8 10 12 2
5 9 5 14 2 5 15 4
6 12 1 21 4 10 3 6
7 15 2 13 6 15 6 2
1 3 3 20 8 20 9 4
2 6 4 27 2 10 12 6
3 9 5 19 4 15 15 2
4 3 6 26 6 5 18 4
5 6 1 18 8 10 21 6
6 9 2 25 10 15 9 2
7 12 3 17 12 20 12 2
1 15 4 24 2 25 15 4
2 3 5 31 4 15 18 6
3 6 6 23 6 20 21 2
4 9 1 15 8 25 24 4
5 3 2 22 10 15 27 6
6 6 3 29 12 20 15 2
7 9 1 21 14 25 18 4
1 12 2 28 2 30 21 6
2 3 3 35 4 20 24 8
3 6 4 27 6 25 27 2
4 3 5 34 8 15 30 4
5 6 1 26 10 20 33 6
6 9 2 33 12 25 21 2
7 12 3 40 2 15 24 4
1 3 4 47 4 20 27 6
2 6 5 39 6 25 30 2
3 9 1 31 8 30 33 4
4 3 2 38 10 20 36 6
5 6 3 30 12 25 39 2
6 9 1 37 14 30 27 4
1 12 2 44 2 35 30 6
2 15 3 36 4 40 33 2
3 3 4 43 6 30 36 4
4 6 5 35 8 35 39 2
5 9 1 42 10 40 27 4
6 12 2 49 2 30 30 6
7 15 3 41 4 35 33 2
1 3 4 48 6 40 36 4
2 6 5 40 8 45 39 2
3 9 6 47 2 35 42 4
4 12 1 39 4 40 45 6
5 15 2 46 6 45 33 2
6 3 3 53 8 35 36 4
7 6 4 45 10 40 39 2
1 9 5 52 2 45 42 4
2 12 1 44 4 50 45 6
3 3 2 51 6 40 48 8
4 6 3 43 8 45 51 2
5 9 1 50 10 50 39 4
6 12 2 57 2 40 42 6
7 15 3 49 4 45 45 2
1 3 4 56 6 50 48 4
2 6 5 48 8 55 51 2
3 9 6 55 2 45 54 4
4 12 1 47 4 50 57 6
5 15 2 54 6 55 45 2
6 3 3 61 8 45 48 4
7 6 4 53 10 50 51 2
1 9 5 60 2 55 54 4
2 12 1 52 4 60 57 6
3 3 2 59 6 50 60 8
4 6 3 66 8 55 48 2
5 9 1 58 10 60 51 4
6 12 2 65 2 50 54 6
7 15 3 57 4 55 57 2
1 3 4 64 6 60 60 4
2 6 5 56 8 65 63 2
3 9 6 63 2 55 66 4
4 12 1 70 4 60 54 6
5 15 2 62 6 65 57 2
6 3 3 69 8 55 60 4
7 6 4 61 10 60 63 2
1 9 5 68 2 65 66 4
2 3 6 75 4 55 69 6
3 6 7 67 6 60 72 2
4 9 1 74 8 65 60 4
5 12 2 66 10 70 63 2
6 3 3 73 12 60 66 4
7 6 4 65 14 65 69 2
1 9 5 72 2 70 72 4
2 3 6 79 4 60 75 6
3 6 7 71 6 65 78 2
4 9 1 78 8 70 66 4
5 12 2 70 10 75 69 2
6 3 3 77 12 65 72 4
7 6 4 69 14 70 75 2
1 9 5 76 2 75 78 4
2 3 6 83 4 65 81 6
3 6 7 75 6 70 84 2
4 9 1 82 8 75 72 4
5 12 2 74 10 80 75 2
6 3 3 81 12 70 78 4
7 6 4 73 14 75 81 2
1 9 5 80 2 80 84 4
2 3 6 87 4 70 87 6
3 6 1 94 6 75 75 8
4 9 2 86 8 80 78 2
*
waitingTimeCarsGone
256
0
271
271
216
0
174
130
130
0
100
100
108
0
101
67
54
0
44
34
24
0
9
9
9
0
9
6
9
0
6
9
9
0
9
6
6
0
3
*
waitingTimeCarsLeft
0
21
0
19
18
18
0
15
15
15
0
15
15
15
0
15
15
10
0
3
3
3
0
3
3
3
0
3
3
3
0
3
3
3
0
3
