5
6 2 3 0 3 7 2 1
15
101
2057
21899.01
5686.667
367
36
carsInLane
6 2 3 0 3 7 2 1
12 4 6 0 3 7 4 2
6 2 9 0 6 14 6 3
12 4 12 0 3 7 8 4
18 6 3 0 6 14 2 5
9 8 6 0 3 21 4 6
15 10 9 0 6 28 6 1
21 2 12 0 9 20 8 2
12 4 15 0 3 27 10 3
18 2 18 0 6 19 12 4
24 4 6 0 9 26 2 5
30 6 9 0 3 18 4 6
36 8 12 0 6 25 6 1
27 2 15 0 9 32 8 2
33 4 18 0 3 24 10 3
24 2 21 0 6 31 12 4
30 4 9 0 9 38 2 5
36 6 12 0 3 30 4 6
42 8 15 0 6 37 6 1
33 2 18 0 9 44 8 2
39 4 21 0 3 36 10 3
30 2 24 0 6 43 12 4
36 4 12 0 9 50 2 5
42 6 15 0 3 42 4 6
48 8 18 0 6 49 6 1
54 2 21 0 9 41 8 2
45 4 24 0 3 48 10 3
51 2 27 0 6 40 12 4
57 4 15 0 9 47 2 5
48 6 18 0 3 54 4 6
54 8 21 0 6 61 6 1
60 2 24 0 9 53 8 2
51 4 27 0 3 60 10 3
57 2 30 0 6 52 12 4
63 4 18 0 9 59 2 5
54 6 21 0 3 66 4 6
60 8 24 0 6 73 6 1
66 2 27 0 9 65 8 2
57 4 30 0 3 72 10 3
63 2 33 0 6 64 12 4
69 4 21 0 9 71 2 5
75 6 24 0 3 63 4 6
81 8 27 0 6 70 6 1
72 2 30 0 9 77 8 2
78 4 33 0 3 69 10 3
69 2 36 0 6 76 12 4
75 4 24 0 9 83 2 5
81 6 27 0 3 75 4 6
87 8 30 0 6 82 6 1
78 2 33 0 9 89 8 2
84 4 36 0 3 81 10 3
75 2 39 0 6 88 12 4
81 4 27 0 9 95 2 5
87 6 30 0 3 87 4 6
93 8 33 0 6 94 6 1
99 2 36 0 9 86 8 2
90 4 39 0 3 93 10 3
96 2 42 0 6 85 12 4
102 4 30 0 9 92 2 5
93 6 33 0 3 99 4 6
99 8 36 0 6 106 6 1
105 2 39 0 9 98 8 2
96 4 42 0 3 105 10 3
102 2 45 0 6 97 12 4
108 4 33 0 9 104 2 5
99 6 36 0 3 111 4 6
105 8 39 0 6 118 6 1
111 2 42 0 9 110 8 2
102 4 45 0 3 117 10 3
108 2 48 0 6 109 12 4
114 4 36 0 9 116 2 5
120 6 39 0 3 108 4 6
126 8 42 0 6 115 6 1
117 2 45 0 9 122 8 2
123 4 48 0 3 114 10 3
114 2 51 0 6 121 12 4
120 4 39 0 9 128 2 5
126 6 42 0 3 120 4 6
132 8 45 0 6 127 6 1
123 2 48 0 9 134 8 2
129 4 51 0 3 126 10 3
120 2 54 0 6 133 12 4
126 4 42 0 9 140 2 5
132 6 45 0 3 132 4 6
138 8 48 0 6 139 6 1
144 2 51 0 9 131 8 2
135 4 54 0 3 138 10 3
141 2 57 0 6 130 12 4
147 4 45 0 9 137 2 5
138 6 48 0 3 144 4 6
144 8 51 0 6 151 6 1
150 2 54 0 9 143 8 2
141 4 57 0 3 150 10 3
147 2 60 0 6 142 12 4
153 4 48 0 9 149 2 5
144 6 51 0 3 156 4 6
150 8 54 0 6 163 6 1
156 2 57 0 9 155 8 2
147 4 60 0 3 162 10 3
153 2 63 0 6 154 12 4
159 4 51 0 9 161 2 5
*
waitingTimeCarsGone
247
0
255
224
136
0
103
115
56
0
45
70
66
0
50
58
66
0
53
50
63
0
70
50
51
0
55
39
39
0
36
30
21
0
9
*
waitingTimeCarsLeft
0
21
0
19
17
17
0
17
16
16
0
16
16
16
0
16
16
16
0
16
16
16
0
16
13
13
0
13
12
6
0
6
6
6
0
6
3
