6
4 5 6 2 0 2 3 2
15
101
2353
8045.67
carsInLane
4 5 6 2 0 2 3 2
8 10 6 4 0 4 3 4
4 5 12 6 0 6 6 6
8 10 6 8 0 8 3 8
12 5 12 10 0 2 6 10
16 10 6 2 0 4 9 12
5 5 12 4 0 6 12 14
9 10 18 6 0 8 3 2
13 15 24 8 0 2 6 4
17 20 15 2 0 4 9 6
6 10 21 4 0 6 12 8
10 15 12 6 0 8 3 10
4 5 18 8 0 10 6 12
8 10 9 2 0 12 9 14
12 15 15 4 0 14 3 2
16 20 21 6 0 2 6 4
5 10 27 8 0 4 9 6
9 15 18 10 0 6 3 8
13 20 9 2 0 8 6 10
4 10 15 4 0 10 9 12
8 15 6 6 0 12 3 14
12 20 12 2 0 14 6 2
16 25 18 4 0 2 9 4
5 15 24 6 0 4 12 6
9 20 15 8 0 6 3 8
4 10 21 10 0 8 6 10
8 15 12 2 0 10 9 12
12 5 18 4 0 2 12 14
16 10 24 6 0 4 3 2
5 15 30 8 0 6 6 4
9 20 21 2 0 8 9 6
13 25 12 4 0 10 3 8
4 15 18 6 0 12 6 10
8 5 24 8 0 2 9 12
12 10 15 10 0 4 3 14
16 15 21 2 0 6 6 2
5 20 27 4 0 8 9 4
9 25 18 6 0 10 3 6
13 15 24 8 0 2 6 8
17 20 15 2 0 4 9 10
6 10 21 4 0 6 12 12
10 15 12 6 0 8 3 14
14 20 18 2 0 10 6 2
18 25 24 4 0 2 9 4
7 15 30 6 0 4 12 6
11 20 21 8 0 6 3 8
4 10 27 10 0 8 6 10
8 15 18 2 0 10 9 12
12 20 9 4 0 12 3 14
16 25 15 2 0 14 6 2
20 30 21 4 0 2 9 4
9 20 27 6 0 4 12 6
13 25 18 8 0 6 3 8
4 15 24 10 0 8 6 10
8 20 15 2 0 10 9 12
12 10 21 4 0 2 12 14
16 15 27 6 0 4 3 2
5 20 33 8 0 6 6 4
9 25 24 2 0 8 9 6
4 15 30 4 0 10 12 8
8 20 21 6 0 12 3 10
12 10 27 8 0 2 6 12
16 15 18 2 0 4 9 14
20 20 24 4 0 6 3 2
9 25 30 6 0 8 6 4
13 30 21 8 0 10 3 6
4 20 27 10 0 12 6 8
8 25 18 2 0 14 9 10
12 30 24 4 0 2 12 12
4 20 30 6 0 4 15 14
8 25 36 8 0 6 3 2
12 30 27 2 0 8 6 4
4 20 33 4 0 10 9 6
8 25 24 6 0 12 3 8
12 15 30 8 0 2 6 10
4 20 36 10 0 4 9 12
8 25 27 2 0 6 12 14
12 30 33 4 0 8 3 2
4 20 39 6 0 10 6 4
8 25 30 8 0 12 3 6
12 30 21 2 0 14 6 8
16 35 27 4 0 2 9 10
5 25 33 6 0 4 12 12
9 30 24 8 0 6 3 14
13 35 30 2 0 8 6 2
4 25 36 4 0 10 9 4
8 30 27 6 0 12 3 6
12 20 33 8 0 2 6 8
4 25 39 10 0 4 9 10
8 30 30 2 0 6 12 12
12 35 21 4 0 8 3 14
16 40 27 2 0 10 6 2
5 30 33 4 0 12 9 4
9 20 39 6 0 2 12 6
13 25 30 8 0 4 3 8
4 30 36 10 0 6 6 10
8 35 27 2 0 8 9 12
12 25 33 4 0 2 12 14
16 30 39 6 0 4 3 2
5 20 45 8 0 6 6 4
9 25 36 2 0 8 9 6
*
waitingTimeCarsGone
359
0
460
510
471
0
301
171
73
0
8
*
waitingTimeCarsLeft
0
21
0
19
16
10
0
5
