7
1 1 5 5 3 4 4 1
15
101
2382
6195.334
126.6666
42
9.666666
carsInLane
1 1 5 5 3 4 4 1
2 2 5 5 6 8 8 2
3 3 10 10 3 4 12 3
4 4 5 15 6 8 4 4
5 5 5 5 9 12 8 5
6 6 10 10 3 4 12 6
7 7 5 15 6 8 4 7
8 8 10 5 9 12 8 1
1 1 15 10 12 16 12 2
2 2 20 15 3 5 16 3
3 3 10 20 6 9 5 4
4 4 5 10 9 13 9 5
5 5 10 15 3 4 13 6
6 6 5 5 6 8 17 7
7 7 10 10 9 12 6 1
8 8 15 15 3 4 10 2
1 1 20 20 6 8 14 3
2 2 10 10 9 12 18 4
3 3 5 15 12 16 7 5
4 4 10 20 3 5 11 6
5 5 5 10 6 9 15 7
6 6 10 15 9 13 4 1
7 7 5 5 12 17 8 2
8 8 10 10 3 6 12 3
1 1 15 15 6 10 16 4
2 2 5 20 9 14 5 5
3 3 10 10 12 18 9 1
4 4 15 15 3 7 13 2
5 5 5 5 6 11 17 3
6 6 5 10 9 15 6 4
7 7 10 15 3 4 10 5
8 8 5 5 6 8 14 6
1 1 10 10 9 12 18 7
2 2 5 15 12 16 7 8
3 3 10 5 15 20 11 1
4 4 15 10 3 9 15 2
5 5 5 15 6 13 4 3
6 6 5 5 9 17 8 4
7 7 10 10 3 6 12 5
8 8 5 15 6 10 4 6
1 1 10 20 9 14 8 7
2 2 5 10 12 18 12 8
3 3 10 15 15 22 4 1
4 4 15 20 3 11 8 2
5 5 5 10 6 15 12 3
6 6 10 15 3 4 16 4
7 7 5 20 6 8 5 5
8 8 10 10 9 12 9 1
1 1 15 15 12 16 13 2
2 2 5 5 15 20 17 3
3 3 10 10 3 9 21 4
4 4 5 15 6 13 10 5
5 5 10 5 9 17 14 1
6 6 15 10 3 6 18 2
7 7 5 15 6 10 7 3
8 8 5 5 9 14 11 4
1 1 10 10 12 18 15 5
2 2 15 15 3 7 19 6
3 3 5 20 6 11 8 7
4 4 10 10 9 15 12 1
5 5 15 15 3 4 16 2
6 6 5 20 6 8 5 3
7 7 5 10 9 12 9 4
8 8 10 15 3 4 13 5
1 1 15 20 6 8 17 6
2 2 5 10 9 12 21 7
3 3 10 15 12 16 10 1
4 4 15 20 3 5 14 2
5 5 5 10 6 9 18 3
6 6 5 15 9 13 7 4
7 7 10 20 3 4 11 5
8 8 5 10 6 8 15 6
1 1 10 15 9 12 19 7
2 2 5 20 12 16 8 8
3 3 10 10 15 20 12 1
4 4 15 15 3 9 16 2
5 5 5 20 6 13 5 3
6 6 5 10 9 17 9 4
7 7 10 15 3 6 13 5
8 8 5 5 6 10 17 6
1 1 10 10 9 14 21 7
2 2 5 15 12 18 10 8
3 3 10 5 15 22 14 1
4 4 15 10 3 11 18 2
5 5 5 15 6 15 7 3
6 6 10 20 3 4 11 4
7 7 5 10 6 8 15 5
8 8 5 15 9 12 4 6
1 1 10 20 12 16 8 7
2 2 5 10 15 20 12 8
3 3 10 15 18 24 4 1
4 4 15 20 6 13 8 2
5 5 5 10 9 17 12 3
6 6 10 15 3 6 16 4
7 7 5 20 6 10 5 5
8 8 10 10 9 14 9 1
1 1 15 15 12 18 13 2
2 2 5 5 15 22 17 3
3 3 10 10 3 11 21 4
4 4 5 15 6 15 10 5
5 5 10 20 3 4 14 6
*
waitingTimeCarsGone
543
0
673
570
352
0
130
51
34
0
29
*
waitingTimeCarsLeft
0
19
0
7
7
5
0
3
1
