7
4 3 2 7 4 2 0 2
15
101
2308
10817.31
carsInLane
4 3 2 7 4 2 0 2
8 6 4 7 8 4 0 2
4 9 6 14 4 6 0 4
8 12 2 7 8 8 0 6
12 3 4 14 12 2 0 8
4 6 6 21 4 4 0 10
8 9 8 13 8 6 0 2
12 12 2 7 12 8 0 4
16 15 4 14 16 10 0 2
5 18 6 21 5 12 0 4
9 6 8 28 9 2 0 6
13 9 2 20 13 4 0 8
17 12 4 12 17 6 0 2
6 15 6 19 6 8 0 4
10 18 2 11 10 10 0 6
14 6 4 18 14 2 0 8
18 9 6 25 18 4 0 2
7 12 8 32 7 6 0 4
11 15 2 24 11 8 0 6
15 18 4 16 15 10 0 2
4 6 6 23 19 12 0 4
8 9 8 30 8 2 0 6
12 12 2 22 12 4 0 8
16 15 4 14 16 6 0 2
20 18 2 21 20 8 0 4
9 21 4 28 9 10 0 6
13 24 6 20 13 12 0 2
4 12 8 27 17 14 0 4
8 15 2 19 21 16 0 6
12 18 4 26 10 3 0 8
16 21 6 18 14 5 0 2
5 9 8 25 18 7 0 4
9 12 2 32 22 9 0 6
13 15 4 24 26 11 0 2
4 18 6 31 15 13 0 4
8 21 2 23 19 15 0 6
12 9 4 30 23 2 0 8
16 12 6 22 27 4 0 2
5 15 8 29 16 6 0 4
9 18 2 21 20 8 0 6
13 21 4 28 24 10 0 2
4 24 6 35 13 12 0 4
8 27 2 27 17 14 0 6
12 15 4 34 21 2 0 8
16 18 6 26 25 4 0 2
5 21 8 33 14 6 0 4
9 24 2 25 18 8 0 6
4 12 4 32 22 10 0 8
8 15 6 39 26 12 0 2
12 18 2 31 30 14 0 4
16 21 4 38 19 2 0 6
20 24 6 30 23 4 0 2
9 12 8 37 27 6 0 4
13 15 2 29 31 8 0 6
4 18 4 36 20 10 0 8
8 21 6 28 24 12 0 2
12 24 2 35 28 14 0 4
16 27 4 42 17 2 0 6
20 30 6 34 21 4 0 2
9 18 8 41 25 6 0 4
13 21 2 33 29 8 0 6
4 24 4 40 18 10 0 8
8 27 6 32 22 12 0 2
12 15 8 39 26 2 0 4
16 18 2 46 30 4 0 6
20 21 4 38 34 6 0 2
9 24 6 45 23 8 0 4
13 27 2 37 27 10 0 6
17 30 4 29 31 12 0 2
6 33 6 36 20 14 0 4
10 21 8 43 24 2 0 6
14 24 2 35 28 4 0 8
18 27 4 42 32 6 0 2
7 30 6 49 21 8 0 4
11 33 2 41 25 10 0 6
15 36 4 33 29 12 0 2
4 24 6 40 33 14 0 4
8 27 8 47 22 2 0 6
12 30 2 39 26 4 0 8
16 33 4 31 30 6 0 2
20 36 2 38 34 8 0 4
9 24 4 45 38 10 0 6
13 27 6 37 42 12 0 2
4 30 8 44 31 14 0 4
8 33 2 36 35 16 0 6
12 21 4 43 39 3 0 8
4 24 6 50 28 5 0 10
8 27 8 42 32 7 0 2
12 30 2 49 36 9 0 4
16 33 4 41 40 11 0 2
5 36 6 48 29 13 0 4
9 39 2 40 33 15 0 6
13 27 4 47 37 2 0 8
17 30 6 39 41 4 0 2
6 33 8 46 30 6 0 4
10 36 2 38 34 8 0 6
14 39 4 45 38 10 0 2
4 27 6 52 42 12 0 4
8 30 2 44 46 14 0 6
12 33 4 51 35 2 0 8
16 36 6 43 39 4 0 2
*
waitingTimeCarsGone
264
0
347
393
375
0
290
243
170
0
84
54
43
0
25
14
6
*
waitingTimeCarsLeft
0
21
0
18
16
14
0
14
14
4
0
3
3
3
0
3
3
