2
3 3 2 5 3 3 3 2
15
101
2264
11490.65
carsInLane
3 3 2 5 3 3 3 2
6 6 4 5 6 6 6 2
3 9 6 10 3 9 9 4
6 3 8 15 6 3 12 6
9 6 2 20 9 6 3 8
12 9 4 10 12 9 6 2
3 12 6 15 3 12 9 4
6 3 8 20 6 3 12 6
9 6 2 25 9 6 3 8
12 9 4 15 12 9 6 2
3 12 6 20 3 12 9 4
6 3 8 25 6 3 12 6
9 6 2 30 9 6 3 8
12 9 4 20 12 9 6 2
3 12 6 25 3 12 9 4
6 3 8 30 6 3 12 6
9 6 2 35 9 6 3 8
12 9 4 25 12 9 6 2
3 12 6 30 3 12 9 4
6 3 8 35 6 3 12 6
9 6 2 40 9 6 3 8
12 9 4 30 12 9 6 2
3 12 6 35 3 12 9 4
6 3 8 40 6 3 12 6
9 6 2 45 9 6 3 8
12 9 4 35 12 9 6 2
3 12 6 40 3 12 9 4
6 3 8 45 6 3 12 6
9 6 2 50 9 6 3 8
12 9 4 40 12 9 6 2
3 12 6 45 3 12 9 4
6 3 8 50 6 3 12 6
9 6 2 55 9 6 3 8
12 9 4 45 12 9 6 2
3 12 6 50 3 12 9 4
6 3 8 55 6 3 12 6
9 6 2 60 9 6 3 8
12 9 4 50 12 9 6 2
3 12 6 55 3 12 9 4
6 3 8 60 6 3 12 6
9 6 2 65 9 6 3 8
12 9 4 55 12 9 6 2
3 12 6 60 3 12 9 4
6 3 8 65 6 3 12 6
9 6 2 70 9 6 3 8
12 9 4 60 12 9 6 2
3 12 6 65 3 12 9 4
6 3 8 70 6 3 12 6
9 6 2 75 9 6 3 8
12 9 4 65 12 9 6 2
3 12 6 70 3 12 9 4
6 3 8 75 6 3 12 6
9 6 2 80 9 6 3 8
12 9 4 70 12 9 6 2
3 12 6 75 3 12 9 4
6 3 8 80 6 3 12 6
9 6 2 85 9 6 3 8
12 9 4 75 12 9 6 2
3 12 6 80 3 12 9 4
6 3 8 85 6 3 12 6
9 6 2 90 9 6 3 8
12 9 4 80 12 9 6 2
3 12 6 85 3 12 9 4
6 3 8 90 6 3 12 6
9 6 2 95 9 6 3 8
12 9 4 85 12 9 6 2
3 12 6 90 3 12 9 4
6 3 8 95 6 3 12 6
9 6 2 100 9 6 3 8
12 9 4 90 12 9 6 2
3 12 6 95 3 12 9 4
6 3 8 100 6 3 12 6
9 6 2 105 9 6 3 8
12 9 4 95 12 9 6 2
3 12 6 100 3 12 9 4
6 3 8 105 6 3 12 6
9 6 2 110 9 6 3 8
12 9 4 100 12 9 6 2
3 12 6 105 3 12 9 4
6 3 8 110 6 3 12 6
9 6 2 115 9 6 3 8
12 9 4 105 12 9 6 2
3 12 6 110 3 12 9 4
6 3 8 115 6 3 12 6
9 6 2 120 9 6 3 8
12 9 4 110 12 9 6 2
3 12 6 115 3 12 9 4
6 3 8 120 6 3 12 6
9 6 2 125 9 6 3 8
12 9 4 115 12 9 6 2
3 12 6 120 3 12 9 4
6 3 8 125 6 3 12 6
9 6 2 130 9 6 3 8
12 9 4 120 12 9 6 2
3 12 6 125 3 12 9 4
6 3 8 130 6 3 12 6
9 6 2 135 9 6 3 8
12 9 4 125 12 9 6 2
3 12 6 130 3 12 9 4
6 3 8 135 6 3 12 6
9 6 2 140 9 6 3 8
*
waitingTimeCarsGone
482
0
480
479
478
0
15
15
15
0
15
15
15
0
15
15
15
0
15
15
15
0
15
15
15
0
15
15
15
0
15
15
15
0
15
10
5
*
waitingTimeCarsLeft
0
22
0
17
11
5
0
5
5
5
0
5
5
5
0
5
5
5
0
5
5
5
0
5
5
5
0
5
5
5
0
5
5
5
