2
1 6 1 3 3 3 3 4
15
101
2142
15767.31
carsInLane
1 6 1 3 3 3 3 4
2 6 2 6 6 3 6 8
3 12 3 3 9 6 9 4
1 18 4 6 3 9 12 8
2 24 1 9 6 12 3 12
3 15 2 12 9 3 6 16
4 21 3 3 12 6 9 5
1 27 4 6 3 9 12 9
2 33 1 9 6 12 3 13
3 24 2 12 9 3 6 17
4 30 3 3 12 6 9 6
1 36 4 6 3 9 12 10
2 42 1 9 6 12 3 14
3 33 2 12 9 3 6 18
4 39 3 3 12 6 9 7
1 45 4 6 3 9 12 11
2 51 1 9 6 12 3 15
3 42 2 12 9 3 6 19
4 48 3 3 12 6 9 8
1 54 4 6 3 9 12 12
2 60 1 9 6 12 3 16
3 51 2 12 9 3 6 20
4 57 3 3 12 6 9 9
1 63 4 6 3 9 12 13
2 69 1 9 6 12 3 17
3 60 2 12 9 3 6 21
4 66 3 3 12 6 9 10
1 72 4 6 3 9 12 14
2 78 1 9 6 12 3 18
3 69 2 12 9 3 6 22
4 75 3 3 12 6 9 11
1 81 4 6 3 9 12 15
2 87 1 9 6 12 3 19
3 78 2 12 9 3 6 23
4 84 3 3 12 6 9 12
1 90 4 6 3 9 12 16
2 96 1 9 6 12 3 20
3 87 2 12 9 3 6 24
4 93 3 3 12 6 9 13
1 99 4 6 3 9 12 17
2 105 1 9 6 12 3 21
3 96 2 12 9 3 6 25
4 102 3 3 12 6 9 14
1 108 4 6 3 9 12 18
2 114 1 9 6 12 3 22
3 105 2 12 9 3 6 26
4 111 3 3 12 6 9 15
1 117 4 6 3 9 12 19
2 123 1 9 6 12 3 23
3 114 2 12 9 3 6 27
4 120 3 3 12 6 9 16
1 126 4 6 3 9 12 20
2 132 1 9 6 12 3 24
3 123 2 12 9 3 6 28
4 129 3 3 12 6 9 17
1 135 4 6 3 9 12 21
2 141 1 9 6 12 3 25
3 132 2 12 9 3 6 29
4 138 3 3 12 6 9 18
1 144 4 6 3 9 12 22
2 150 1 9 6 12 3 26
3 141 2 12 9 3 6 30
4 147 3 3 12 6 9 19
1 153 4 6 3 9 12 23
2 159 1 9 6 12 3 27
3 150 2 12 9 3 6 31
4 156 3 3 12 6 9 20
1 162 4 6 3 9 12 24
2 168 1 9 6 12 3 28
3 159 2 12 9 3 6 32
4 165 3 3 12 6 9 21
1 171 4 6 3 9 12 25
2 177 1 9 6 12 3 29
3 168 2 12 9 3 6 33
4 174 3 3 12 6 9 22
1 180 4 6 3 9 12 26
2 186 1 9 6 12 3 30
3 177 2 12 9 3 6 34
4 183 3 3 12 6 9 23
1 189 4 6 3 9 12 27
2 195 1 9 6 12 3 31
3 186 2 12 9 3 6 35
4 192 3 3 12 6 9 24
1 198 4 6 3 9 12 28
2 204 1 9 6 12 3 32
3 195 2 12 9 3 6 36
4 201 3 3 12 6 9 25
1 207 4 6 3 9 12 29
2 213 1 9 6 12 3 33
3 204 2 12 9 3 6 37
4 210 3 3 12 6 9 26
1 216 4 6 3 9 12 30
2 222 1 9 6 12 3 34
3 213 2 12 9 3 6 38
4 219 3 3 12 6 9 27
1 225 4 6 3 9 12 31
2 231 1 9 6 12 3 35
3 222 2 12 9 3 6 39
4 228 3 3 12 6 9 28
1 234 4 6 3 9 12 32
2 240 1 9 6 12 3 36
*
waitingTimeCarsGone
369
0
379
391
409
0
69
69
66
0
47
31
18
0
9
9
12
0
9
9
12
0
9
9
12
0
9
9
12
0
9
9
12
0
9
9
12
0
9
9
12
0
9
9
12
0
9
9
12
0
9
9
6
*
waitingTimeCarsLeft
0
21
0
17
13
10
0
10
10
10
0
10
10
6
0
6
6
6
0
6
6
6
0
6
6
6
0
6
6
6
0
6
6
6
0
6
6
6
0
6
6
6
0
6
6
6
0
6
6
6
0
3
