4
3 3 4 3 1 2 3 5
15
101
2378
6518.006
122.6667
46
carsInLane
3 3 4 3 1 2 3 5
6 6 8 3 2 4 6 5
9 9 4 6 3 6 3 10
3 3 8 9 4 8 6 15
6 6 12 3 5 10 9 5
9 9 16 6 1 2 12 10
12 12 5 9 2 4 3 15
15 15 9 3 3 6 6 5
3 3 13 6 4 8 9 10
6 6 4 9 5 10 3 15
9 9 8 12 1 2 6 20
12 12 12 3 2 4 9 10
3 3 16 6 3 6 12 15
6 6 5 9 4 8 3 20
9 9 9 3 5 10 6 10
12 12 13 6 1 2 9 15
3 3 17 9 2 4 12 20
6 6 21 12 3 6 3 10
9 9 10 3 4 8 6 15
12 12 14 6 5 10 3 5
15 15 18 9 1 2 6 10
3 3 22 12 2 4 9 15
6 6 11 3 3 6 12 20
9 9 15 6 4 8 3 10
12 12 4 3 5 10 6 15
15 15 8 6 1 2 9 20
3 3 12 9 2 4 12 25
6 6 16 12 3 6 3 15
9 9 5 3 4 8 6 20
12 12 9 6 5 10 3 10
15 15 13 9 1 2 6 15
3 3 17 12 2 4 9 20
6 6 21 3 3 6 12 10
9 9 10 6 4 8 3 15
12 12 14 3 5 10 6 5
15 15 18 6 1 2 9 10
3 3 22 9 2 4 12 15
6 6 11 12 3 6 3 20
9 9 15 3 4 8 6 10
12 12 4 6 5 10 3 15
15 15 8 9 1 2 6 20
3 3 12 12 2 4 9 25
6 6 16 3 3 6 12 15
9 9 5 6 4 8 3 20
12 12 9 3 5 10 6 10
15 15 13 6 1 2 9 15
3 3 17 9 2 4 12 20
6 6 21 12 3 6 3 10
9 9 10 3 4 8 6 15
12 12 14 6 5 10 3 5
15 15 18 9 1 2 6 10
3 3 22 12 2 4 9 15
6 6 11 3 3 6 12 20
9 9 15 6 4 8 3 10
12 12 4 3 5 10 6 15
15 15 8 6 1 2 9 20
3 3 12 9 2 4 12 25
6 6 16 12 3 6 3 15
9 9 5 3 4 8 6 20
12 12 9 6 5 10 3 10
15 15 13 9 1 2 6 15
3 3 17 12 2 4 9 20
6 6 21 3 3 6 12 10
9 9 10 6 4 8 3 15
12 12 14 3 5 10 6 5
15 15 18 6 1 2 9 10
3 3 22 9 2 4 12 15
6 6 11 12 3 6 3 20
9 9 15 3 4 8 6 10
12 12 4 6 5 10 3 15
15 15 8 9 1 2 6 20
3 3 12 12 2 4 9 25
6 6 16 3 3 6 12 15
9 9 5 6 4 8 3 20
12 12 9 3 5 10 6 10
15 15 13 6 1 2 9 15
3 3 17 9 2 4 12 20
6 6 21 12 3 6 3 10
9 9 10 3 4 8 6 15
12 12 14 6 5 10 3 5
15 15 18 9 1 2 6 10
3 3 22 12 2 4 9 15
6 6 11 3 3 6 12 20
9 9 15 6 4 8 3 10
12 12 4 3 5 10 6 15
15 15 8 6 1 2 9 20
3 3 12 9 2 4 12 25
6 6 16 12 3 6 3 15
9 9 5 3 4 8 6 20
12 12 9 6 5 10 3 10
15 15 13 9 1 2 6 15
3 3 17 12 2 4 9 20
6 6 21 3 3 6 12 10
9 9 10 6 4 8 3 15
12 12 14 3 5 10 6 5
15 15 18 6 1 2 9 10
3 3 22 9 2 4 12 15
6 6 11 12 3 6 3 20
9 9 15 3 4 8 6 10
12 12 4 6 5 10 3 15
15 15 8 9 1 2 6 20
*
waitingTimeCarsGone
464
0
576
573
506
0
241
18
*
waitingTimeCarsLeft
0
18
0
15
8
5
