10
3 2 2 1 3 3 6 4
15
101
2390
5698.002
carsInLane
3 2 2 1 3 3 6 4
6 4 4 2 6 6 6 4
3 6 6 3 3 9 12 8
6 8 8 4 6 12 6 4
9 2 10 5 9 3 12 8
12 4 2 6 12 6 6 12
3 6 4 7 3 9 12 16
6 8 6 8 6 12 6 5
9 2 8 9 9 3 12 9
12 4 10 10 12 6 6 4
3 6 12 11 3 9 12 8
6 8 2 1 6 12 18 12
9 10 4 2 9 15 9 4
12 2 6 3 12 3 15 8
3 4 8 4 3 6 21 12
6 6 10 5 6 9 12 4
9 8 2 6 9 12 6 8
12 10 4 7 3 3 12 12
15 12 6 8 6 6 6 4
3 2 8 9 9 9 12 8
6 4 2 10 12 12 6 12
9 6 4 11 3 3 12 16
12 8 6 1 6 6 18 5
15 10 2 2 9 9 9 9
3 2 4 3 12 12 15 13
6 4 6 4 15 15 6 4
9 6 8 5 3 3 12 8
12 8 2 6 6 6 6 12
3 2 4 7 9 9 12 16
6 4 6 8 12 12 6 5
9 6 8 9 3 3 12 9
12 8 10 10 6 6 6 4
3 2 12 11 9 9 12 8
6 4 2 1 12 12 18 12
9 6 4 2 15 15 9 4
12 8 6 3 3 3 15 8
15 10 8 4 6 6 6 4
3 2 10 5 9 9 12 8
6 4 2 6 12 12 6 12
9 6 4 7 3 3 12 16
12 8 6 8 6 6 6 5
3 2 8 9 9 9 12 9
6 4 10 10 12 12 6 4
9 6 12 11 3 3 12 8
12 8 2 1 6 6 18 12
15 10 4 2 9 9 9 4
3 2 6 3 12 12 15 8
6 4 8 4 3 3 21 12
9 6 10 5 6 6 12 4
12 8 2 6 9 9 6 8
3 10 4 7 3 12 12 12
6 12 6 8 6 15 6 4
9 2 8 9 9 3 12 8
12 4 2 10 12 6 6 12
3 6 4 11 3 9 12 16
6 8 6 1 6 12 18 5
9 10 2 2 9 15 9 9
12 2 4 3 12 3 15 13
15 4 6 4 15 6 6 4
3 6 8 5 3 9 12 8
6 8 2 6 6 12 6 12
9 2 4 7 9 3 12 16
12 4 6 8 12 6 6 5
3 6 8 9 3 9 12 9
6 8 10 10 6 12 6 4
9 2 12 11 9 3 12 8
12 4 2 1 12 6 18 12
15 6 4 2 15 9 9 4
3 8 6 3 3 12 15 8
6 10 8 4 6 15 6 4
9 2 10 5 9 3 12 8
12 4 2 6 12 6 6 12
3 6 4 7 3 9 12 16
6 8 6 8 6 12 6 5
9 2 8 9 9 3 12 9
12 4 10 10 12 6 6 4
3 6 12 11 3 9 12 8
6 8 2 1 6 12 18 12
9 10 4 2 9 15 9 4
12 2 6 3 12 3 15 8
3 4 8 4 3 6 21 12
6 6 10 5 6 9 12 4
9 8 2 6 9 12 6 8
12 10 4 7 3 3 12 12
15 12 6 8 6 6 6 4
3 2 8 9 9 9 12 8
6 4 2 10 12 12 6 12
9 6 4 11 3 3 12 16
12 8 6 1 6 6 18 5
15 10 2 2 9 9 9 9
3 2 4 3 12 12 15 13
6 4 6 4 15 15 6 4
9 6 8 5 3 3 12 8
12 8 2 6 6 6 6 12
3 2 4 7 9 9 12 16
6 4 6 8 12 12 6 5
9 6 8 9 3 3 12 9
12 8 10 10 6 6 6 4
3 2 12 11 9 9 12 8
6 4 2 1 12 12 18 12
9 6 4 2 15 15 9 4
*
waitingTimeCarsGone
664
0
708
489
333
0
124
27
9
0
9
9
9
0
9
*
waitingTimeCarsLeft
0
18
0
11
5
