100
4 3 2 7 4 2 0 2
15
101
2374
5084.666
carsInLane
4 3 2 7 4 2 0 2
8 6 4 7 8 4 0 2
4 9 6 14 4 6 0 4
8 12 2 7 8 8 0 6
12 3 4 14 12 2 0 8
4 6 6 21 4 4 0 10
8 9 8 13 8 6 0 2
12 12 2 7 12 8 0 4
4 15 4 14 4 10 0 6
8 3 6 21 8 2 0 8
12 6 8 13 12 4 0 2
4 9 10 20 4 6 0 4
8 12 2 12 8 8 0 6
12 3 4 19 12 2 0 8
16 6 6 11 16 4 0 2
5 9 8 18 5 6 0 4
9 12 2 10 9 8 0 6
4 3 4 17 13 10 0 8
8 6 6 9 17 12 0 2
12 9 8 16 6 2 0 4
16 12 2 8 10 4 0 6
5 3 4 15 14 6 0 8
9 6 6 7 18 8 0 2
4 9 8 14 7 10 0 4
8 12 2 7 11 12 0 6
12 3 4 14 15 2 0 8
4 6 6 21 4 4 0 10
8 9 8 13 8 6 0 2
12 12 2 7 12 8 0 4
4 15 4 14 4 10 0 6
8 3 6 21 8 2 0 8
12 6 8 13 12 4 0 2
4 9 10 20 4 6 0 4
8 12 2 12 8 8 0 6
12 3 4 19 12 2 0 8
16 6 6 11 16 4 0 2
5 9 8 18 5 6 0 4
9 12 2 10 9 8 0 6
4 3 4 17 13 10 0 8
8 6 6 9 17 12 0 2
12 9 8 16 6 2 0 4
16 12 2 8 10 4 0 6
5 3 4 15 14 6 0 8
9 6 6 7 18 8 0 2
4 9 8 14 7 10 0 4
8 12 2 7 11 12 0 6
12 3 4 14 15 2 0 8
4 6 6 21 4 4 0 10
8 9 8 13 8 6 0 2
12 12 2 7 12 8 0 4
4 15 4 14 4 10 0 6
8 3 6 21 8 2 0 8
12 6 8 13 12 4 0 2
4 9 10 20 4 6 0 4
8 12 2 12 8 8 0 6
12 3 4 19 12 2 0 8
16 6 6 11 16 4 0 2
5 9 8 18 5 6 0 4
9 12 2 10 9 8 0 6
4 3 4 17 13 10 0 8
8 6 6 9 17 12 0 2
12 9 8 16 6 2 0 4
16 12 2 8 10 4 0 6
5 3 4 15 14 6 0 8
9 6 6 7 18 8 0 2
4 9 8 14 7 10 0 4
8 12 2 7 11 12 0 6
12 3 4 14 15 2 0 8
4 6 6 21 4 4 0 10
8 9 8 13 8 6 0 2
12 12 2 7 12 8 0 4
4 15 4 14 4 10 0 6
8 3 6 21 8 2 0 8
12 6 8 13 12 4 0 2
4 9 10 20 4 6 0 4
8 12 2 12 8 8 0 6
12 3 4 19 12 2 0 8
16 6 6 11 16 4 0 2
5 9 8 18 5 6 0 4
9 12 2 10 9 8 0 6
4 3 4 17 13 10 0 8
8 6 6 9 17 12 0 2
12 9 8 16 6 2 0 4
16 12 2 8 10 4 0 6
5 3 4 15 14 6 0 8
9 6 6 7 18 8 0 2
4 9 8 14 7 10 0 4
8 12 2 7 11 12 0 6
12 3 4 14 15 2 0 8
4 6 6 21 4 4 0 10
8 9 8 13 8 6 0 2
12 12 2 7 12 8 0 4
4 15 4 14 4 10 0 6
8 3 6 21 8 2 0 8
12 6 8 13 12 4 0 2
4 9 10 20 4 6 0 4
8 12 2 12 8 8 0 6
12 3 4 19 12 2 0 8
16 6 6 11 16 4 0 2
5 9 8 18 5 6 0 4
9 12 2 10 9 8 0 6
*
waitingTimeCarsGone
623
0
775
588
299
0
73
16
*
waitingTimeCarsLeft
0
22
0
16
7
5
