4
1 3 3 3 1 5 4 4
15
101
2367
6821.004
carsInLane
1 3 3 3 1 5 4 4
2 3 6 6 2 5 8 8
3 6 9 9 3 10 4 4
4 9 3 3 4 15 8 8
5 3 6 6 5 5 12 12
1 6 9 9 1 10 16 16
2 9 12 12 2 15 5 5
3 3 15 15 3 5 9 9
4 6 3 3 4 10 13 13
5 9 6 6 5 15 4 4
1 12 9 9 1 20 8 8
2 3 12 12 2 10 12 12
3 6 3 15 3 15 4 16
4 9 6 3 4 20 8 5
5 3 9 6 5 10 12 9
1 6 12 9 1 15 16 13
2 9 15 12 2 20 5 4
3 12 3 3 3 25 9 8
4 3 6 6 4 15 13 12
5 6 9 9 5 20 4 4
1 9 12 12 1 25 8 8
2 3 15 15 2 15 12 12
3 6 3 3 3 20 16 16
4 9 6 6 4 25 5 5
5 3 9 9 5 15 9 9
1 6 12 12 1 20 13 13
2 3 15 15 2 10 17 17
3 6 3 3 3 15 21 21
4 9 6 6 4 20 10 10
5 3 9 9 5 10 14 14
1 6 12 12 1 15 18 18
2 9 15 15 2 20 7 7
3 12 3 3 3 25 11 11
4 3 6 6 4 15 15 15
5 6 9 9 5 20 4 4
1 9 12 12 1 25 8 8
2 3 15 15 2 15 12 12
3 6 3 3 3 20 16 16
4 9 6 6 4 25 5 5
5 3 9 9 5 15 9 9
1 6 12 12 1 20 13 13
2 3 15 15 2 10 17 17
3 6 3 3 3 15 21 21
4 9 6 6 4 20 10 10
5 3 9 9 5 10 14 14
1 6 12 12 1 15 18 18
2 9 15 15 2 20 7 7
3 12 3 3 3 25 11 11
4 3 6 6 4 15 15 15
5 6 9 9 5 20 4 4
1 9 12 12 1 25 8 8
2 3 15 15 2 15 12 12
3 6 3 3 3 20 16 16
4 9 6 6 4 25 5 5
5 3 9 9 5 15 9 9
1 6 12 12 1 20 13 13
2 3 15 15 2 10 17 17
3 6 3 3 3 15 21 21
4 9 6 6 4 20 10 10
5 3 9 9 5 10 14 14
1 6 12 12 1 15 18 18
2 9 15 15 2 20 7 7
3 12 3 3 3 25 11 11
4 3 6 6 4 15 15 15
5 6 9 9 5 20 4 4
1 9 12 12 1 25 8 8
2 3 15 15 2 15 12 12
3 6 3 3 3 20 16 16
4 9 6 6 4 25 5 5
5 3 9 9 5 15 9 9
1 6 12 12 1 20 13 13
2 3 15 15 2 10 17 17
3 6 3 3 3 15 21 21
4 9 6 6 4 20 10 10
5 3 9 9 5 10 14 14
1 6 12 12 1 15 18 18
2 9 15 15 2 20 7 7
3 12 3 3 3 25 11 11
4 3 6 6 4 15 15 15
5 6 9 9 5 20 4 4
1 9 12 12 1 25 8 8
2 3 15 15 2 15 12 12
3 6 3 3 3 20 16 16
4 9 6 6 4 25 5 5
5 3 9 9 5 15 9 9
1 6 12 12 1 20 13 13
2 3 15 15 2 10 17 17
3 6 3 3 3 15 21 21
4 9 6 6 4 20 10 10
5 3 9 9 5 10 14 14
1 6 12 12 1 15 18 18
2 9 15 15 2 20 7 7
3 12 3 3 3 25 11 11
4 3 6 6 4 15 15 15
5 6 9 9 5 20 4 4
1 9 12 12 1 25 8 8
2 3 15 15 2 15 12 12
3 6 3 3 3 20 16 16
4 9 6 6 4 25 5 5
5 3 9 9 5 15 9 9
1 6 12 12 1 20 13 13
*
waitingTimeCarsGone
407
0
530
614
508
0
298
10
*
waitingTimeCarsLeft
0
21
0
14
14
8
