7
4 0 3 2 2 8 3 2
15
91
2139
18738.34
carsInLane
4 0 3 2 2 8 3 2
8 0 6 4 2 8 6 4
12 0 3 6 4 16 3 6
16 0 6 8 2 9 6 8
5 0 9 10 2 17 9 10
9 0 12 2 4 25 12 2
13 0 15 4 2 18 15 4
17 0 3 6 4 26 3 6
6 0 6 8 6 34 6 8
10 0 9 10 2 27 9 10
14 0 12 12 2 20 12 12
18 0 3 14 4 28 3 14
22 0 6 16 2 21 6 16
26 0 9 3 4 29 9 3
30 0 12 5 2 22 12 5
19 0 15 7 2 30 15 7
23 0 18 9 4 23 18 9
27 0 6 11 6 31 6 11
31 0 9 13 2 24 9 13
20 0 12 15 2 32 12 15
24 0 15 17 2 25 15 17
28 0 18 4 4 33 18 4
32 0 21 6 2 26 21 6
36 0 9 8 4 34 9 8
25 0 12 10 6 42 12 10
29 0 15 12 2 35 15 12
33 0 18 14 2 28 18 14
37 0 6 16 4 36 6 16
26 0 9 18 2 44 9 18
30 0 12 5 4 52 12 5
34 0 15 7 2 45 15 7
38 0 18 9 2 38 18 9
27 0 21 11 4 46 21 11
31 0 24 13 2 39 24 13
35 0 12 15 4 47 12 15
39 0 15 17 2 40 15 17
43 0 18 19 2 33 18 19
47 0 21 6 4 41 21 6
36 0 24 8 2 49 24 8
40 0 27 10 2 42 27 10
29 0 30 12 4 50 30 12
33 0 18 14 6 58 18 14
37 0 21 16 2 51 21 16
41 0 24 18 2 44 24 18
45 0 12 20 4 52 12 20
49 0 15 7 6 60 15 7
53 0 18 9 2 53 18 9
42 0 21 11 2 61 21 11
46 0 24 13 4 54 24 13
50 0 27 15 2 47 27 15
54 0 15 17 4 55 15 17
58 0 18 19 2 48 18 19
47 0 21 21 2 56 21 21
51 0 24 8 4 64 24 8
55 0 27 10 2 57 27 10
59 0 30 12 2 50 30 12
48 0 33 14 4 58 33 14
52 0 21 16 6 66 21 16
56 0 24 18 2 59 24 18
60 0 27 20 2 52 27 20
49 0 30 22 2 60 30 22
53 0 33 9 4 68 33 9
57 0 36 11 2 61 36 11
61 0 24 13 4 69 24 13
50 0 27 15 6 77 27 15
54 0 30 17 2 70 30 17
58 0 33 19 2 63 33 19
62 0 21 21 4 71 21 21
66 0 24 23 2 64 24 23
70 0 27 10 4 72 27 10
74 0 30 12 2 65 30 12
63 0 33 14 2 73 33 14
67 0 36 16 4 66 36 16
71 0 24 18 6 74 24 18
75 0 27 20 2 67 27 20
64 0 30 22 2 75 30 22
68 0 33 24 2 68 33 24
72 0 36 11 4 76 36 11
76 0 39 13 2 69 39 13
65 0 42 15 2 77 42 15
69 0 45 17 4 70 45 17
73 0 33 19 6 78 33 19
77 0 36 21 2 71 36 21
66 0 39 23 2 79 39 23
70 0 42 25 2 72 42 25
74 0 45 12 4 80 45 12
78 0 33 14 6 88 33 14
82 0 36 16 2 81 36 16
71 0 39 18 4 89 39 18
75 0 42 20 2 82 42 20
79 0 30 22 4 90 30 22
83 0 33 24 2 83 33 24
72 0 36 26 2 91 36 26
76 0 39 13 4 99 39 13
80 0 42 15 2 92 42 15
84 0 45 17 2 85 45 17
73 0 48 19 4 93 48 19
77 0 51 21 2 86 51 21
81 0 39 23 4 94 39 23
85 0 42 25 2 87 42 25
89 0 45 27 2 80 45 27
*
waitingTimeCarsGone
160
16
124
150
154
90
68
169
190
152
92
147
148
78
82
70
57
25
30
20
20
18
13
21
23
5
8
9
*
waitingTimeCarsLeft
0
24
22
0
22
22
22
0
22
18
18
18
0
18
10
10
0
10
10
10
0
4
4
4
0
4
4
4
0
4
1
