3
2 4 1 5 1 2 7 2
15
101
1920
23240.03
12885.33
504
carsInLane
2 4 1 5 1 2 7 2
4 8 2 10 2 4 7 2
6 4 3 15 3 2 14 4
8 8 4 5 4 4 21 2
2 12 5 10 1 6 28 4
4 16 1 15 2 8 20 6
6 5 2 20 3 2 27 8
8 9 3 10 4 4 34 2
2 13 4 15 1 6 41 4
4 17 1 20 2 8 33 6
6 6 2 25 3 2 40 8
8 10 3 15 4 4 47 2
2 14 4 20 1 6 54 4
4 18 1 25 2 8 46 6
6 7 2 30 3 2 53 8
8 11 3 20 4 4 60 2
2 15 4 25 1 6 67 4
4 19 1 30 2 8 59 6
6 8 2 35 3 2 66 8
8 12 3 25 4 4 73 2
2 16 4 30 1 6 80 4
4 20 1 35 2 8 72 6
6 9 2 40 3 2 79 8
8 13 3 30 4 4 86 2
2 17 4 35 1 6 93 4
4 21 1 40 2 8 85 6
6 10 2 45 3 2 92 8
8 14 3 35 4 4 99 2
2 18 4 40 1 6 106 4
4 22 1 45 2 8 98 6
6 11 2 50 3 2 105 8
8 15 3 40 4 4 112 2
2 19 4 45 1 6 119 4
4 23 1 50 2 8 111 6
6 12 2 55 3 2 118 8
8 16 3 45 4 4 125 2
2 20 4 50 1 6 132 4
4 24 1 55 2 8 124 6
6 13 2 60 3 2 131 8
8 17 3 50 4 4 138 2
2 21 4 55 1 6 145 4
4 25 1 60 2 8 137 6
6 14 2 65 3 2 144 8
8 18 3 55 4 4 151 2
2 22 4 60 1 6 158 4
4 26 1 65 2 8 150 6
6 15 2 70 3 2 157 8
8 19 3 60 4 4 164 2
2 23 4 65 1 6 171 4
4 27 1 70 2 8 163 6
6 16 2 75 3 2 170 8
8 20 3 65 4 4 177 2
2 24 4 70 1 6 184 4
4 28 1 75 2 8 176 6
6 17 2 80 3 2 183 8
8 21 3 70 4 4 190 2
2 25 4 75 1 6 197 4
4 29 1 80 2 8 189 6
6 18 2 85 3 2 196 8
8 22 3 75 4 4 203 2
2 26 4 80 1 6 210 4
4 30 1 85 2 8 202 6
6 19 2 90 3 2 209 8
8 23 3 80 4 4 216 2
2 27 4 85 1 6 223 4
4 31 1 90 2 8 215 6
6 20 2 95 3 2 222 8
8 24 3 85 4 4 229 2
2 28 4 90 1 6 236 4
4 32 1 95 2 8 228 6
6 21 2 100 3 2 235 8
8 25 3 90 4 4 242 2
2 29 4 95 1 6 249 4
4 33 1 100 2 8 241 6
6 22 2 105 3 2 248 8
8 26 3 95 4 4 255 2
2 30 4 100 1 6 262 4
4 34 1 105 2 8 254 6
6 23 2 110 3 2 261 8
8 27 3 100 4 4 268 2
2 31 4 105 1 6 275 4
4 35 1 110 2 8 267 6
6 24 2 115 3 2 274 8
8 28 3 105 4 4 281 2
2 32 4 110 1 6 288 4
4 36 1 115 2 8 280 6
6 25 2 120 3 2 287 8
8 29 3 110 4 4 294 2
2 33 4 115 1 6 301 4
4 37 1 120 2 8 293 6
6 26 2 125 3 2 300 8
8 30 3 115 4 4 307 2
2 34 4 120 1 6 314 4
4 38 1 125 2 8 306 6
6 27 2 130 3 2 313 8
8 31 3 120 4 4 320 2
2 35 4 125 1 6 327 4
4 39 1 130 2 8 319 6
6 28 2 135 3 2 326 8
8 32 3 125 4 4 333 2
2 36 4 130 1 6 340 4
*
waitingTimeCarsGone
224
0
237
256
274
0
83
84
76
0
62
44
30
0
22
24
22
0
24
23
23
0
24
22
24
0
22
24
22
0
24
22
24
0
17
14
8
0
8
9
7
0
9
7
9
0
7
9
7
0
9
7
9
0
8
8
9
0
7
9
7
0
9
7
4
*
waitingTimeCarsLeft
0
23
0
20
18
16
0
16
16
16
0
16
16
12
0
12
12
12
0
12
12
12
0
12
12
12
0
12
12
12
0
12
12
12
0
12
7
7
0
7
7
7
0
7
7
7
0
7
7
7
0
7
7
7
0
7
7
7
0
7
7
7
0
3
