1
1 1 5 5 3 4 4 1
15
101
2098
20356.68
4722.667
326
36.33334
carsInLane
1 1 5 5 3 4 4 1
2 2 5 5 6 8 8 2
1 3 10 10 3 12 12 3
2 1 15 15 6 4 16 4
3 2 20 20 9 8 5 1
4 3 10 10 12 12 9 2
1 4 15 15 3 16 13 3
2 1 20 20 6 5 17 4
3 2 25 25 9 9 6 1
4 3 15 15 12 13 10 2
1 4 20 20 3 17 14 3
2 1 25 25 6 6 18 4
3 2 30 30 9 10 7 1
4 3 20 20 12 14 11 2
1 4 25 25 3 18 15 3
2 1 30 30 6 7 19 4
3 2 35 35 9 11 8 1
4 3 25 25 12 15 12 2
1 4 30 30 3 19 16 3
2 1 35 35 6 8 20 4
3 2 40 40 9 12 9 1
4 3 30 30 12 16 13 2
1 4 35 35 3 20 17 3
2 1 40 40 6 9 21 4
3 2 45 45 9 13 10 1
4 3 35 35 12 17 14 2
1 4 40 40 3 21 18 3
2 1 45 45 6 10 22 4
3 2 50 50 9 14 11 1
4 3 40 40 12 18 15 2
1 4 45 45 3 22 19 3
2 1 50 50 6 11 23 4
3 2 55 55 9 15 12 1
4 3 45 45 12 19 16 2
1 4 50 50 3 23 20 3
2 1 55 55 6 12 24 4
3 2 60 60 9 16 13 1
4 3 50 50 12 20 17 2
1 4 55 55 3 24 21 3
2 1 60 60 6 13 25 4
3 2 65 65 9 17 14 1
4 3 55 55 12 21 18 2
1 4 60 60 3 25 22 3
2 1 65 65 6 14 26 4
3 2 70 70 9 18 15 1
4 3 60 60 12 22 19 2
1 4 65 65 3 26 23 3
2 1 70 70 6 15 27 4
3 2 75 75 9 19 16 1
4 3 65 65 12 23 20 2
1 4 70 70 3 27 24 3
2 1 75 75 6 16 28 4
3 2 80 80 9 20 17 1
4 3 70 70 12 24 21 2
1 4 75 75 3 28 25 3
2 1 80 80 6 17 29 4
3 2 85 85 9 21 18 1
4 3 75 75 12 25 22 2
1 4 80 80 3 29 26 3
2 1 85 85 6 18 30 4
3 2 90 90 9 22 19 1
4 3 80 80 12 26 23 2
1 4 85 85 3 30 27 3
2 1 90 90 6 19 31 4
3 2 95 95 9 23 20 1
4 3 85 85 12 27 24 2
1 4 90 90 3 31 28 3
2 1 95 95 6 20 32 4
3 2 100 100 9 24 21 1
4 3 90 90 12 28 25 2
1 4 95 95 3 32 29 3
2 1 100 100 6 21 33 4
3 2 105 105 9 25 22 1
4 3 95 95 12 29 26 2
1 4 100 100 3 33 30 3
2 1 105 105 6 22 34 4
3 2 110 110 9 26 23 1
4 3 100 100 12 30 27 2
1 4 105 105 3 34 31 3
2 1 110 110 6 23 35 4
3 2 115 115 9 27 24 1
4 3 105 105 12 31 28 2
1 4 110 110 3 35 32 3
2 1 115 115 6 24 36 4
3 2 120 120 9 28 25 1
4 3 110 110 12 32 29 2
1 4 115 115 3 36 33 3
2 1 120 120 6 25 37 4
3 2 125 125 9 29 26 1
4 3 115 115 12 33 30 2
1 4 120 120 3 37 34 3
2 1 125 125 6 26 38 4
3 2 130 130 9 30 27 1
4 3 120 120 12 34 31 2
1 4 125 125 3 38 35 3
2 1 130 130 6 27 39 4
3 2 135 135 9 31 28 1
4 3 125 125 12 35 32 2
1 4 130 130 3 39 36 3
2 1 135 135 6 28 40 4
3 2 140 140 9 32 29 1
*
waitingTimeCarsGone
176
0
208
246
283
0
150
150
141
0
110
78
46
0
30
30
30
0
30
30
30
0
30
30
30
0
30
30
30
0
30
30
30
0
30
20
10
*
waitingTimeCarsLeft
0
24
0
23
22
18
0
18
18
18
0
15
10
10
0
10
10
10
0
10
10
10
0
10
10
10
0
10
10
10
0
10
10
10
