6
4 5 0 4 0 3 5 3
15
101
2253
13770.99
carsInLane
4 5 0 4 0 3 5 3
4 5 0 8 0 6 10 6
8 10 0 12 0 9 5 3
12 5 0 16 0 3 10 6
16 10 0 5 0 6 15 3
5 5 0 9 0 9 20 6
9 10 0 13 0 12 10 3
13 15 0 17 0 3 15 6
17 20 0 6 0 6 20 9
6 10 0 10 0 9 25 12
10 15 0 14 0 12 15 3
14 5 0 18 0 3 20 6
18 10 0 22 0 6 10 3
7 5 0 26 0 9 15 6
11 10 0 30 0 3 20 9
15 15 0 19 0 6 25 12
19 20 0 23 0 9 15 3
8 10 0 27 0 12 20 6
12 15 0 16 0 15 25 3
16 5 0 20 0 3 30 6
20 10 0 24 0 6 20 3
9 15 0 28 0 9 25 6
13 20 0 17 0 12 30 9
17 25 0 21 0 15 20 3
6 15 0 25 0 18 25 6
10 5 0 29 0 6 30 9
14 10 0 33 0 9 20 3
18 15 0 22 0 12 25 3
7 20 0 26 0 15 30 6
11 25 0 30 0 18 20 9
15 15 0 34 0 6 25 12
19 20 0 23 0 9 30 3
8 10 0 27 0 12 35 6
12 15 0 31 0 15 25 3
16 20 0 20 0 18 30 3
20 25 0 24 0 6 35 6
24 30 0 28 0 9 25 9
13 20 0 32 0 12 30 12
17 25 0 21 0 15 35 3
6 15 0 25 0 18 40 6
10 20 0 29 0 21 30 3
14 10 0 33 0 9 35 6
4 15 0 37 0 12 40 9
8 20 0 26 0 15 45 12
12 25 0 30 0 18 35 3
16 15 0 34 0 6 40 6
20 20 0 38 0 9 30 3
24 25 0 27 0 12 35 3
13 15 0 31 0 15 40 6
17 20 0 35 0 3 45 9
21 25 0 39 0 6 35 12
25 30 0 28 0 9 40 3
14 20 0 32 0 12 45 6
18 25 0 36 0 15 35 3
7 15 0 40 0 18 40 6
11 20 0 29 0 21 45 3
15 25 0 33 0 9 50 6
19 30 0 37 0 12 40 9
8 20 0 41 0 15 45 12
12 25 0 45 0 18 35 3
16 30 0 34 0 21 40 3
20 20 0 38 0 9 45 6
24 25 0 42 0 12 35 3
13 30 0 46 0 15 40 6
17 35 0 35 0 18 45 9
21 40 0 39 0 21 35 3
25 30 0 43 0 9 40 6
14 20 0 47 0 12 45 9
18 25 0 36 0 15 50 3
22 30 0 40 0 18 40 3
26 35 0 44 0 6 45 6
30 40 0 33 0 9 50 9
19 30 0 37 0 12 55 12
23 35 0 41 0 15 45 3
12 25 0 45 0 18 50 6
16 30 0 49 0 21 40 3
20 35 0 38 0 24 45 3
24 40 0 42 0 12 50 6
28 45 0 46 0 15 40 9
17 35 0 50 0 18 45 12
21 40 0 39 0 21 50 3
25 30 0 43 0 9 55 6
29 35 0 47 0 12 45 3
18 25 0 51 0 15 50 6
22 30 0 55 0 3 55 9
26 35 0 44 0 6 60 12
30 40 0 48 0 9 50 3
19 30 0 52 0 12 55 6
23 35 0 56 0 15 45 3
27 40 0 45 0 18 50 3
16 30 0 49 0 21 55 6
20 35 0 53 0 9 60 9
24 40 0 57 0 12 50 12
28 45 0 46 0 15 55 3
17 35 0 50 0 18 60 6
21 40 0 54 0 21 50 3
25 30 0 58 0 9 55 6
29 35 0 47 0 12 60 3
18 40 0 51 0 15 65 6
22 45 0 55 0 18 55 9
11 35 0 59 0 21 60 12
*
waitingTimeCarsGone
206
0
256
267
311
0
254
228
200
0
153
118
89
0
74
55
24
0
15
3
*
waitingTimeCarsLeft
0
21
0
21
20
17
0
17
17
17
0
9
9
4
0
4
4
4
0
4
3
