9
3 6 2 0 6 4 2 1
15
101
2324
9204.002
carsInLane
3 6 2 0 6 4 2 1
6 6 4 0 12 4 4 2
3 12 6 0 6 8 6 3
6 6 8 0 12 4 8 4
3 12 10 0 6 8 10 5
6 6 12 0 12 4 12 6
9 12 2 0 18 8 2 7
3 18 4 0 9 12 4 8
6 9 6 0 15 4 6 9
3 15 8 0 6 8 8 10
6 21 10 0 12 12 10 1
9 12 12 0 18 4 12 2
3 18 14 0 9 8 14 3
6 24 2 0 15 12 2 4
9 15 4 0 21 4 4 5
3 21 6 0 12 8 6 6
6 12 8 0 18 4 8 7
3 18 10 0 9 8 10 8
6 9 12 0 15 4 12 9
9 15 2 0 21 8 2 10
12 21 4 0 27 12 4 1
3 27 6 0 18 16 6 2
6 18 8 0 24 5 8 3
3 24 10 0 15 9 10 4
6 15 12 0 21 4 12 5
3 21 14 0 12 8 14 6
6 12 16 0 18 4 16 7
9 18 3 0 24 8 3 8
3 24 5 0 15 12 5 9
6 15 7 0 21 4 7 10
9 21 9 0 27 8 9 1
3 27 11 0 18 12 11 2
6 18 13 0 24 4 13 3
3 24 15 0 15 8 15 4
6 15 17 0 21 4 17 5
9 21 4 0 27 8 4 6
3 27 6 0 18 12 6 7
6 18 8 0 24 4 8 8
3 24 10 0 15 8 10 9
6 15 12 0 21 4 12 10
9 21 14 0 27 8 14 1
3 27 16 0 18 12 16 2
6 18 18 0 24 4 18 3
9 24 5 0 30 8 5 4
3 30 7 0 21 12 7 5
6 21 9 0 27 4 9 6
3 27 11 0 18 8 11 7
6 18 13 0 24 4 13 8
3 24 15 0 15 8 15 9
6 15 17 0 21 4 17 10
9 21 19 0 27 8 19 1
12 27 6 0 33 12 6 2
3 33 8 0 24 16 8 3
6 24 10 0 30 5 10 4
3 30 12 0 21 9 12 5
6 21 14 0 27 4 14 6
3 27 16 0 18 8 16 7
6 18 18 0 24 4 18 8
9 24 5 0 30 8 5 9
3 30 7 0 21 12 7 10
6 36 9 0 27 16 9 1
9 27 11 0 33 5 11 2
3 33 13 0 24 9 13 3
6 24 15 0 30 4 15 4
3 30 17 0 21 8 17 5
6 21 19 0 27 4 19 6
9 27 6 0 33 8 6 7
3 33 8 0 24 12 8 8
6 24 10 0 30 4 10 9
3 30 12 0 21 8 12 10
6 36 14 0 27 12 14 1
9 27 16 0 33 4 16 2
3 33 18 0 24 8 18 3
6 24 20 0 30 4 20 4
9 30 7 0 36 8 7 5
3 36 9 0 27 12 9 6
6 27 11 0 33 4 11 7
3 33 13 0 24 8 13 8
6 24 15 0 30 4 15 9
3 30 17 0 21 8 17 10
6 36 19 0 27 12 19 1
9 27 21 0 33 4 21 2
3 33 23 0 24 8 23 3
6 39 10 0 30 12 10 4
9 30 12 0 36 4 12 5
3 36 14 0 27 8 14 6
6 27 16 0 33 4 16 7
3 33 18 0 24 8 18 8
6 24 20 0 30 4 20 9
9 30 7 0 36 8 7 10
12 36 9 0 42 12 9 1
3 42 11 0 33 16 11 2
6 33 13 0 39 5 13 3
3 39 15 0 30 9 15 4
6 30 17 0 36 4 17 5
3 36 19 0 27 8 19 6
6 27 21 0 33 4 21 7
9 33 8 0 39 8 8 8
3 39 10 0 30 12 10 9
6 30 12 0 36 4 12 10
9 36 14 0 42 8 14 1
*
waitingTimeCarsGone
344
0
426
414
395
0
323
203
87
0
50
44
30
0
6
2
*
waitingTimeCarsLeft
0
21
0
20
16
16
0
13
10
4
