5
2 2 1 4 5 3 3 4
15
101
2385
6135.005
106.6667
39
8.333333
196.1865
carsInLane
2 2 1 4 5 3 3 4
4 4 2 4 10 6 6 4
6 6 3 8 5 3 9 8
8 8 4 12 10 6 3 4
2 10 5 16 5 9 6 8
4 12 6 5 10 12 9 4
6 2 7 9 15 3 12 8
8 4 1 13 20 6 3 12
2 6 2 17 10 9 6 16
4 8 3 6 15 12 9 5
6 10 4 10 5 3 12 9
8 12 5 14 10 6 3 4
2 2 6 18 15 9 6 8
4 4 1 7 20 12 9 12
6 6 2 11 10 3 12 16
8 8 3 15 15 6 3 5
2 10 4 19 5 9 6 9
4 12 5 8 10 12 9 4
6 2 6 12 15 3 12 8
8 4 1 16 20 6 3 12
2 6 2 20 10 9 6 16
4 8 3 9 15 12 9 5
6 10 4 13 5 3 12 9
8 12 5 4 10 6 15 4
2 2 6 8 15 9 18 8
4 4 1 12 20 12 6 12
6 6 2 16 10 3 9 16
8 8 3 5 15 6 12 5
2 10 4 9 5 9 15 9
4 12 5 13 10 12 3 4
6 2 6 17 15 3 6 8
8 4 1 6 20 6 9 12
2 6 2 10 10 9 12 16
4 8 3 14 15 12 3 5
6 10 4 18 5 3 6 9
8 12 5 7 10 6 9 4
2 2 6 11 15 9 12 8
4 4 1 15 20 12 3 12
6 6 2 19 10 3 6 16
8 8 3 8 15 6 9 5
2 10 4 12 5 9 12 9
4 12 5 4 10 12 15 4
6 2 6 8 15 3 18 8
8 4 1 12 20 6 6 12
2 6 2 16 10 9 9 16
4 8 3 5 15 12 12 5
6 10 4 9 5 3 15 9
8 12 5 13 10 6 3 4
2 2 6 17 15 9 6 8
4 4 1 6 20 12 9 12
6 6 2 10 10 3 12 16
8 8 3 14 15 6 3 5
2 10 4 18 5 9 6 9
4 12 5 7 10 12 9 4
6 2 6 11 15 3 12 8
8 4 1 15 20 6 3 12
2 6 2 19 10 9 6 16
4 8 3 8 15 12 9 5
6 10 4 12 5 3 12 9
8 12 5 4 10 6 15 4
2 2 6 8 15 9 18 8
4 4 1 12 20 12 6 12
6 6 2 16 10 3 9 16
8 8 3 5 15 6 12 5
2 10 4 9 5 9 15 9
4 12 5 13 10 12 3 4
6 2 6 17 15 3 6 8
8 4 1 6 20 6 9 12
2 6 2 10 10 9 12 16
4 8 3 14 15 12 3 5
6 10 4 18 5 3 6 9
8 12 5 7 10 6 9 4
2 2 6 11 15 9 12 8
4 4 1 15 20 12 3 12
6 6 2 19 10 3 6 16
8 8 3 8 15 6 9 5
2 10 4 12 5 9 12 9
4 12 5 4 10 12 15 4
6 2 6 8 15 3 18 8
8 4 1 12 20 6 6 12
2 6 2 16 10 9 9 16
4 8 3 5 15 12 12 5
6 10 4 9 5 3 15 9
8 12 5 13 10 6 3 4
2 2 6 17 15 9 6 8
4 4 1 6 20 12 9 12
6 6 2 10 10 3 12 16
8 8 3 14 15 6 3 5
2 10 4 18 5 9 6 9
4 12 5 7 10 12 9 4
6 2 6 11 15 3 12 8
8 4 1 15 20 6 3 12
2 6 2 19 10 9 6 16
4 8 3 8 15 12 9 5
6 10 4 12 5 3 12 9
8 12 5 4 10 6 15 4
2 2 6 8 15 9 18 8
4 4 1 12 20 12 6 12
6 6 2 16 10 3 9 16
8 8 3 5 15 6 12 5
2 10 4 9 5 9 15 9
*
waitingTimeCarsGone
498
0
655
587
469
0
112
63
1
*
waitingTimeCarsLeft
0
17
0
10
7
3
0
2
