9
4 5 0 4 0 3 5 3
15
101
2266
12290
carsInLane
4 5 0 4 0 3 5 3
4 5 0 8 0 6 10 6
8 10 0 12 0 9 5 3
12 5 0 16 0 3 10 6
16 10 0 5 0 6 15 3
5 5 0 9 0 9 20 6
9 10 0 13 0 12 10 3
13 5 0 17 0 3 15 6
17 10 0 6 0 6 20 3
6 5 0 10 0 9 25 6
10 10 0 14 0 12 15 9
14 15 0 18 0 3 20 12
18 20 0 22 0 6 10 3
7 10 0 26 0 9 15 6
11 15 0 15 0 12 20 3
15 5 0 19 0 3 25 6
19 10 0 23 0 6 15 3
8 5 0 27 0 9 20 6
12 10 0 16 0 12 25 3
16 15 0 20 0 15 15 3
20 20 0 9 0 18 20 6
24 25 0 13 0 6 25 9
13 15 0 17 0 9 30 12
17 20 0 21 0 12 20 3
6 10 0 25 0 15 25 6
10 15 0 14 0 18 30 3
14 5 0 18 0 6 35 6
18 10 0 22 0 9 25 3
7 5 0 26 0 12 30 6
11 10 0 30 0 15 20 3
15 15 0 19 0 18 25 6
19 20 0 23 0 6 30 9
8 10 0 27 0 9 35 12
12 15 0 31 0 12 25 3
16 20 0 20 0 15 30 3
5 10 0 24 0 18 35 6
9 15 0 28 0 21 25 3
13 5 0 32 0 9 30 6
17 10 0 21 0 12 35 3
21 15 0 25 0 15 25 3
25 20 0 14 0 18 30 6
14 25 0 18 0 21 35 9
18 15 0 22 0 9 40 12
22 20 0 26 0 12 30 3
11 10 0 30 0 15 35 6
15 15 0 34 0 18 25 3
19 20 0 23 0 21 30 3
23 10 0 27 0 9 35 6
27 15 0 31 0 12 25 3
16 5 0 35 0 15 30 6
20 10 0 24 0 18 35 9
24 15 0 28 0 6 40 12
28 20 0 32 0 9 30 3
17 10 0 36 0 12 35 6
21 15 0 25 0 15 40 3
25 20 0 29 0 18 30 3
14 10 0 33 0 21 35 6
18 15 0 37 0 24 25 3
22 20 0 26 0 27 30 3
26 10 0 30 0 15 35 6
30 15 0 34 0 18 25 9
19 20 0 38 0 21 30 12
23 25 0 27 0 24 35 3
27 15 0 31 0 12 40 6
31 20 0 35 0 15 30 3
20 10 0 39 0 18 35 6
24 15 0 28 0 21 40 3
28 20 0 32 0 24 30 3
17 10 0 36 0 27 35 6
21 15 0 25 0 30 40 3
25 20 0 29 0 33 30 6
29 25 0 33 0 21 35 9
18 15 0 37 0 24 40 12
22 20 0 41 0 27 30 3
26 10 0 45 0 15 35 6
30 15 0 34 0 18 40 3
19 5 0 38 0 21 45 6
23 10 0 42 0 24 35 3
27 15 0 31 0 27 40 3
31 20 0 35 0 30 30 3
35 25 0 24 0 33 35 6
39 30 0 28 0 21 40 9
28 20 0 32 0 24 45 12
32 25 0 36 0 27 35 3
21 15 0 40 0 30 40 6
25 20 0 29 0 33 45 3
29 10 0 33 0 21 50 6
33 15 0 37 0 24 40 3
22 5 0 41 0 27 45 6
26 10 0 45 0 30 35 3
30 15 0 34 0 33 40 6
34 20 0 38 0 21 45 9
23 10 0 42 0 24 50 12
27 15 0 46 0 27 40 3
31 20 0 35 0 30 45 3
20 10 0 39 0 33 50 6
24 15 0 43 0 36 40 3
28 5 0 47 0 24 45 6
32 10 0 36 0 27 50 3
36 15 0 40 0 30 40 3
40 20 0 29 0 33 45 6
*
waitingTimeCarsGone
246
0
328
280
291
0
224
232
235
0
188
123
76
0
33
10
*
waitingTimeCarsLeft
0
24
0
24
21
21
0
16
16
13
0
9
8
3
0
3
