7
3 3 1 4 4 3 2 4
15
101
2392
5689.342
72
32
9.666666
carsInLane
3 3 1 4 4 3 2 4
6 6 2 4 8 6 4 4
3 9 3 8 4 9 6 8
6 3 4 12 8 3 8 12
9 6 5 4 12 6 10 4
3 9 6 8 4 9 12 8
6 12 7 12 8 12 2 4
9 3 8 16 12 3 4 8
12 6 1 5 16 6 6 12
3 9 2 9 5 9 8 16
6 12 3 4 9 12 10 5
9 3 4 8 13 3 12 9
3 6 5 12 4 6 14 13
6 9 6 16 8 9 2 4
9 12 1 5 12 12 4 8
12 3 2 9 16 3 6 12
3 6 3 13 5 6 8 16
6 9 4 4 9 9 10 5
9 3 5 8 13 3 12 9
3 6 6 12 4 6 14 13
6 9 7 16 8 9 2 4
9 12 1 5 12 12 4 8
12 3 2 9 16 3 6 12
3 6 3 13 5 6 8 16
6 9 4 4 9 9 10 5
9 3 5 8 13 3 12 9
3 6 6 12 4 6 14 13
6 9 7 16 8 9 2 4
9 12 1 5 12 12 4 8
12 3 2 9 16 3 6 12
3 6 3 13 5 6 8 16
6 9 4 4 9 9 10 5
9 3 5 8 13 3 12 9
3 6 6 12 4 6 14 13
6 9 7 16 8 9 2 4
9 12 1 5 12 12 4 8
12 3 2 9 16 3 6 12
3 6 3 13 5 6 8 16
6 9 4 4 9 9 10 5
9 3 5 8 13 3 12 9
3 6 6 12 4 6 14 13
6 9 7 16 8 9 2 4
9 12 1 5 12 12 4 8
12 3 2 9 16 3 6 12
3 6 3 13 5 6 8 16
6 9 4 4 9 9 10 5
9 3 5 8 13 3 12 9
3 6 6 12 4 6 14 13
6 9 7 16 8 9 2 4
9 12 1 5 12 12 4 8
12 3 2 9 16 3 6 12
3 6 3 13 5 6 8 16
6 9 4 4 9 9 10 5
9 3 5 8 13 3 12 9
3 6 6 12 4 6 14 13
6 9 7 16 8 9 2 4
9 12 1 5 12 12 4 8
12 3 2 9 16 3 6 12
3 6 3 13 5 6 8 16
6 9 4 4 9 9 10 5
9 3 5 8 13 3 12 9
3 6 6 12 4 6 14 13
6 9 7 16 8 9 2 4
9 12 1 5 12 12 4 8
12 3 2 9 16 3 6 12
3 6 3 13 5 6 8 16
6 9 4 4 9 9 10 5
9 3 5 8 13 3 12 9
3 6 6 12 4 6 14 13
6 9 7 16 8 9 2 4
9 12 1 5 12 12 4 8
12 3 2 9 16 3 6 12
3 6 3 13 5 6 8 16
6 9 4 4 9 9 10 5
9 3 5 8 13 3 12 9
3 6 6 12 4 6 14 13
6 9 7 16 8 9 2 4
9 12 1 5 12 12 4 8
12 3 2 9 16 3 6 12
3 6 3 13 5 6 8 16
6 9 4 4 9 9 10 5
9 3 5 8 13 3 12 9
3 6 6 12 4 6 14 13
6 9 7 16 8 9 2 4
9 12 1 5 12 12 4 8
12 3 2 9 16 3 6 12
3 6 3 13 5 6 8 16
6 9 4 4 9 9 10 5
9 3 5 8 13 3 12 9
3 6 6 12 4 6 14 13
6 9 7 16 8 9 2 4
9 12 1 5 12 12 4 8
12 3 2 9 16 3 6 12
3 6 3 13 5 6 8 16
6 9 4 4 9 9 10 5
9 3 5 8 13 3 12 9
3 6 6 12 4 6 14 13
6 9 7 16 8 9 2 4
9 12 1 5 12 12 4 8
12 3 2 9 16 3 6 12
3 6 3 13 5 6 8 16
*
waitingTimeCarsGone
611
0
645
631
381
0
42
42
39
0
1
*
waitingTimeCarsLeft
0
17
0
10
3
2
