1
2 1 3 3 3 4 4 4
15
101
2319
9935.652
486.6667
105
12.33333
carsInLane
2 1 3 3 3 4 4 4
4 2 6 6 6 8 4 4
2 3 9 9 3 12 8 8
4 1 12 12 6 4 12 12
6 2 3 3 9 8 16 16
8 3 6 6 12 12 5 5
2 4 9 9 3 16 9 9
4 1 12 12 6 5 13 13
6 2 3 3 9 9 17 17
8 3 6 6 12 13 6 6
2 4 9 9 3 17 10 10
4 1 12 12 6 6 14 14
6 2 3 3 9 10 18 18
8 3 6 6 12 14 7 7
2 4 9 9 3 18 11 11
4 1 12 12 6 7 15 15
6 2 3 3 9 11 19 19
8 3 6 6 12 15 8 8
2 4 9 9 3 19 12 12
4 1 12 12 6 8 16 16
6 2 3 3 9 12 20 20
8 3 6 6 12 16 9 9
2 4 9 9 3 20 13 13
4 1 12 12 6 9 17 17
6 2 3 3 9 13 21 21
8 3 6 6 12 17 10 10
2 4 9 9 3 21 14 14
4 1 12 12 6 10 18 18
6 2 3 3 9 14 22 22
8 3 6 6 12 18 11 11
2 4 9 9 3 22 15 15
4 1 12 12 6 11 19 19
6 2 3 3 9 15 23 23
8 3 6 6 12 19 12 12
2 4 9 9 3 23 16 16
4 1 12 12 6 12 20 20
6 2 3 3 9 16 24 24
8 3 6 6 12 20 13 13
2 4 9 9 3 24 17 17
4 1 12 12 6 13 21 21
6 2 3 3 9 17 25 25
8 3 6 6 12 21 14 14
2 4 9 9 3 25 18 18
4 1 12 12 6 14 22 22
6 2 3 3 9 18 26 26
8 3 6 6 12 22 15 15
2 4 9 9 3 26 19 19
4 1 12 12 6 15 23 23
6 2 3 3 9 19 27 27
8 3 6 6 12 23 16 16
2 4 9 9 3 27 20 20
4 1 12 12 6 16 24 24
6 2 3 3 9 20 28 28
8 3 6 6 12 24 17 17
2 4 9 9 3 28 21 21
4 1 12 12 6 17 25 25
6 2 3 3 9 21 29 29
8 3 6 6 12 25 18 18
2 4 9 9 3 29 22 22
4 1 12 12 6 18 26 26
6 2 3 3 9 22 30 30
8 3 6 6 12 26 19 19
2 4 9 9 3 30 23 23
4 1 12 12 6 19 27 27
6 2 3 3 9 23 31 31
8 3 6 6 12 27 20 20
2 4 9 9 3 31 24 24
4 1 12 12 6 20 28 28
6 2 3 3 9 24 32 32
8 3 6 6 12 28 21 21
2 4 9 9 3 32 25 25
4 1 12 12 6 21 29 29
6 2 3 3 9 25 33 33
8 3 6 6 12 29 22 22
2 4 9 9 3 33 26 26
4 1 12 12 6 22 30 30
6 2 3 3 9 26 34 34
8 3 6 6 12 30 23 23
2 4 9 9 3 34 27 27
4 1 12 12 6 23 31 31
6 2 3 3 9 27 35 35
8 3 6 6 12 31 24 24
2 4 9 9 3 35 28 28
4 1 12 12 6 24 32 32
6 2 3 3 9 28 36 36
8 3 6 6 12 32 25 25
2 4 9 9 3 36 29 29
4 1 12 12 6 25 33 33
6 2 3 3 9 29 37 37
8 3 6 6 12 33 26 26
2 4 9 9 3 37 30 30
4 1 12 12 6 26 34 34
6 2 3 3 9 30 38 38
8 3 6 6 12 34 27 27
2 4 9 9 3 38 31 31
4 1 12 12 6 27 35 35
6 2 3 3 9 31 39 39
8 3 6 6 12 35 28 28
2 4 9 9 3 39 32 32
4 1 12 12 6 28 36 36
6 2 3 3 9 32 40 40
*
waitingTimeCarsGone
330
0
370
413
456
0
180
180
168
0
122
74
26
*
waitingTimeCarsLeft
0
24
0
18
17
12
0
12
12
6
0
4
