5
4 1 3 2 3 2 4 5
15
101
2385
5995.003
112
39
carsInLane
4 1 3 2 3 2 4 5
8 2 6 4 6 4 4 5
4 3 9 6 3 6 8 10
8 4 12 8 6 8 4 5
12 5 3 2 9 10 8 10
4 6 6 4 3 12 12 15
8 1 9 6 6 2 16 20
12 2 12 8 9 4 5 10
4 3 15 10 3 6 9 15
8 4 18 2 6 8 13 5
12 5 6 4 9 10 4 10
4 6 9 6 3 12 8 15
8 1 12 8 6 2 12 20
12 2 15 10 9 4 4 10
16 3 3 2 12 6 8 15
5 4 6 4 3 8 12 20
9 5 9 6 6 10 4 10
13 6 12 2 9 12 8 5
17 1 15 4 12 2 12 10
6 2 18 6 3 4 16 15
10 3 6 8 6 6 5 20
14 4 9 2 9 8 9 10
4 5 12 4 3 10 13 15
8 6 15 6 6 12 4 5
12 1 18 8 9 2 8 10
16 2 6 10 12 4 4 15
5 3 9 12 3 6 8 20
9 4 12 2 6 8 12 10
13 5 3 4 9 10 4 15
4 6 6 6 3 12 8 20
8 1 9 8 6 2 12 25
12 2 12 10 9 4 4 15
16 3 15 2 12 6 8 5
5 4 18 4 3 8 12 10
9 5 6 6 6 10 4 15
13 6 9 2 9 12 8 5
17 1 12 4 12 2 12 10
6 2 15 6 3 4 16 15
10 3 3 8 6 6 5 20
14 4 6 2 9 8 9 10
4 5 9 4 3 10 13 15
8 6 12 6 6 12 4 5
12 1 15 8 9 2 8 10
16 2 3 10 12 4 4 15
5 3 6 12 3 6 8 20
9 4 9 2 6 8 12 10
13 5 12 4 9 10 4 5
4 6 15 6 3 12 8 10
8 1 18 8 6 2 12 15
12 2 6 2 9 4 16 20
16 3 9 4 12 6 5 10
5 4 12 6 3 8 9 15
9 5 15 8 6 10 4 5
13 6 3 2 9 12 8 10
17 1 6 4 12 2 12 15
6 2 9 6 3 4 16 20
10 3 12 8 6 6 5 10
14 4 3 2 9 8 9 15
18 5 6 4 12 10 4 5
7 6 9 6 3 12 8 10
11 1 12 8 6 2 12 15
15 2 15 10 9 4 4 5
19 3 3 2 12 6 8 10
8 4 6 4 3 8 12 15
12 5 9 6 6 10 4 5
4 6 12 8 3 12 8 10
8 1 15 10 6 2 12 15
12 2 3 12 9 4 4 20
16 3 6 2 12 6 8 10
5 4 9 4 3 8 12 15
9 5 12 6 6 10 4 5
13 6 3 2 9 12 8 10
17 1 6 4 12 2 12 15
6 2 9 6 3 4 16 20
10 3 12 8 6 6 5 10
14 4 3 2 9 8 9 15
18 5 6 4 12 10 4 5
7 6 9 6 3 12 8 10
11 1 12 8 6 2 12 15
15 2 15 10 9 4 4 5
19 3 3 2 12 6 8 10
8 4 6 4 3 8 12 15
12 5 9 6 6 10 4 5
4 6 12 8 3 12 8 10
8 1 15 10 6 2 12 15
12 2 3 12 9 4 4 20
16 3 6 2 12 6 8 10
5 4 9 4 3 8 12 15
9 5 12 6 6 10 4 5
13 6 3 2 9 12 8 10
17 1 6 4 12 2 12 15
6 2 9 6 3 4 16 20
10 3 12 8 6 6 5 10
14 4 3 2 9 8 9 15
18 5 6 4 12 10 4 5
7 6 9 6 3 12 8 10
11 1 12 8 6 2 12 15
15 2 15 10 9 4 4 5
19 3 3 2 12 6 8 10
8 4 6 4 3 8 12 15
12 5 9 6 6 10 4 5
*
waitingTimeCarsGone
539
0
655
605
380
0
135
71
*
waitingTimeCarsLeft
0
17
0
8
8
3
0
3
