6
3 3 4 1 4 4 2 3
15
101
2375
6658.339
carsInLane
3 3 4 1 4 4 2 3
6 6 8 2 4 4 4 6
9 9 4 3 8 8 2 9
3 3 8 4 12 12 4 12
6 6 12 5 4 4 6 15
9 9 16 6 8 8 2 3
12 12 5 1 12 12 4 6
3 15 9 2 4 16 6 9
6 3 13 3 8 5 8 12
9 6 4 4 12 9 2 15
3 9 8 5 4 13 4 18
6 12 12 1 8 17 6 6
9 3 16 2 12 6 8 9
12 6 5 3 16 10 2 12
3 9 9 4 5 14 4 15
6 3 13 5 9 4 6 18
9 6 17 6 13 8 2 6
12 9 6 1 17 12 4 9
3 12 10 2 6 16 6 12
6 3 14 3 10 5 8 15
9 6 18 4 14 9 2 3
3 9 22 5 4 13 4 6
6 12 11 1 8 17 6 9
9 3 15 2 12 6 8 12
12 6 4 3 16 10 2 15
3 9 8 4 5 14 4 18
6 3 12 5 9 4 6 21
9 6 16 1 13 8 8 9
12 9 5 2 17 12 2 12
3 12 9 3 6 16 4 15
6 3 13 4 10 5 6 18
9 6 17 5 14 9 2 6
3 9 21 6 4 13 4 9
6 12 10 1 8 17 6 12
9 3 14 2 12 6 8 15
12 6 18 3 16 10 2 3
3 9 22 4 5 14 4 6
6 12 11 5 9 18 2 9
9 3 15 6 13 7 4 12
3 6 19 7 4 11 6 15
6 9 23 1 8 15 8 3
9 12 12 2 12 19 2 6
12 3 16 3 16 8 4 9
3 6 20 4 5 12 6 12
6 9 9 5 9 16 2 15
9 3 13 6 13 5 4 18
12 6 17 1 17 9 6 6
3 9 21 2 6 13 8 9
6 12 10 3 10 17 2 12
9 3 14 4 14 6 4 15
3 6 18 5 4 10 6 18
6 9 7 6 8 14 2 21
9 12 11 1 12 18 4 9
12 3 15 2 16 7 6 12
3 6 19 3 5 11 8 15
6 9 8 4 9 15 2 18
9 3 12 5 13 4 4 21
12 6 16 1 17 8 6 9
3 9 20 2 6 12 8 12
6 12 9 3 10 16 2 15
9 3 13 4 14 5 4 18
3 6 17 5 4 9 6 21
6 9 21 6 8 13 2 9
9 12 10 1 12 17 4 12
12 3 14 2 16 6 6 15
3 6 18 3 5 10 8 18
6 9 7 4 9 14 2 21
9 12 11 1 13 18 4 9
12 15 15 2 4 7 6 12
3 3 19 3 8 11 8 15
6 6 8 4 12 15 2 18
9 9 12 5 4 4 4 21
12 12 16 1 8 8 6 9
3 3 20 2 12 12 8 12
6 6 9 3 16 16 2 15
9 9 13 4 5 5 4 18
12 12 17 1 9 9 6 6
3 3 21 2 13 13 8 9
6 6 10 3 17 17 2 12
9 9 14 4 6 6 4 15
12 12 18 1 10 10 6 3
15 15 7 2 14 14 2 6
3 3 11 3 18 18 4 9
6 6 15 4 7 7 6 12
9 9 4 5 11 11 2 15
12 12 8 6 4 4 4 18
15 15 12 1 8 8 6 6
3 3 16 2 12 12 8 9
6 6 5 3 16 16 2 12
9 9 9 4 5 5 4 15
12 12 13 1 9 9 6 3
3 3 17 2 13 13 8 6
6 6 21 3 4 4 10 9
9 9 10 4 8 8 2 12
3 3 14 5 12 12 4 15
6 6 18 6 4 4 6 18
9 9 7 7 8 8 2 21
12 12 11 1 12 12 4 9
3 15 15 2 4 16 6 12
6 3 19 3 8 5 8 15
9 6 8 4 12 9 2 18
*
waitingTimeCarsGone
451
0
572
606
477
0
183
63
23
*
waitingTimeCarsLeft
0
23
0
18
8
