100
3 6 2 0 6 4 2 1
15
101
2370
6204.66
carsInLane
3 6 2 0 6 4 2 1
6 6 4 0 12 4 4 2
3 12 6 0 6 8 6 3
6 6 8 0 12 4 8 4
3 12 10 0 6 8 10 5
6 6 12 0 12 4 12 6
9 12 2 0 18 8 2 7
3 18 4 0 9 12 4 8
6 9 6 0 15 4 6 9
3 15 8 0 6 8 8 10
6 6 10 0 12 4 10 11
9 12 12 0 18 8 2 1
3 18 14 0 9 12 4 2
6 9 16 0 15 4 6 3
9 15 3 0 21 8 2 4
3 21 5 0 12 12 4 5
6 12 7 0 18 4 6 6
3 18 9 0 9 8 8 7
6 9 11 0 15 4 10 8
3 15 13 0 6 8 12 9
6 21 2 0 12 12 2 10
9 12 4 0 18 4 4 11
3 18 6 0 9 8 6 12
6 9 8 0 15 4 8 13
3 15 10 0 6 8 10 14
6 21 12 0 12 12 2 1
9 12 14 0 18 4 4 2
3 18 16 0 9 8 6 3
6 9 18 0 15 4 8 4
9 15 5 0 21 8 2 5
3 21 7 0 12 12 4 6
6 12 9 0 18 4 6 7
3 18 11 0 9 8 8 8
6 9 13 0 15 4 10 9
9 15 2 0 21 8 2 10
3 21 4 0 12 12 4 11
6 12 6 0 18 4 6 12
3 18 8 0 9 8 8 13
6 9 10 0 15 4 10 14
9 15 12 0 21 8 2 1
3 21 14 0 12 12 4 2
6 12 16 0 18 4 6 3
3 18 18 0 9 8 8 4
6 9 20 0 15 4 10 5
9 15 7 0 21 8 2 6
3 21 9 0 12 12 4 7
6 12 11 0 18 4 6 8
3 18 13 0 9 8 8 9
6 9 15 0 15 4 10 10
9 15 2 0 21 8 2 11
3 21 4 0 12 12 4 12
6 12 6 0 18 4 6 13
3 18 8 0 9 8 8 14
6 9 10 0 15 4 10 15
9 15 12 0 21 8 2 1
3 21 14 0 12 12 4 2
6 12 16 0 18 4 6 3
3 18 18 0 9 8 8 4
6 9 20 0 15 4 10 5
9 15 7 0 21 8 2 6
3 21 9 0 12 12 4 7
6 12 11 0 18 4 6 8
3 18 13 0 9 8 8 9
6 9 15 0 15 4 10 10
9 15 2 0 21 8 2 11
3 21 4 0 12 12 4 12
6 12 6 0 18 4 6 13
3 18 8 0 9 8 8 14
6 9 10 0 15 4 10 15
9 15 12 0 21 8 2 1
3 21 14 0 12 12 4 2
6 12 16 0 18 4 6 3
3 18 18 0 9 8 8 4
6 9 20 0 15 4 10 5
9 15 7 0 21 8 2 6
3 21 9 0 12 12 4 7
6 12 11 0 18 4 6 8
3 18 13 0 9 8 8 9
6 9 15 0 15 4 10 10
9 15 2 0 21 8 2 11
3 21 4 0 12 12 4 12
6 12 6 0 18 4 6 13
3 18 8 0 9 8 8 14
6 9 10 0 15 4 10 15
9 15 12 0 21 8 2 1
3 21 14 0 12 12 4 2
6 12 16 0 18 4 6 3
3 18 18 0 9 8 8 4
6 9 20 0 15 4 10 5
9 15 7 0 21 8 2 6
3 21 9 0 12 12 4 7
6 12 11 0 18 4 6 8
3 18 13 0 9 8 8 9
6 9 15 0 15 4 10 10
9 15 2 0 21 8 2 11
3 21 4 0 12 12 4 12
6 12 6 0 18 4 6 13
3 18 8 0 9 8 8 14
6 9 10 0 15 4 10 15
9 15 12 0 21 8 2 1
3 21 14 0 12 12 4 2
*
waitingTimeCarsGone
512
0
816
645
172
0
71
39
31
0
23
17
15
0
7
6
6
0
6
4
*
waitingTimeCarsLeft
0
22
0
19
10
3
