4
3 4 5 1 3 5 0 3
15
101
2279
11487.67
carsInLane
3 4 5 1 3 5 0 3
6 4 10 2 6 5 0 6
3 8 15 3 3 10 0 9
6 4 20 4 6 5 0 12
9 8 10 1 9 10 0 15
12 12 15 2 12 15 0 3
15 4 20 3 15 5 0 6
3 8 25 4 3 10 0 9
6 12 15 1 6 15 0 12
9 4 20 2 9 5 0 15
12 8 25 3 12 10 0 3
15 12 15 1 15 15 0 6
3 16 20 2 3 20 0 9
6 5 25 3 6 10 0 12
9 9 15 1 9 15 0 15
12 13 20 2 12 20 0 3
15 4 25 3 15 10 0 6
3 8 30 4 3 15 0 9
6 12 20 1 6 20 0 12
9 4 25 2 9 10 0 15
12 8 30 3 12 15 0 3
15 12 20 1 15 20 0 6
3 16 25 2 3 25 0 9
6 5 30 3 6 15 0 12
9 9 20 1 9 20 0 15
12 13 25 2 12 25 0 3
15 4 30 3 15 15 0 6
3 8 35 4 3 20 0 9
6 12 25 1 6 25 0 12
9 4 30 2 9 15 0 15
12 8 35 3 12 20 0 3
15 12 25 1 15 25 0 6
3 16 30 2 3 30 0 9
6 5 35 3 6 20 0 12
9 9 25 1 9 25 0 15
12 13 30 2 12 30 0 3
15 4 35 3 15 20 0 6
3 8 40 4 3 25 0 9
6 12 30 1 6 30 0 12
9 4 35 2 9 20 0 15
12 8 40 3 12 25 0 3
15 12 30 1 15 30 0 6
3 16 35 2 3 35 0 9
6 5 40 3 6 25 0 12
9 9 30 1 9 30 0 15
12 13 35 2 12 35 0 3
15 4 40 3 15 25 0 6
3 8 45 4 3 30 0 9
6 12 35 1 6 35 0 12
9 4 40 2 9 25 0 15
12 8 45 3 12 30 0 3
15 12 35 1 15 35 0 6
3 16 40 2 3 40 0 9
6 5 45 3 6 30 0 12
9 9 35 1 9 35 0 15
12 13 40 2 12 40 0 3
15 4 45 3 15 30 0 6
3 8 50 4 3 35 0 9
6 12 40 1 6 40 0 12
9 4 45 2 9 30 0 15
12 8 50 3 12 35 0 3
15 12 40 1 15 40 0 6
3 16 45 2 3 45 0 9
6 5 50 3 6 35 0 12
9 9 40 1 9 40 0 15
12 13 45 2 12 45 0 3
15 4 50 3 15 35 0 6
3 8 55 4 3 40 0 9
6 12 45 1 6 45 0 12
9 4 50 2 9 35 0 15
12 8 55 3 12 40 0 3
15 12 45 1 15 45 0 6
3 16 50 2 3 50 0 9
6 5 55 3 6 40 0 12
9 9 45 1 9 45 0 15
12 13 50 2 12 50 0 3
15 4 55 3 15 40 0 6
3 8 60 4 3 45 0 9
6 12 50 1 6 50 0 12
9 4 55 2 9 40 0 15
12 8 60 3 12 45 0 3
15 12 50 1 15 50 0 6
3 16 55 2 3 55 0 9
6 5 60 3 6 45 0 12
9 9 50 1 9 50 0 15
12 13 55 2 12 55 0 3
15 4 60 3 15 45 0 6
3 8 65 4 3 50 0 9
6 12 55 1 6 55 0 12
9 4 60 2 9 45 0 15
12 8 65 3 12 50 0 3
15 12 55 1 15 55 0 6
3 16 60 2 3 60 0 9
6 5 65 3 6 50 0 12
9 9 55 1 9 55 0 15
12 13 60 2 12 60 0 3
15 4 65 3 15 50 0 6
3 8 70 4 3 55 0 9
6 12 60 1 6 60 0 12
9 4 65 2 9 50 0 15
12 8 70 3 12 55 0 3
*
waitingTimeCarsGone
345
0
365
380
310
0
264
90
90
0
90
90
90
0
75
55
25
0
10
*
waitingTimeCarsLeft
0
23
0
20
16
16
0
10
10
10
0
10
10
10
0
10
