3
4 3 6 1 2 1 3 4
15
101
2115
16526.31
carsInLane
4 3 6 1 2 1 3 4
8 6 6 2 4 2 3 8
4 3 12 3 6 3 6 12
8 6 6 4 8 4 3 16
12 9 12 1 10 5 6 5
16 12 18 2 2 1 9 9
5 3 24 3 4 2 12 13
9 6 15 4 6 3 3 17
13 9 21 1 8 4 6 6
17 12 27 2 2 1 9 10
6 3 33 3 4 2 12 14
10 6 24 4 6 3 3 18
14 9 30 1 8 4 6 7
18 12 36 2 2 1 9 11
7 3 42 3 4 2 12 15
11 6 33 4 6 3 3 19
15 9 39 1 8 4 6 8
19 12 45 2 2 1 9 12
8 3 51 3 4 2 12 16
12 6 42 4 6 3 3 20
16 9 48 1 8 4 6 9
20 12 54 2 2 1 9 13
9 3 60 3 4 2 12 17
13 6 51 4 6 3 3 21
17 9 57 1 8 4 6 10
21 12 63 2 2 1 9 14
10 3 69 3 4 2 12 18
14 6 60 4 6 3 3 22
18 9 66 1 8 4 6 11
22 12 72 2 2 1 9 15
11 3 78 3 4 2 12 19
15 6 69 4 6 3 3 23
19 9 75 1 8 4 6 12
23 12 81 2 2 1 9 16
12 3 87 3 4 2 12 20
16 6 78 4 6 3 3 24
20 9 84 1 8 4 6 13
24 12 90 2 2 1 9 17
13 3 96 3 4 2 12 21
17 6 87 4 6 3 3 25
21 9 93 1 8 4 6 14
25 12 99 2 2 1 9 18
14 3 105 3 4 2 12 22
18 6 96 4 6 3 3 26
22 9 102 1 8 4 6 15
26 12 108 2 2 1 9 19
15 3 114 3 4 2 12 23
19 6 105 4 6 3 3 27
23 9 111 1 8 4 6 16
27 12 117 2 2 1 9 20
16 3 123 3 4 2 12 24
20 6 114 4 6 3 3 28
24 9 120 1 8 4 6 17
28 12 126 2 2 1 9 21
17 3 132 3 4 2 12 25
21 6 123 4 6 3 3 29
25 9 129 1 8 4 6 18
29 12 135 2 2 1 9 22
18 3 141 3 4 2 12 26
22 6 132 4 6 3 3 30
26 9 138 1 8 4 6 19
30 12 144 2 2 1 9 23
19 3 150 3 4 2 12 27
23 6 141 4 6 3 3 31
27 9 147 1 8 4 6 20
31 12 153 2 2 1 9 24
20 3 159 3 4 2 12 28
24 6 150 4 6 3 3 32
28 9 156 1 8 4 6 21
32 12 162 2 2 1 9 25
21 3 168 3 4 2 12 29
25 6 159 4 6 3 3 33
29 9 165 1 8 4 6 22
33 12 171 2 2 1 9 26
22 3 177 3 4 2 12 30
26 6 168 4 6 3 3 34
30 9 174 1 8 4 6 23
34 12 180 2 2 1 9 27
23 3 186 3 4 2 12 31
27 6 177 4 6 3 3 35
31 9 183 1 8 4 6 24
35 12 189 2 2 1 9 28
24 3 195 3 4 2 12 32
28 6 186 4 6 3 3 36
32 9 192 1 8 4 6 25
36 12 198 2 2 1 9 29
25 3 204 3 4 2 12 33
29 6 195 4 6 3 3 37
33 9 201 1 8 4 6 26
37 12 207 2 2 1 9 30
26 3 213 3 4 2 12 34
30 6 204 4 6 3 3 38
34 9 210 1 8 4 6 27
38 12 216 2 2 1 9 31
27 3 222 3 4 2 12 35
31 6 213 4 6 3 3 39
35 9 219 1 8 4 6 28
39 12 225 2 2 1 9 32
28 3 231 3 4 2 12 36
32 6 222 4 6 3 3 40
36 9 228 1 8 4 6 29
*
waitingTimeCarsGone
281
0
307
326
364
0
132
129
123
0
89
57
28
0
9
9
12
0
9
9
12
0
9
9
12
0
9
9
12
0
9
9
12
0
9
9
12
0
9
9
12
0
9
9
12
0
9
9
12
0
6
3
*
waitingTimeCarsLeft
0
21
0
20
17
14
0
14
14
14
0
11
10
6
0
6
6
6
0
6
6
6
0
6
6
6
0
6
6
6
0
6
6
6
0
6
6
6
0
6
6
6
0
6
6
6
0
6
6
6
0
6
