9
6 2 3 0 3 7 2 1
15
101
2145
17514.99
3466.666
279
36.33334
carsInLane
6 2 3 0 3 7 2 1
12 4 6 0 3 7 4 2
6 2 9 0 6 14 6 3
12 4 12 0 3 7 8 4
18 6 3 0 6 14 2 5
9 8 6 0 3 21 4 6
15 2 9 0 6 13 6 7
6 4 12 0 3 20 8 8
12 2 15 0 6 12 10 9
18 4 3 0 9 19 2 10
24 6 6 0 12 26 4 1
30 8 9 0 3 18 6 2
21 2 12 0 6 25 8 3
27 4 15 0 3 17 10 4
18 2 18 0 6 24 12 5
24 4 6 0 9 31 2 6
30 6 9 0 3 23 4 7
21 2 12 0 6 30 6 8
27 4 15 0 3 22 8 9
18 2 18 0 6 29 10 10
24 4 21 0 9 36 12 1
30 6 24 0 3 28 14 2
36 8 12 0 6 35 2 3
27 2 15 0 9 42 4 4
33 4 18 0 3 34 6 5
39 2 21 0 6 26 8 6
30 4 24 0 3 33 10 7
36 2 27 0 6 25 12 8
27 4 30 0 3 32 14 9
33 6 18 0 6 39 2 10
39 8 21 0 9 46 4 1
45 10 24 0 3 38 6 2
36 2 27 0 6 45 8 3
42 4 30 0 3 37 10 4
33 2 33 0 6 44 12 5
39 4 36 0 3 36 14 6
45 6 24 0 6 43 2 7
36 8 27 0 3 50 4 8
42 2 30 0 6 42 6 9
33 4 33 0 3 49 8 10
39 6 36 0 6 56 10 1
45 2 39 0 9 48 12 2
51 4 42 0 3 40 14 3
57 6 30 0 6 47 2 4
48 8 33 0 3 54 4 5
54 2 36 0 6 46 6 6
45 4 39 0 3 53 8 7
51 2 42 0 6 45 10 8
42 4 45 0 3 52 12 9
48 6 33 0 6 59 2 10
54 8 36 0 9 66 4 1
60 10 39 0 3 58 6 2
51 2 42 0 6 65 8 3
57 4 45 0 3 57 10 4
63 2 48 0 6 49 12 5
54 4 51 0 3 56 14 6
60 6 39 0 6 63 2 7
66 2 42 0 9 55 4 8
57 4 45 0 3 62 6 9
63 2 48 0 6 54 8 10
69 4 51 0 9 61 10 1
60 6 54 0 3 68 12 2
66 2 57 0 6 60 14 3
57 4 60 0 3 67 16 4
63 6 48 0 6 74 3 5
69 2 51 0 9 66 5 6
60 4 54 0 3 73 7 7
66 2 57 0 6 65 9 8
57 4 60 0 3 72 11 9
63 2 63 0 6 64 13 10
69 4 66 0 9 71 15 1
75 6 54 0 12 78 2 2
81 8 57 0 3 70 4 3
72 2 60 0 6 77 6 4
78 4 63 0 3 69 8 5
69 2 66 0 6 76 10 6
75 4 69 0 3 68 12 7
81 6 57 0 6 75 2 8
72 8 60 0 3 82 4 9
78 2 63 0 6 74 6 10
84 4 66 0 9 81 8 1
75 6 69 0 3 88 10 2
81 2 72 0 6 80 12 3
72 4 75 0 3 87 14 4
78 2 78 0 6 79 16 5
84 4 66 0 9 86 3 6
90 6 69 0 3 78 5 7
81 2 72 0 6 85 7 8
87 4 75 0 3 77 9 9
78 2 78 0 6 84 11 10
84 4 81 0 9 91 13 1
90 6 84 0 3 83 15 2
96 8 72 0 6 90 2 3
87 2 75 0 9 97 4 4
93 4 78 0 3 89 6 5
84 2 81 0 6 96 8 6
90 4 84 0 3 88 10 7
96 6 72 0 6 95 2 8
87 8 75 0 3 102 4 9
93 2 78 0 6 94 6 10
99 4 81 0 9 101 8 1
*
waitingTimeCarsGone
270
0
286
203
155
0
140
136
123
0
104
105
119
0
104
88
88
0
73
40
21
0
6
6
9
0
9
6
9
0
6
9
9
0
9
6
6
*
waitingTimeCarsLeft
0
21
0
20
18
18
0
16
16
16
0
16
16
16
0
16
16
11
0
9
9
9
0
6
3
3
0
3
3
3
0
3
3
3
0
3
3
