4
4 2 2 4 4 2 4 2
15
101
2373
7159.002
carsInLane
4 2 2 4 4 2 4 2
4 4 4 8 4 4 8 4
8 6 2 12 8 6 4 6
12 8 4 4 12 8 8 2
4 10 6 8 4 10 12 4
8 2 8 12 8 2 16 6
12 4 2 16 12 4 5 8
4 6 4 20 4 6 9 10
8 8 6 9 8 8 13 2
12 10 2 13 12 10 4 4
16 2 4 17 16 2 8 6
5 4 6 21 5 4 12 8
9 6 8 10 9 6 16 2
13 8 2 14 13 8 5 4
4 10 4 18 4 10 9 6
8 2 6 22 8 2 13 8
12 4 8 11 12 4 17 2
16 6 2 15 16 6 6 4
5 8 4 19 5 8 10 6
9 10 6 8 9 10 14 2
13 2 8 12 13 2 18 4
4 4 10 16 4 4 22 6
8 6 2 20 8 6 11 8
12 8 4 9 12 8 15 2
4 10 6 13 4 10 19 4
8 2 8 17 8 2 23 6
12 4 2 21 12 4 12 8
16 6 4 10 16 6 16 2
5 8 6 14 5 8 20 4
9 10 2 18 9 10 9 6
13 2 4 22 13 2 13 8
17 4 6 11 17 4 17 2
6 6 8 15 6 6 21 4
10 8 2 19 10 8 10 6
14 10 4 8 14 10 14 2
18 2 6 12 18 2 18 4
7 4 8 16 7 4 22 6
11 6 2 20 11 6 11 8
15 8 4 9 15 8 15 2
4 10 6 13 4 10 19 4
8 2 8 17 8 2 23 6
12 4 2 21 12 4 12 8
16 6 4 10 16 6 16 2
5 8 6 14 5 8 20 4
9 10 2 18 9 10 9 6
13 2 4 22 13 2 13 8
17 4 6 11 17 4 17 2
6 6 8 15 6 6 21 4
10 8 2 19 10 8 10 6
14 10 4 8 14 10 14 2
18 2 6 12 18 2 18 4
7 4 8 16 7 4 22 6
11 6 2 20 11 6 11 8
15 8 4 9 15 8 15 2
4 10 6 13 4 10 19 4
8 2 8 17 8 2 23 6
12 4 2 21 12 4 12 8
16 6 4 10 16 6 16 2
5 8 6 14 5 8 20 4
9 10 2 18 9 10 9 6
13 2 4 22 13 2 13 8
17 4 6 11 17 4 17 2
6 6 8 15 6 6 21 4
10 8 2 19 10 8 10 6
14 10 4 8 14 10 14 2
18 2 6 12 18 2 18 4
7 4 8 16 7 4 22 6
11 6 2 20 11 6 11 8
15 8 4 9 15 8 15 2
4 10 6 13 4 10 19 4
8 2 8 17 8 2 23 6
12 4 2 21 12 4 12 8
16 6 4 10 16 6 16 2
5 8 6 14 5 8 20 4
9 10 2 18 9 10 9 6
13 2 4 22 13 2 13 8
17 4 6 11 17 4 17 2
6 6 8 15 6 6 21 4
10 8 2 19 10 8 10 6
14 10 4 8 14 10 14 2
18 2 6 12 18 2 18 4
7 4 8 16 7 4 22 6
11 6 2 20 11 6 11 8
15 8 4 9 15 8 15 2
4 10 6 13 4 10 19 4
8 2 8 17 8 2 23 6
12 4 2 21 12 4 12 8
16 6 4 10 16 6 16 2
5 8 6 14 5 8 20 4
9 10 2 18 9 10 9 6
13 2 4 22 13 2 13 8
17 4 6 11 17 4 17 2
6 6 8 15 6 6 21 4
10 8 2 19 10 8 10 6
14 10 4 8 14 10 14 2
18 2 6 12 18 2 18 4
7 4 8 16 7 4 22 6
11 6 2 20 11 6 11 8
15 8 4 9 15 8 15 2
4 10 6 13 4 10 19 4
8 2 8 17 8 2 23 6
*
waitingTimeCarsGone
366
0
520
608
529
0
297
53
*
waitingTimeCarsLeft
0
22
0
18
6
4
0
1
