100
7 1 3 4 3 1 3 2
15
101
2376
7142.666
161.3333
48
23
carsInLane
7 1 3 4 3 1 3 2
7 2 6 8 3 2 6 4
14 3 3 4 6 3 9 6
7 4 6 8 3 4 12 8
14 5 9 12 6 5 3 2
21 6 3 4 9 6 6 4
13 7 6 8 3 7 9 6
7 1 9 12 6 8 12 8
14 2 3 16 9 9 3 10
21 3 6 5 12 10 6 2
13 4 9 9 3 11 9 4
20 5 3 13 6 12 3 6
12 6 6 17 3 13 6 8
19 7 9 6 6 14 9 2
11 1 12 10 9 15 12 4
18 2 3 14 12 16 3 6
10 3 6 18 3 17 6 8
17 4 9 7 6 18 9 2
24 5 12 11 3 4 12 4
16 1 15 15 6 5 15 6
23 2 3 19 9 6 3 8
15 3 6 23 3 7 6 10
22 4 9 12 6 8 9 2
14 5 12 16 3 9 12 4
21 6 3 5 6 10 15 6
13 7 6 9 3 11 18 8
20 8 9 13 6 12 6 2
12 1 12 17 9 13 9 4
19 2 3 6 12 14 12 6
11 3 6 10 3 15 15 8
18 4 9 14 6 16 3 2
10 5 12 18 3 17 6 4
17 6 3 7 6 18 9 6
24 1 6 11 9 4 12 8
16 2 9 15 3 5 15 10
23 3 12 4 6 6 18 2
30 4 3 8 9 7 6 4
22 5 6 12 3 8 9 6
14 1 9 16 6 9 12 8
21 2 3 5 9 10 15 10
13 3 6 9 3 11 18 12
20 4 9 13 6 12 6 2
12 5 12 17 3 13 9 4
19 6 3 6 6 14 12 6
11 7 6 10 3 15 15 8
18 8 9 14 6 16 3 2
10 1 12 18 9 17 6 4
17 2 3 7 12 18 9 6
24 3 6 11 3 4 12 8
16 4 9 15 3 5 15 10
23 5 12 4 6 6 18 2
30 6 3 8 9 7 6 4
22 7 6 12 3 8 9 6
14 1 9 16 6 9 12 8
21 2 3 5 9 10 15 10
13 3 6 9 3 11 18 12
20 4 9 13 6 12 6 2
12 5 12 17 3 13 9 4
19 6 3 6 6 14 12 6
11 7 6 10 3 15 15 8
18 8 9 14 6 16 3 2
10 1 12 18 9 17 6 4
17 2 3 7 12 18 9 6
24 3 6 11 3 4 12 8
16 4 9 15 3 5 15 10
23 5 12 4 6 6 18 2
30 6 3 8 9 7 6 4
22 7 6 12 3 8 9 6
14 1 9 16 6 9 12 8
21 2 3 5 9 10 15 10
13 3 6 9 3 11 18 12
20 4 9 13 6 12 6 2
12 5 12 17 3 13 9 4
19 6 3 6 6 14 12 6
11 7 6 10 3 15 15 8
18 8 9 14 6 16 3 2
10 1 12 18 9 17 6 4
17 2 3 7 12 18 9 6
24 3 6 11 3 4 12 8
16 4 9 15 3 5 15 10
23 5 12 4 6 6 18 2
30 6 3 8 9 7 6 4
22 7 6 12 3 8 9 6
14 1 9 16 6 9 12 8
21 2 3 5 9 10 15 10
13 3 6 9 3 11 18 12
20 4 9 13 6 12 6 2
12 5 12 17 3 13 9 4
19 6 3 6 6 14 12 6
11 7 6 10 3 15 15 8
18 8 9 14 6 16 3 2
10 1 12 18 9 17 6 4
17 2 3 7 12 18 9 6
24 3 6 11 3 4 12 8
16 4 9 15 3 5 15 10
23 5 12 4 6 6 18 2
30 6 3 8 9 7 6 4
22 7 6 12 3 8 9 6
14 1 9 16 6 9 12 8
21 2 3 5 9 10 15 10
13 3 6 9 3 11 18 12
*
waitingTimeCarsGone
434
0
679
628
353
0
130
64
17
0
11
6
6
0
6
6
6
0
6
6
6
0
6
6
*
waitingTimeCarsLeft
0
22
0
15
3
1
0
1
1
1
0
1
1
1
0
1
