10
3 0 2 5 3 4 3 4
15
101
2377
6372.335
112
47
8.333333
carsInLane
3 0 2 5 3 4 3 4
6 0 4 5 6 8 6 4
9 0 6 10 3 4 9 8
12 0 8 5 6 8 12 4
15 0 2 10 9 12 3 8
3 0 4 15 3 16 6 12
6 0 6 5 6 20 9 4
9 0 8 10 3 9 12 8
12 0 2 15 6 13 3 12
15 0 4 5 9 17 6 4
18 0 6 10 3 6 9 8
6 0 8 15 6 10 12 12
9 0 10 5 9 14 15 4
12 0 2 10 12 18 3 8
15 0 4 15 3 7 6 12
18 0 6 5 6 11 9 4
6 0 8 10 3 15 12 8
9 0 2 15 6 19 3 12
12 0 4 5 9 23 6 4
15 0 6 10 3 12 9 8
3 0 8 15 3 16 12 12
6 0 10 5 6 20 15 4
9 0 12 10 9 9 18 8
12 0 2 15 12 13 6 12
15 0 4 5 15 17 9 4
18 0 6 10 3 6 12 8
6 0 8 15 3 10 15 12
9 0 10 5 6 14 18 4
12 0 2 10 9 18 6 8
15 0 4 15 3 7 9 12
18 0 6 5 6 11 12 4
6 0 8 10 3 15 15 8
9 0 2 15 6 19 3 12
12 0 4 20 9 8 6 16
15 0 6 10 12 12 9 5
3 0 8 15 3 16 12 9
6 0 10 5 6 20 15 4
9 0 12 10 3 9 18 8
12 0 2 15 6 13 6 12
15 0 4 5 9 17 9 4
18 0 6 10 3 6 12 8
6 0 8 15 3 10 15 12
9 0 10 5 6 14 18 4
12 0 2 10 9 18 6 8
15 0 4 15 12 7 9 12
3 0 6 20 3 11 12 16
6 0 8 10 6 15 15 5
9 0 2 15 9 19 3 9
12 0 4 20 3 8 6 13
15 0 6 10 6 12 9 4
3 0 8 15 3 16 12 8
6 0 10 5 6 20 15 4
9 0 12 10 3 9 18 8
12 0 2 15 6 13 6 12
15 0 4 5 9 17 9 4
3 0 6 10 12 21 12 8
6 0 8 15 3 10 15 12
9 0 10 5 6 14 18 4
12 0 2 10 9 18 6 8
15 0 4 15 3 7 9 12
18 0 6 5 6 11 12 4
6 0 8 10 3 15 15 8
9 0 2 15 6 19 3 12
12 0 4 5 9 23 6 4
15 0 6 10 3 12 9 8
3 0 8 15 3 16 12 12
6 0 10 20 6 5 15 16
9 0 12 10 9 9 18 5
12 0 2 15 12 13 6 9
15 0 4 20 3 4 9 13
18 0 6 10 6 8 12 4
6 0 8 15 3 12 15 8
9 0 2 20 6 16 3 12
12 0 4 10 9 20 6 4
15 0 6 15 3 9 9 8
18 0 8 5 6 13 12 4
6 0 10 10 3 17 15 8
9 0 12 15 6 6 18 12
12 0 2 20 9 10 6 16
15 0 4 10 12 14 9 5
3 0 6 15 3 18 12 9
6 0 8 5 6 22 15 4
9 0 10 10 3 11 18 8
12 0 2 15 6 15 6 12
15 0 4 5 9 19 9 4
18 0 6 10 3 8 12 8
6 0 8 15 3 12 15 12
9 0 10 5 6 16 18 4
12 0 12 10 9 5 21 8
15 0 2 15 12 9 9 12
3 0 4 20 3 13 12 16
6 0 6 10 6 17 15 5
9 0 8 15 3 6 18 9
12 0 10 20 6 10 6 4
15 0 2 10 9 14 9 8
3 0 4 15 3 18 12 12
6 0 6 5 6 22 15 4
9 0 8 10 3 11 18 8
12 0 2 15 6 15 6 12
3 0 4 20 9 19 9 16
6 0 6 10 12 23 12 5
*
waitingTimeCarsGone
489
0
636
595
364
0
201
89
3
*
waitingTimeCarsLeft
0
21
0
18
5
3
