3
3 0 2 5 3 4 3 4
15
101
2212
13750.65
2802.667
212
35
carsInLane
3 0 2 5 3 4 3 4
6 0 4 5 6 8 6 4
9 0 6 10 3 4 9 8
12 0 8 5 6 8 12 4
15 0 2 10 9 12 3 8
3 0 4 15 12 16 6 12
6 0 6 20 3 5 9 16
9 0 8 10 6 9 12 5
12 0 2 15 9 13 3 9
3 0 4 20 12 17 6 13
6 0 6 25 3 6 9 17
9 0 8 15 6 10 12 6
12 0 2 20 9 14 3 10
3 0 4 25 12 18 6 14
6 0 6 30 3 7 9 18
9 0 8 20 6 11 12 7
12 0 2 25 9 15 3 11
3 0 4 30 12 19 6 15
6 0 6 35 3 8 9 19
9 0 8 25 6 12 12 8
12 0 2 30 9 16 3 12
3 0 4 35 12 20 6 16
6 0 6 40 3 9 9 20
9 0 8 30 6 13 12 9
12 0 2 35 9 17 3 13
3 0 4 40 12 21 6 17
6 0 6 45 3 10 9 21
9 0 8 35 6 14 12 10
12 0 2 40 9 18 3 14
3 0 4 45 12 22 6 18
6 0 6 50 3 11 9 22
9 0 8 40 6 15 12 11
12 0 2 45 9 19 3 15
3 0 4 50 12 23 6 19
6 0 6 55 3 12 9 23
9 0 8 45 6 16 12 12
12 0 2 50 9 20 3 16
3 0 4 55 12 24 6 20
6 0 6 60 3 13 9 24
9 0 8 50 6 17 12 13
12 0 2 55 9 21 3 17
3 0 4 60 12 25 6 21
6 0 6 65 3 14 9 25
9 0 8 55 6 18 12 14
12 0 2 60 9 22 3 18
3 0 4 65 12 26 6 22
6 0 6 70 3 15 9 26
9 0 8 60 6 19 12 15
12 0 2 65 9 23 3 19
3 0 4 70 12 27 6 23
6 0 6 75 3 16 9 27
9 0 8 65 6 20 12 16
12 0 2 70 9 24 3 20
3 0 4 75 12 28 6 24
6 0 6 80 3 17 9 28
9 0 8 70 6 21 12 17
12 0 2 75 9 25 3 21
3 0 4 80 12 29 6 25
6 0 6 85 3 18 9 29
9 0 8 75 6 22 12 18
12 0 2 80 9 26 3 22
3 0 4 85 12 30 6 26
6 0 6 90 3 19 9 30
9 0 8 80 6 23 12 19
12 0 2 85 9 27 3 23
3 0 4 90 12 31 6 27
6 0 6 95 3 20 9 31
9 0 8 85 6 24 12 20
12 0 2 90 9 28 3 24
3 0 4 95 12 32 6 28
6 0 6 100 3 21 9 32
9 0 8 90 6 25 12 21
12 0 2 95 9 29 3 25
3 0 4 100 12 33 6 29
6 0 6 105 3 22 9 33
9 0 8 95 6 26 12 22
12 0 2 100 9 30 3 26
3 0 4 105 12 34 6 30
6 0 6 110 3 23 9 34
9 0 8 100 6 27 12 23
12 0 2 105 9 31 3 27
3 0 4 110 12 35 6 31
6 0 6 115 3 24 9 35
9 0 8 105 6 28 12 24
12 0 2 110 9 32 3 28
3 0 4 115 12 36 6 32
6 0 6 120 3 25 9 36
9 0 8 110 6 29 12 25
12 0 2 115 9 33 3 29
3 0 4 120 12 37 6 33
6 0 6 125 3 26 9 37
9 0 8 115 6 30 12 26
12 0 2 120 9 34 3 30
3 0 4 125 12 38 6 34
6 0 6 130 3 27 9 38
9 0 8 120 6 31 12 27
12 0 2 125 9 35 3 31
3 0 4 130 12 39 6 35
6 0 6 135 3 28 9 39
9 0 8 125 6 32 12 28
12 0 2 130 9 36 3 32
*
waitingTimeCarsGone
309
0
337
358
395
0
138
135
123
0
91
59
27
0
15
15
15
0
15
15
15
0
15
15
15
0
15
15
15
0
15
15
15
0
10
5
*
waitingTimeCarsLeft
0
21
0
16
16
13
0
13
13
13
0
13
9
5
0
5
5
5
0
5
5
5
0
5
5
5
0
5
5
5
0
5
5
5
0
5
