2
5 1 8 2 3 3 1 1
15
101
1845
23296.35
carsInLane
5 1 8 2 3 3 1 1
10 2 8 2 6 6 2 2
5 3 16 4 3 9 3 3
10 1 24 6 6 3 4 4
15 2 32 8 9 6 1 1
20 3 25 2 12 9 2 2
10 4 33 4 3 12 3 3
15 1 41 6 6 3 4 4
20 2 49 8 9 6 1 1
25 3 42 2 12 9 2 2
15 4 50 4 3 12 3 3
20 1 58 6 6 3 4 4
25 2 66 8 9 6 1 1
30 3 59 2 12 9 2 2
20 4 67 4 3 12 3 3
25 1 75 6 6 3 4 4
30 2 83 8 9 6 1 1
35 3 76 2 12 9 2 2
25 4 84 4 3 12 3 3
30 1 92 6 6 3 4 4
35 2 100 8 9 6 1 1
40 3 93 2 12 9 2 2
30 4 101 4 3 12 3 3
35 1 109 6 6 3 4 4
40 2 117 8 9 6 1 1
45 3 110 2 12 9 2 2
35 4 118 4 3 12 3 3
40 1 126 6 6 3 4 4
45 2 134 8 9 6 1 1
50 3 127 2 12 9 2 2
40 4 135 4 3 12 3 3
45 1 143 6 6 3 4 4
50 2 151 8 9 6 1 1
55 3 144 2 12 9 2 2
45 4 152 4 3 12 3 3
50 1 160 6 6 3 4 4
55 2 168 8 9 6 1 1
60 3 161 2 12 9 2 2
50 4 169 4 3 12 3 3
55 1 177 6 6 3 4 4
60 2 185 8 9 6 1 1
65 3 178 2 12 9 2 2
55 4 186 4 3 12 3 3
60 1 194 6 6 3 4 4
65 2 202 8 9 6 1 1
70 3 195 2 12 9 2 2
60 4 203 4 3 12 3 3
65 1 211 6 6 3 4 4
70 2 219 8 9 6 1 1
75 3 212 2 12 9 2 2
65 4 220 4 3 12 3 3
70 1 228 6 6 3 4 4
75 2 236 8 9 6 1 1
80 3 229 2 12 9 2 2
70 4 237 4 3 12 3 3
75 1 245 6 6 3 4 4
80 2 253 8 9 6 1 1
85 3 246 2 12 9 2 2
75 4 254 4 3 12 3 3
80 1 262 6 6 3 4 4
85 2 270 8 9 6 1 1
90 3 263 2 12 9 2 2
80 4 271 4 3 12 3 3
85 1 279 6 6 3 4 4
90 2 287 8 9 6 1 1
95 3 280 2 12 9 2 2
85 4 288 4 3 12 3 3
90 1 296 6 6 3 4 4
95 2 304 8 9 6 1 1
100 3 297 2 12 9 2 2
90 4 305 4 3 12 3 3
95 1 313 6 6 3 4 4
100 2 321 8 9 6 1 1
105 3 314 2 12 9 2 2
95 4 322 4 3 12 3 3
100 1 330 6 6 3 4 4
105 2 338 8 9 6 1 1
110 3 331 2 12 9 2 2
100 4 339 4 3 12 3 3
105 1 347 6 6 3 4 4
110 2 355 8 9 6 1 1
115 3 348 2 12 9 2 2
105 4 356 4 3 12 3 3
110 1 364 6 6 3 4 4
115 2 372 8 9 6 1 1
120 3 365 2 12 9 2 2
110 4 373 4 3 12 3 3
115 1 381 6 6 3 4 4
120 2 389 8 9 6 1 1
125 3 382 2 12 9 2 2
115 4 390 4 3 12 3 3
120 1 398 6 6 3 4 4
125 2 406 8 9 6 1 1
130 3 399 2 12 9 2 2
120 4 407 4 3 12 3 3
125 1 415 6 6 3 4 4
130 2 423 8 9 6 1 1
135 3 416 2 12 9 2 2
125 4 424 4 3 12 3 3
130 1 432 6 6 3 4 4
135 2 440 8 9 6 1 1
*
waitingTimeCarsGone
290
0
285
289
291
0
21
23
21
0
23
21
23
0
21
23
21
0
23
21
23
0
21
23
22
0
22
23
21
0
23
21
23
0
16
13
6
0
8
6
8
0
6
8
6
0
8
7
7
0
8
6
8
0
6
8
6
0
8
6
8
0
6
8
6
0
8
6
8
0
7
7
8
*
waitingTimeCarsLeft
0
22
0
20
16
13
0
13
13
13
0
13
13
13
0
13
13
13
0
13
13
13
0
13
13
13
0
13
13
13
0
13
13
13
0
13
13
8
0
8
8
8
0
8
8
8
0
8
8
8
0
8
8
8
0
8
8
8
0
8
8
8
0
8
8
8
0
8
8
8
0
8
1
