6
2 1 4 0 2 5 4 6
15
101
2178
16708.66
carsInLane
2 1 4 0 2 5 4 6
4 2 8 0 4 10 4 6
6 3 12 0 2 5 8 12
8 4 4 0 4 10 4 18
10 5 8 0 6 15 4 9
12 6 12 0 2 5 8 15
14 7 16 0 4 10 4 6
2 1 20 0 6 15 8 12
4 2 9 0 8 20 12 18
6 3 13 0 10 25 4 9
8 4 17 0 2 15 8 15
10 5 6 0 4 20 4 21
12 1 10 0 6 10 8 27
14 2 14 0 8 15 4 18
2 3 18 0 2 20 8 24
4 4 7 0 4 25 12 30
6 5 11 0 6 30 4 21
8 6 15 0 2 20 8 27
10 7 19 0 4 25 4 18
2 1 23 0 6 30 8 24
4 2 27 0 2 20 12 30
6 3 31 0 4 25 4 21
8 4 20 0 6 30 8 27
10 5 24 0 2 20 12 33
12 6 28 0 4 25 4 24
14 7 17 0 6 30 4 30
2 1 21 0 8 35 8 36
4 2 25 0 10 40 4 27
6 3 29 0 2 30 8 33
8 4 18 0 4 35 12 39
10 5 22 0 6 40 4 30
12 6 26 0 2 30 8 36
14 7 30 0 4 35 4 27
2 1 34 0 6 40 8 33
4 2 38 0 2 30 12 39
6 3 42 0 4 35 4 30
8 4 31 0 6 40 8 36
10 5 35 0 2 30 12 42
12 6 39 0 4 35 4 33
14 7 28 0 6 40 4 39
2 1 32 0 8 45 8 45
4 2 36 0 2 35 12 51
6 3 40 0 4 40 4 42
8 4 29 0 6 45 8 48
10 5 33 0 8 50 4 39
12 6 37 0 2 40 8 45
14 7 41 0 4 45 4 36
2 1 45 0 6 50 8 42
4 2 49 0 2 40 12 48
6 3 38 0 4 45 4 54
8 4 42 0 6 50 8 45
10 5 46 0 2 40 12 51
12 6 50 0 4 45 4 42
14 7 39 0 6 50 4 48
2 1 43 0 8 55 8 54
4 2 47 0 2 45 12 60
6 3 51 0 4 50 4 51
8 4 40 0 6 55 8 57
10 5 44 0 8 60 4 48
12 6 48 0 2 50 8 54
14 7 52 0 4 55 4 45
2 1 56 0 6 60 8 51
4 2 60 0 2 50 12 57
6 3 49 0 4 55 4 63
8 4 53 0 6 60 8 54
10 5 57 0 2 50 12 60
12 6 61 0 4 55 4 51
14 7 50 0 6 60 4 57
2 1 54 0 8 65 8 63
4 2 58 0 2 55 12 69
6 3 62 0 4 60 4 60
8 4 51 0 6 65 8 66
10 5 55 0 8 70 4 57
12 6 59 0 2 60 8 63
14 7 63 0 4 65 4 54
2 1 67 0 6 70 8 60
4 2 71 0 2 60 12 66
6 3 60 0 4 65 4 72
8 4 64 0 6 70 8 63
10 5 68 0 2 60 12 69
12 6 72 0 4 65 4 60
14 7 61 0 6 70 4 66
2 1 65 0 8 75 8 72
4 2 69 0 2 65 12 78
6 3 73 0 4 70 4 69
8 4 62 0 6 75 8 75
10 5 66 0 8 80 4 66
12 6 70 0 2 70 8 72
14 7 74 0 4 75 4 63
2 1 78 0 6 80 8 69
4 2 67 0 8 85 4 75
6 3 71 0 2 75 8 81
8 4 75 0 4 80 12 72
10 5 64 0 6 85 4 78
12 6 68 0 2 75 8 84
14 7 72 0 4 80 4 75
2 1 76 0 6 85 8 81
4 2 80 0 2 75 12 87
6 3 84 0 4 80 4 78
8 4 73 0 6 85 8 84
10 5 77 0 8 90 4 75
*
waitingTimeCarsGone
311
0
296
238
146
0
136
128
126
0
101
91
109
0
84
95
76
0
58
49
45
0
40
27
12
0
6
4
*
waitingTimeCarsLeft
0
22
0
18
18
18
0
18
15
15
0
15
15
15
0
15
15
12
0
9
9
4
0
4
4
4
0
1
