3
5 1 8 2 3 3 1 1
15
101
1847
22310.35
carsInLane
5 1 8 2 3 3 1 1
10 2 8 2 6 6 2 2
5 3 16 4 3 9 3 3
10 4 9 2 6 12 4 4
15 1 17 4 9 3 5 5
20 2 25 6 12 6 1 1
10 3 33 8 3 9 2 2
15 4 26 2 6 12 3 3
20 1 34 4 9 3 4 4
25 2 42 6 12 6 1 1
15 3 50 8 3 9 2 2
20 4 43 2 6 12 3 3
25 1 51 4 9 3 4 4
30 2 59 6 12 6 1 1
20 3 67 8 3 9 2 2
25 4 60 2 6 12 3 3
30 1 68 4 9 3 4 4
35 2 76 6 12 6 1 1
25 3 84 8 3 9 2 2
30 4 77 2 6 12 3 3
35 1 85 4 9 3 4 4
40 2 93 6 12 6 1 1
30 3 101 8 3 9 2 2
35 4 94 2 6 12 3 3
40 1 102 4 9 3 4 4
45 2 110 6 12 6 1 1
35 3 118 8 3 9 2 2
40 4 111 2 6 12 3 3
45 1 119 4 9 3 4 4
50 2 127 6 12 6 1 1
40 3 135 8 3 9 2 2
45 4 128 2 6 12 3 3
50 1 136 4 9 3 4 4
55 2 144 6 12 6 1 1
45 3 152 8 3 9 2 2
50 4 145 2 6 12 3 3
55 1 153 4 9 3 4 4
60 2 161 6 12 6 1 1
50 3 169 8 3 9 2 2
55 4 162 2 6 12 3 3
60 1 170 4 9 3 4 4
65 2 178 6 12 6 1 1
55 3 186 8 3 9 2 2
60 4 179 2 6 12 3 3
65 1 187 4 9 3 4 4
70 2 195 6 12 6 1 1
60 3 203 8 3 9 2 2
65 4 196 2 6 12 3 3
70 1 204 4 9 3 4 4
75 2 212 6 12 6 1 1
65 3 220 8 3 9 2 2
70 4 213 2 6 12 3 3
75 1 221 4 9 3 4 4
80 2 229 6 12 6 1 1
70 3 237 8 3 9 2 2
75 4 230 2 6 12 3 3
80 1 238 4 9 3 4 4
85 2 246 6 12 6 1 1
75 3 254 8 3 9 2 2
80 4 247 2 6 12 3 3
85 1 255 4 9 3 4 4
90 2 263 6 12 6 1 1
80 3 271 8 3 9 2 2
85 4 264 2 6 12 3 3
90 1 272 4 9 3 4 4
95 2 280 6 12 6 1 1
85 3 288 8 3 9 2 2
90 4 281 2 6 12 3 3
95 1 289 4 9 3 4 4
100 2 297 6 12 6 1 1
90 3 305 8 3 9 2 2
95 4 298 2 6 12 3 3
100 1 306 4 9 3 4 4
105 2 314 6 12 6 1 1
95 3 322 8 3 9 2 2
100 4 315 2 6 12 3 3
105 1 323 4 9 3 4 4
110 2 331 6 12 6 1 1
100 3 339 8 3 9 2 2
105 4 332 2 6 12 3 3
110 1 340 4 9 3 4 4
115 2 348 6 12 6 1 1
105 3 356 8 3 9 2 2
110 4 349 2 6 12 3 3
115 1 357 4 9 3 4 4
120 2 365 6 12 6 1 1
110 3 373 8 3 9 2 2
115 4 366 2 6 12 3 3
120 1 374 4 9 3 4 4
125 2 382 6 12 6 1 1
115 3 390 8 3 9 2 2
120 4 383 2 6 12 3 3
125 1 391 4 9 3 4 4
130 2 399 6 12 6 1 1
120 3 407 8 3 9 2 2
125 4 400 2 6 12 3 3
130 1 408 4 9 3 4 4
135 2 416 6 12 6 1 1
125 3 424 8 3 9 2 2
130 4 417 2 6 12 3 3
135 1 425 4 9 3 4 4
*
waitingTimeCarsGone
297
0
293
286
293
0
23
23
21
0
23
21
23
0
21
23
21
0
23
21
23
0
22
22
23
0
21
23
21
0
23
21
23
0
16
13
6
0
8
6
8
0
6
8
7
0
7
8
6
0
8
6
8
0
6
8
6
0
8
6
8
0
6
8
6
0
8
7
7
0
8
*
waitingTimeCarsLeft
0
22
0
18
16
13
0
13
13
13
0
13
13
13
0
13
13
13
0
13
13
13
0
13
13
13
0
13
13
13
0
13
13
13
0
13
13
8
0
8
8
8
0
8
8
8
0
8
8
8
0
8
8
8
0
8
8
8
0
8
8
8
0
8
8
8
0
8
8
8
0
8
1
