9
7 1 3 4 3 1 3 2
15
101
2332
8982.673
382.6667
92
12.33333
carsInLane
7 1 3 4 3 1 3 2
7 2 6 8 3 2 6 4
14 3 3 4 6 3 9 6
7 4 6 8 3 4 12 8
14 5 9 12 6 5 3 2
21 6 3 4 9 6 6 4
13 7 6 8 3 7 9 6
7 1 9 12 6 8 12 8
14 2 3 16 9 9 3 10
21 3 6 5 12 10 6 2
28 4 9 9 3 1 9 4
20 1 12 13 6 2 12 6
12 2 15 17 3 3 15 8
19 3 3 6 6 4 18 10
26 4 6 10 9 5 6 2
18 5 9 14 3 6 9 4
10 1 12 18 6 7 12 6
17 2 3 7 9 8 15 8
9 3 6 11 3 9 18 10
16 4 9 15 6 10 6 2
23 1 12 19 9 1 9 4
15 2 15 23 3 2 12 6
22 3 3 12 6 3 15 8
14 4 6 16 3 4 18 10
21 5 9 20 6 5 6 2
28 6 3 9 9 6 9 4
20 7 6 13 3 7 12 6
12 1 9 17 6 8 15 8
19 2 3 6 9 9 18 10
11 3 6 10 3 10 21 12
18 1 9 14 6 1 24 14
25 2 12 18 9 2 12 2
17 3 15 22 3 3 15 4
24 4 3 11 6 4 18 6
16 5 6 15 3 5 21 8
23 6 9 19 6 6 9 2
15 7 12 23 3 7 12 4
22 8 3 12 6 8 15 6
14 1 6 16 9 9 18 8
21 2 9 20 12 10 6 2
28 3 12 24 3 1 9 4
35 4 3 13 6 2 12 6
27 5 6 17 3 3 15 8
19 1 9 21 6 4 18 10
26 2 12 10 9 5 21 2
18 3 15 14 3 6 24 4
25 4 3 18 6 7 12 6
17 5 6 22 3 8 15 8
24 6 9 11 6 9 18 2
16 7 12 15 3 10 21 4
23 1 15 19 6 1 24 6
30 2 3 23 9 2 12 8
22 3 6 27 3 3 15 10
29 4 9 16 6 4 18 2
21 5 12 20 3 5 21 4
28 6 3 24 6 6 9 6
20 7 6 28 3 7 12 8
27 8 9 17 6 8 15 2
19 1 12 21 9 9 18 4
26 2 3 10 12 10 21 6
33 3 6 14 3 1 24 8
25 4 9 18 3 2 27 10
32 5 12 22 6 3 15 2
24 6 15 26 3 4 18 4
31 7 3 15 6 5 21 6
23 1 6 19 9 6 24 8
15 2 9 23 3 7 27 10
22 3 12 27 6 8 15 2
29 4 3 16 9 9 18 4
21 5 6 20 3 10 21 6
28 1 9 24 6 1 24 8
20 2 12 28 3 2 27 10
27 3 3 17 6 3 30 12
34 4 6 21 9 4 18 2
26 5 9 25 3 5 21 4
33 6 3 14 6 6 24 6
25 7 6 18 3 7 27 8
32 8 9 22 6 8 15 2
24 1 12 26 9 9 18 4
31 2 3 15 12 10 21 6
38 3 6 19 3 1 24 8
30 4 9 23 3 2 27 10
37 5 12 27 6 3 15 2
29 6 15 31 3 4 18 4
36 7 3 20 6 5 21 6
28 1 6 24 9 6 24 8
20 2 9 28 3 7 27 10
27 3 12 17 6 8 30 2
34 4 3 21 9 9 18 4
26 5 6 25 3 10 21 6
33 1 9 29 6 1 24 8
25 2 12 33 3 2 27 10
32 3 3 22 6 3 30 12
39 4 6 26 9 4 18 2
31 5 9 30 3 5 21 4
38 6 3 19 6 6 24 6
30 7 6 23 3 7 27 8
22 1 9 27 6 8 30 10
29 2 12 31 9 9 18 2
36 3 3 20 12 10 21 4
43 4 6 24 3 1 24 6
*
waitingTimeCarsGone
319
0
421
488
443
0
286
160
100
0
58
35
22
*
waitingTimeCarsLeft
0
23
0
19
16
14
0
7
7
3
0
3
