2
4 5 3 5 0 2 4 1
15
101
2096
19981.35
5001.334
328
carsInLane
4 5 3 5 0 2 4 1
4 5 6 10 0 4 8 2
8 10 3 5 0 6 12 3
12 15 6 10 0 2 16 4
16 20 9 15 0 4 5 1
5 10 12 20 0 6 9 2
9 15 3 10 0 8 13 3
13 20 6 15 0 2 17 4
17 25 9 20 0 4 6 1
6 15 12 25 0 6 10 2
10 20 3 15 0 8 14 3
14 25 6 20 0 2 18 4
18 30 9 25 0 4 7 1
7 20 12 30 0 6 11 2
11 25 3 20 0 8 15 3
15 30 6 25 0 2 19 4
19 35 9 30 0 4 8 1
8 25 12 35 0 6 12 2
12 30 3 25 0 8 16 3
16 35 6 30 0 2 20 4
20 40 9 35 0 4 9 1
9 30 12 40 0 6 13 2
13 35 3 30 0 8 17 3
17 40 6 35 0 2 21 4
21 45 9 40 0 4 10 1
10 35 12 45 0 6 14 2
14 40 3 35 0 8 18 3
18 45 6 40 0 2 22 4
22 50 9 45 0 4 11 1
11 40 12 50 0 6 15 2
15 45 3 40 0 8 19 3
19 50 6 45 0 2 23 4
23 55 9 50 0 4 12 1
12 45 12 55 0 6 16 2
16 50 3 45 0 8 20 3
20 55 6 50 0 2 24 4
24 60 9 55 0 4 13 1
13 50 12 60 0 6 17 2
17 55 3 50 0 8 21 3
21 60 6 55 0 2 25 4
25 65 9 60 0 4 14 1
14 55 12 65 0 6 18 2
18 60 3 55 0 8 22 3
22 65 6 60 0 2 26 4
26 70 9 65 0 4 15 1
15 60 12 70 0 6 19 2
19 65 3 60 0 8 23 3
23 70 6 65 0 2 27 4
27 75 9 70 0 4 16 1
16 65 12 75 0 6 20 2
20 70 3 65 0 8 24 3
24 75 6 70 0 2 28 4
28 80 9 75 0 4 17 1
17 70 12 80 0 6 21 2
21 75 3 70 0 8 25 3
25 80 6 75 0 2 29 4
29 85 9 80 0 4 18 1
18 75 12 85 0 6 22 2
22 80 3 75 0 8 26 3
26 85 6 80 0 2 30 4
30 90 9 85 0 4 19 1
19 80 12 90 0 6 23 2
23 85 3 80 0 8 27 3
27 90 6 85 0 2 31 4
31 95 9 90 0 4 20 1
20 85 12 95 0 6 24 2
24 90 3 85 0 8 28 3
28 95 6 90 0 2 32 4
32 100 9 95 0 4 21 1
21 90 12 100 0 6 25 2
25 95 3 90 0 8 29 3
29 100 6 95 0 2 33 4
33 105 9 100 0 4 22 1
22 95 12 105 0 6 26 2
26 100 3 95 0 8 30 3
30 105 6 100 0 2 34 4
34 110 9 105 0 4 23 1
23 100 12 110 0 6 27 2
27 105 3 100 0 8 31 3
31 110 6 105 0 2 35 4
35 115 9 110 0 4 24 1
24 105 12 115 0 6 28 2
28 110 3 105 0 8 32 3
32 115 6 110 0 2 36 4
36 120 9 115 0 4 25 1
25 110 12 120 0 6 29 2
29 115 3 110 0 8 33 3
33 120 6 115 0 2 37 4
37 125 9 120 0 4 26 1
26 115 12 125 0 6 30 2
30 120 3 115 0 8 34 3
34 125 6 120 0 2 38 4
38 130 9 125 0 4 27 1
27 120 12 130 0 6 31 2
31 125 3 120 0 8 35 3
35 130 6 125 0 2 39 4
39 135 9 130 0 4 28 1
28 125 12 135 0 6 32 2
32 130 3 125 0 8 36 3
36 135 6 130 0 2 40 4
40 140 9 135 0 4 29 1
*
waitingTimeCarsGone
176
0
209
243
283
0
150
150
144
0
114
82
50
0
30
30
30
0
30
30
30
0
30
30
30
0
30
30
30
0
30
30
30
0
25
15
5
*
waitingTimeCarsLeft
0
24
0
23
21
18
0
18
18
15
0
11
10
10
0
10
10
10
0
10
10
10
0
10
10
10
0
10
10
10
0
10
10
10
0
5
5
