1
7 1 3 4 3 1 3 2
15
101
2050
17913.99
10480
374
64.33331
carsInLane
7 1 3 4 3 1 3 2
7 2 6 8 3 2 6 4
14 1 9 12 6 1 9 6
21 2 3 16 9 2 3 8
28 3 6 5 12 3 6 2
20 4 9 9 3 4 9 4
27 1 12 13 6 1 12 6
34 2 3 17 9 2 3 8
41 3 6 6 12 3 6 2
33 4 9 10 3 4 9 4
40 1 12 14 6 1 12 6
47 2 3 18 9 2 3 8
54 3 6 7 12 3 6 2
46 4 9 11 3 4 9 4
53 1 12 15 6 1 12 6
60 2 3 19 9 2 3 8
67 3 6 8 12 3 6 2
59 4 9 12 3 4 9 4
66 1 12 16 6 1 12 6
73 2 3 20 9 2 3 8
80 3 6 9 12 3 6 2
72 4 9 13 3 4 9 4
79 1 12 17 6 1 12 6
86 2 3 21 9 2 3 8
93 3 6 10 12 3 6 2
85 4 9 14 3 4 9 4
92 1 12 18 6 1 12 6
99 2 3 22 9 2 3 8
106 3 6 11 12 3 6 2
98 4 9 15 3 4 9 4
105 1 12 19 6 1 12 6
112 2 3 23 9 2 3 8
119 3 6 12 12 3 6 2
111 4 9 16 3 4 9 4
118 1 12 20 6 1 12 6
125 2 3 24 9 2 3 8
132 3 6 13 12 3 6 2
124 4 9 17 3 4 9 4
131 1 12 21 6 1 12 6
138 2 3 25 9 2 3 8
145 3 6 14 12 3 6 2
137 4 9 18 3 4 9 4
144 1 12 22 6 1 12 6
151 2 3 26 9 2 3 8
158 3 6 15 12 3 6 2
150 4 9 19 3 4 9 4
157 1 12 23 6 1 12 6
164 2 3 27 9 2 3 8
171 3 6 16 12 3 6 2
163 4 9 20 3 4 9 4
170 1 12 24 6 1 12 6
177 2 3 28 9 2 3 8
184 3 6 17 12 3 6 2
176 4 9 21 3 4 9 4
183 1 12 25 6 1 12 6
190 2 3 29 9 2 3 8
197 3 6 18 12 3 6 2
189 4 9 22 3 4 9 4
196 1 12 26 6 1 12 6
203 2 3 30 9 2 3 8
210 3 6 19 12 3 6 2
202 4 9 23 3 4 9 4
209 1 12 27 6 1 12 6
216 2 3 31 9 2 3 8
223 3 6 20 12 3 6 2
215 4 9 24 3 4 9 4
222 1 12 28 6 1 12 6
229 2 3 32 9 2 3 8
236 3 6 21 12 3 6 2
228 4 9 25 3 4 9 4
235 1 12 29 6 1 12 6
242 2 3 33 9 2 3 8
249 3 6 22 12 3 6 2
241 4 9 26 3 4 9 4
248 1 12 30 6 1 12 6
255 2 3 34 9 2 3 8
262 3 6 23 12 3 6 2
254 4 9 27 3 4 9 4
261 1 12 31 6 1 12 6
268 2 3 35 9 2 3 8
275 3 6 24 12 3 6 2
267 4 9 28 3 4 9 4
274 1 12 32 6 1 12 6
281 2 3 36 9 2 3 8
288 3 6 25 12 3 6 2
280 4 9 29 3 4 9 4
287 1 12 33 6 1 12 6
294 2 3 37 9 2 3 8
301 3 6 26 12 3 6 2
293 4 9 30 3 4 9 4
300 1 12 34 6 1 12 6
307 2 3 38 9 2 3 8
314 3 6 27 12 3 6 2
306 4 9 31 3 4 9 4
313 1 12 35 6 1 12 6
320 2 3 39 9 2 3 8
327 3 6 28 12 3 6 2
319 4 9 32 3 4 9 4
326 1 12 36 6 1 12 6
333 2 3 40 9 2 3 8
340 3 6 29 12 3 6 2
*
waitingTimeCarsGone
341
0
348
368
380
0
67
69
64
0
51
33
19
0
7
9
7
0
9
8
8
0
9
7
9
0
7
9
7
0
9
7
9
0
7
9
8
0
8
9
7
0
9
7
9
0
7
9
7
0
9
7
9
0
8
8
9
0
7
9
7
0
9
7
4
*
waitingTimeCarsLeft
0
21
0
19
13
11
0
11
11
11
0
8
7
7
0
7
7
7
0
7
7
7
0
7
7
7
0
7
7
7
0
7
7
7
0
7
7
7
0
7
7
7
0
7
7
7
0
7
7
7
0
7
7
7
0
7
7
7
0
7
7
7
0
3
