10
7 1 3 4 3 1 3 2
15
101
2348
8178.682
268
76
13.66667
carsInLane
7 1 3 4 3 1 3 2
7 2 6 8 3 2 6 4
14 3 3 4 6 3 9 6
7 4 6 8 3 4 12 8
14 5 9 12 6 5 3 2
21 6 3 4 9 6 6 4
13 7 6 8 3 7 9 6
7 1 9 12 6 8 12 8
14 2 3 16 9 9 3 10
21 3 6 5 12 10 6 2
13 4 9 9 3 11 9 4
20 1 12 13 6 1 12 6
12 2 15 17 3 2 15 8
19 3 3 6 6 3 18 10
26 4 6 10 9 4 6 2
18 5 9 14 3 5 9 4
10 1 12 18 6 6 12 6
17 2 3 7 9 7 15 8
9 3 6 11 3 8 18 10
16 4 9 15 6 9 6 2
23 5 3 4 9 10 9 4
15 6 6 8 3 11 12 6
22 1 9 12 6 1 15 8
14 2 12 16 3 2 18 10
21 3 3 20 6 3 6 12
28 4 6 9 9 4 9 2
20 5 9 13 3 5 12 4
12 1 12 17 6 6 15 6
19 2 3 6 9 7 18 8
11 3 6 10 3 8 21 10
18 4 9 14 6 9 9 2
10 5 12 18 3 10 12 4
17 6 3 7 6 11 15 6
24 1 6 11 9 1 18 8
16 2 9 15 3 2 21 10
23 3 12 19 6 3 9 2
30 4 3 8 9 4 12 4
22 5 6 12 3 5 15 6
14 1 9 16 6 6 18 8
21 2 3 20 9 7 6 10
13 3 6 24 3 8 9 12
20 4 9 13 6 9 12 2
12 5 12 17 3 10 15 4
19 6 3 6 6 11 18 6
26 1 6 10 9 1 21 8
18 2 9 14 3 2 24 10
25 3 12 18 6 3 12 2
17 4 15 22 3 4 15 4
24 5 3 11 6 5 18 6
16 6 6 15 3 6 21 8
23 7 9 19 6 7 9 2
15 1 12 23 9 8 12 4
22 2 3 12 12 9 15 6
14 3 6 16 3 10 18 8
21 4 9 20 6 11 6 2
28 1 12 24 9 1 9 4
20 2 15 28 3 2 12 6
27 3 3 17 6 3 15 8
19 4 6 21 3 4 18 10
26 5 9 10 6 5 21 2
18 6 12 14 3 6 24 4
25 7 3 18 6 7 12 6
17 1 6 22 9 8 15 8
24 2 9 11 12 9 18 2
16 3 12 15 3 10 21 4
23 4 3 19 6 11 9 6
30 1 6 23 9 1 12 8
22 2 9 27 3 2 15 10
29 3 12 16 6 3 18 2
21 4 15 20 3 4 21 4
28 5 3 24 6 5 9 6
20 6 6 28 3 6 12 8
27 7 9 17 6 7 15 2
19 1 12 21 9 8 18 4
26 2 3 10 12 9 21 6
18 3 6 14 3 10 24 8
25 4 9 18 6 11 12 2
32 1 12 22 9 1 15 4
24 2 15 26 3 2 18 6
31 3 3 15 6 3 21 8
23 4 6 19 3 4 24 10
30 5 9 23 6 5 12 2
22 6 12 27 3 6 15 4
29 7 3 16 6 7 18 6
21 1 6 20 9 8 21 8
13 2 9 24 3 9 24 10
20 3 12 13 6 10 27 2
27 4 3 17 9 11 15 4
34 1 6 21 12 1 18 6
26 2 9 25 3 2 21 8
33 3 3 14 6 3 24 10
25 4 6 18 3 4 27 12
32 5 9 22 6 5 15 2
24 6 12 26 3 6 18 4
31 7 3 15 6 7 21 6
23 1 6 19 9 8 24 8
15 2 9 23 3 9 27 10
22 3 12 27 6 10 15 2
29 4 3 16 9 11 18 4
36 1 6 20 12 1 21 6
28 2 9 24 3 2 24 8
*
waitingTimeCarsGone
332
0
494
568
449
0
232
128
76
0
33
18
9
0
9
*
waitingTimeCarsLeft
0
21
0
18
16
13
0
4
4
