5
4 5 3 5 0 2 4 1
15
101
2228
14621.33
1696
196
carsInLane
4 5 3 5 0 2 4 1
4 5 6 10 0 4 8 2
8 10 3 5 0 6 12 3
4 5 6 10 0 8 16 4
8 10 3 15 0 10 5 5
12 5 6 20 0 2 9 6
16 10 9 10 0 4 13 1
5 15 12 15 0 6 17 2
9 20 3 20 0 8 6 3
4 10 6 25 0 10 10 4
8 15 3 15 0 12 14 5
12 20 6 20 0 2 18 6
16 25 9 25 0 4 7 1
5 15 12 30 0 6 11 2
9 20 3 20 0 8 15 3
4 10 6 25 0 10 19 4
8 15 3 15 0 12 23 5
12 20 6 20 0 2 27 6
16 25 9 25 0 4 16 1
5 15 12 30 0 6 20 2
9 20 3 20 0 8 24 3
4 10 6 25 0 10 28 4
8 15 3 30 0 12 17 5
12 20 6 35 0 2 21 6
16 25 9 25 0 4 25 1
5 15 12 30 0 6 29 2
9 20 3 20 0 8 33 3
13 25 3 25 0 10 22 4
4 15 6 30 0 12 26 5
8 20 9 35 0 2 30 6
12 25 12 25 0 4 34 1
16 30 3 30 0 6 23 2
5 20 6 35 0 8 27 3
9 25 3 25 0 10 31 4
13 15 6 30 0 2 35 5
4 20 9 35 0 4 39 6
8 25 12 40 0 6 28 1
12 30 3 30 0 8 32 2
4 20 6 35 0 10 36 3
8 25 3 40 0 12 25 4
12 30 6 45 0 2 29 5
16 35 3 35 0 4 33 6
20 40 6 40 0 6 22 1
9 30 9 45 0 8 26 2
13 35 3 35 0 10 30 3
4 25 6 40 0 12 34 4
8 30 9 45 0 2 38 5
12 35 3 35 0 4 42 6
16 40 6 40 0 6 31 1
5 30 9 45 0 8 35 2
9 35 3 35 0 10 39 3
13 25 6 40 0 2 43 4
4 30 9 45 0 4 47 5
8 35 3 50 0 6 36 6
12 40 6 40 0 8 40 1
4 30 9 45 0 10 44 2
8 35 3 35 0 12 48 3
12 40 6 40 0 2 52 4
16 45 3 45 0 4 41 5
5 35 6 50 0 6 45 6
9 40 9 40 0 8 49 1
13 45 3 45 0 10 38 2
4 35 6 50 0 12 42 3
8 40 9 55 0 2 46 4
12 45 3 45 0 4 50 5
4 35 6 50 0 6 54 6
8 40 9 55 0 8 43 1
12 45 3 45 0 10 47 2
4 35 6 50 0 12 51 3
8 40 9 55 0 2 55 4
12 45 3 60 0 4 44 5
16 50 6 50 0 6 48 1
5 40 9 55 0 8 52 2
9 45 3 45 0 10 56 3
13 50 3 50 0 12 45 4
17 55 6 55 0 2 49 5
6 45 9 60 0 4 53 6
10 50 12 50 0 6 57 1
14 55 3 55 0 8 46 2
4 45 6 60 0 10 50 3
8 50 3 50 0 12 54 4
12 55 6 55 0 2 58 5
4 45 9 60 0 4 62 6
8 50 12 65 0 6 51 1
12 55 3 55 0 8 55 2
4 45 6 60 0 10 59 3
8 50 3 50 0 12 63 4
12 55 6 55 0 2 67 5
16 60 3 60 0 4 56 6
20 65 6 50 0 6 60 1
9 55 9 55 0 8 64 2
13 60 3 60 0 10 53 3
4 50 6 65 0 12 57 4
8 55 9 70 0 2 61 5
12 60 3 60 0 4 65 6
16 65 6 65 0 6 54 1
5 55 9 70 0 8 58 2
9 60 3 60 0 10 62 3
13 50 6 65 0 2 66 4
4 55 9 70 0 4 70 5
8 60 3 75 0 6 59 6
*
waitingTimeCarsGone
290
0
318
291
231
0
161
135
118
0
104
117
104
0
112
88
60
0
45
26
18
0
8
2
*
waitingTimeCarsLeft
0
23
0
20
16
14
0
14
14
14
0
14
14
14
0
14
14
4
0
4
3
