7
5 1 8 2 3 3 1 1
15
101
2113
19179.01
carsInLane
5 1 8 2 3 3 1 1
10 2 8 2 6 6 2 2
5 3 16 4 3 9 3 3
10 4 9 2 6 12 4 4
15 5 17 4 3 3 5 5
20 6 10 6 6 6 1 6
10 7 18 8 3 9 2 7
15 8 11 2 6 12 3 8
20 1 19 4 9 3 4 9
25 2 27 6 12 6 1 1
15 3 35 8 3 9 2 2
20 4 28 2 6 12 3 3
25 5 21 4 9 15 1 4
15 6 29 6 3 18 2 5
20 7 22 2 6 21 3 6
25 1 30 4 9 9 4 7
15 2 38 6 3 12 5 8
20 3 46 8 6 15 1 1
25 4 39 2 9 18 2 2
30 5 32 4 12 21 1 3
20 6 40 6 3 24 2 4
25 7 33 2 6 27 3 5
30 8 26 4 9 30 1 6
35 1 34 6 12 18 2 7
25 2 42 8 3 21 3 8
30 3 50 2 6 24 4 1
35 4 43 4 9 27 1 2
40 5 36 2 12 30 2 3
30 6 44 4 3 33 3 4
35 7 37 2 6 36 4 5
40 1 45 4 9 24 5 6
45 2 38 6 12 27 1 7
35 3 46 8 3 30 2 8
40 4 54 2 6 33 3 1
45 5 47 4 9 36 1 2
35 6 55 6 3 39 2 3
40 7 48 2 6 42 3 4
45 8 41 4 9 45 1 5
50 1 49 6 12 33 2 6
40 2 57 8 3 36 3 7
45 3 50 2 6 39 4 8
50 4 58 4 9 42 1 1
55 5 51 2 12 45 2 2
45 6 59 4 3 48 3 3
50 7 52 2 6 51 4 4
55 1 60 4 9 39 5 5
60 2 53 6 12 42 1 6
50 3 61 8 3 45 2 7
55 4 54 2 6 48 3 8
60 5 62 4 9 51 1 1
50 6 70 6 3 54 2 2
55 7 63 2 6 57 3 3
60 8 56 4 9 60 1 4
65 1 64 6 12 48 2 5
55 2 72 8 3 51 3 6
60 3 65 2 6 54 4 7
65 4 58 4 9 57 1 8
70 5 66 2 12 60 2 1
60 6 74 4 3 63 3 2
65 7 67 2 6 66 4 3
70 1 75 4 9 54 5 4
75 2 68 6 12 57 1 5
65 3 76 8 3 60 2 6
70 4 69 2 6 63 3 7
60 5 77 4 3 66 4 8
65 6 85 6 6 69 1 1
70 7 78 2 9 72 2 2
75 8 86 4 3 60 3 3
65 1 94 6 6 63 4 4
70 2 87 2 9 66 5 5
75 3 80 4 12 69 1 6
65 4 88 6 3 72 2 7
70 5 81 2 6 75 3 8
75 6 89 4 9 78 1 1
80 7 82 2 12 81 2 2
85 1 90 4 15 69 3 3
75 2 98 6 3 72 4 4
80 3 91 2 6 75 5 5
85 4 84 4 9 78 1 6
75 5 92 6 3 81 2 7
80 6 85 2 6 84 3 8
85 7 93 4 9 87 1 1
90 8 86 2 12 90 2 2
95 1 94 4 15 78 3 3
85 2 102 6 3 81 4 4
90 3 95 2 6 84 5 5
95 4 88 4 9 87 1 6
85 5 96 6 3 90 2 7
90 6 89 2 6 93 3 8
95 7 97 4 9 96 1 1
100 8 105 6 3 84 2 2
90 1 113 8 6 87 3 3
95 2 106 2 9 90 4 4
100 3 99 4 12 93 1 5
90 4 107 6 3 96 2 6
95 5 100 2 6 99 3 7
100 6 108 4 3 87 4 8
105 7 116 6 6 90 1 1
110 8 109 2 9 93 2 2
100 1 117 4 12 96 3 3
105 2 110 2 15 99 4 4
*
waitingTimeCarsGone
242
0
248
225
192
0
134
116
121
0
103
68
74
0
107
90
71
0
60
41
16
0
26
26
31
0
29
16
11
0
6
6
3
0
6
6
6
0
9
9
6
0
6
3
*
waitingTimeCarsLeft
0
21
0
19
18
18
0
16
16
16
0
16
16
16
0
16
16
16
0
14
8
8
0
8
8
3
0
3
3
3
0
3
3
3
0
3
3
3
0
3
3
3
0
3
3
