6
7 1 3 4 3 1 3 2
15
99
2264
12695
1243.333
160
22.33333
carsInLane
7 1 3 4 3 1 3 2
7 2 6 8 3 2 6 4
14 3 3 4 6 3 9 6
7 4 6 8 3 4 12 8
14 5 9 12 6 5 3 2
21 6 3 4 9 6 6 4
13 7 6 8 3 7 9 6
20 1 9 12 6 1 12 8
12 2 12 16 3 2 15 10
19 3 3 5 6 3 18 12
26 4 6 9 9 4 6 2
18 5 9 13 3 5 9 4
10 1 12 17 6 6 12 6
17 2 3 6 9 7 15 8
24 3 6 10 3 1 18 10
31 4 9 14 6 2 6 2
23 5 12 18 3 3 9 4
30 6 3 7 6 4 12 6
22 7 6 11 3 5 15 8
29 1 9 15 6 1 18 10
21 2 12 19 3 2 21 12
28 3 3 23 6 3 9 14
35 4 6 12 9 4 12 2
27 5 9 16 3 5 15 4
19 1 12 20 6 6 18 6
26 2 3 9 9 7 21 8
33 3 6 13 3 1 24 10
25 4 9 17 3 2 27 12
32 5 12 21 6 3 15 2
24 6 15 25 3 4 18 4
31 7 3 14 6 5 21 6
38 1 6 18 9 1 24 8
30 2 9 22 3 2 27 10
37 3 12 26 6 3 15 2
29 4 15 30 3 4 18 4
36 5 3 19 6 5 21 6
28 6 6 23 3 6 24 8
20 1 9 27 6 7 27 10
27 2 12 31 3 1 30 12
34 3 15 20 6 2 33 2
41 4 3 24 9 3 21 4
33 5 6 28 3 4 24 6
25 1 9 32 6 5 27 8
32 2 3 21 9 6 30 10
24 3 6 25 3 7 33 12
31 1 9 29 6 1 36 14
38 2 12 33 9 2 24 2
30 3 15 37 3 3 27 4
37 4 3 26 6 4 30 6
29 5 6 30 3 5 33 8
36 6 9 34 6 6 21 2
43 7 3 23 9 7 24 4
50 1 6 27 12 1 27 6
42 2 9 31 3 2 30 8
34 3 12 35 3 3 33 10
41 4 3 24 6 4 36 12
48 5 6 28 9 5 24 2
40 6 9 32 3 6 27 4
32 1 12 36 6 7 30 6
39 2 15 40 3 1 33 8
46 3 3 29 6 2 36 10
38 4 6 33 3 3 39 12
45 5 9 37 6 4 27 2
37 6 12 41 3 5 30 4
44 7 3 30 6 6 33 6
51 1 6 34 9 1 36 8
43 2 9 38 3 2 39 10
50 3 12 42 6 3 27 2
42 4 15 46 3 4 30 4
49 5 3 35 6 5 33 6
41 6 6 39 3 6 36 8
48 7 9 28 6 7 39 2
55 1 12 32 9 1 42 4
47 2 15 36 3 2 45 6
54 3 3 40 6 3 33 8
46 4 6 44 3 4 36 10
53 5 9 33 6 5 39 2
45 6 12 37 3 6 42 4
52 7 3 41 6 7 30 6
59 1 6 45 9 1 33 8
51 2 9 49 3 2 36 10
58 3 12 38 6 3 39 2
50 4 15 42 3 4 42 4
57 5 3 46 6 5 30 6
49 6 6 50 3 6 33 8
56 7 9 39 6 7 36 2
63 1 12 43 9 1 39 4
55 2 15 47 3 2 42 6
62 3 3 36 6 3 45 8
54 4 6 40 3 4 48 10
61 5 9 44 6 5 36 2
53 6 12 48 3 6 39 4
60 7 3 37 6 7 42 6
67 1 6 41 9 1 45 8
59 2 9 45 3 2 48 10
51 3 12 49 3 3 51 12
58 4 3 53 6 4 39 14
65 5 6 42 9 5 42 2
57 6 9 46 3 6 45 4
49 1 12 50 6 7 48 6
56 2 15 54 3 1 51 8
*
waitingTimeCarsGone
306
6
316
296
275
22
207
171
174
31
109
105
69
15
45
49
32
6
12
9
6
3
*
waitingTimeCarsLeft
0
21
0
17
16
16
0
14
14
14
14
0
7
6
3
0
3
3
3
0
3
3
3
