8
5 1 8 2 3 3 1 1
15
101
2128
18070.66
carsInLane
5 1 8 2 3 3 1 1
10 2 8 2 6 6 2 2
5 3 16 4 3 9 3 3
10 4 9 2 6 12 4 4
15 5 17 4 3 3 5 5
20 6 10 6 6 6 1 6
10 7 18 8 3 9 2 7
15 8 11 2 6 12 3 8
5 1 19 4 9 15 4 9
10 2 27 6 12 18 1 1
15 3 20 2 15 21 2 2
20 4 28 4 3 9 3 3
25 5 21 2 6 12 4 4
15 6 29 4 3 15 5 5
20 7 22 6 6 18 1 6
25 8 15 2 9 21 2 7
15 9 23 4 3 24 3 8
20 1 31 6 6 12 4 9
25 2 39 8 9 15 1 1
30 3 32 2 12 18 2 2
20 4 40 4 3 21 3 3
25 5 33 2 6 24 4 4
30 6 26 4 9 27 1 5
20 7 34 6 3 30 2 6
25 8 27 2 6 33 3 7
30 1 35 4 9 21 4 8
20 2 43 6 3 24 5 9
25 3 51 8 6 27 1 1
30 4 44 2 9 30 2 2
35 5 37 4 12 33 1 3
25 6 45 6 3 36 2 4
30 7 38 2 6 39 3 5
35 1 46 4 9 27 4 6
40 2 39 6 12 30 1 7
30 3 47 8 3 33 2 8
35 4 40 2 6 36 3 9
40 5 48 4 9 39 1 1
45 6 41 2 12 42 2 2
35 7 49 4 3 45 3 3
40 8 42 2 6 48 4 4
45 1 50 4 9 36 5 5
50 2 43 6 12 39 1 6
40 3 51 8 3 42 2 7
45 4 44 2 6 45 3 8
35 5 52 4 3 48 4 9
40 6 60 6 6 51 1 1
45 7 53 2 9 54 2 2
50 8 61 4 3 42 3 3
55 9 54 2 6 45 4 4
45 1 62 4 9 48 5 5
50 2 55 6 12 51 1 6
55 3 63 8 3 39 2 7
60 4 56 2 6 42 3 8
50 5 64 4 3 45 4 9
55 6 72 6 6 48 1 1
60 7 65 2 9 51 2 2
50 8 73 4 3 54 3 3
55 9 66 2 6 57 4 4
60 1 74 4 9 45 5 5
65 2 67 6 12 48 1 6
55 3 75 8 3 51 2 7
60 4 68 2 6 54 3 8
65 5 61 4 9 57 1 9
70 6 69 2 12 60 2 1
60 7 77 4 3 63 3 2
65 8 70 2 6 66 4 3
70 1 78 4 9 54 5 4
75 2 71 6 12 57 1 5
65 3 79 8 3 60 2 6
70 4 72 2 6 63 3 7
60 5 80 4 3 66 4 8
65 6 73 6 6 69 1 9
70 7 81 2 9 72 2 1
75 8 74 4 12 75 1 2
65 9 82 6 3 78 2 3
70 1 90 8 6 66 3 4
75 2 83 2 9 69 4 5
80 3 76 4 12 72 1 6
70 4 84 6 3 75 2 7
75 5 77 2 6 78 3 8
80 6 85 4 3 66 4 9
85 7 93 6 6 69 1 1
90 8 86 2 9 72 2 2
80 9 94 4 3 75 3 3
85 1 102 6 6 63 4 4
90 2 95 2 9 66 5 5
95 3 88 4 12 69 1 6
85 4 96 6 3 72 2 7
90 5 89 2 6 75 3 8
80 6 97 4 3 78 4 9
85 7 105 6 6 81 1 1
90 8 98 2 9 84 2 2
95 9 91 4 12 87 1 3
100 1 99 6 15 75 2 4
90 2 107 8 3 78 3 5
95 3 100 2 6 81 4 6
100 4 93 4 9 84 1 7
90 5 101 6 3 87 2 8
95 6 94 2 6 90 3 9
100 7 102 4 9 93 1 1
90 8 110 6 3 96 2 2
*
waitingTimeCarsGone
248
0
265
228
191
0
148
121
95
0
102
123
89
0
76
96
75
0
44
27
27
0
24
39
26
0
18
6
12
0
9
9
12
0
9
3
3
0
3
*
waitingTimeCarsLeft
0
22
0
19
17
17
0
17
17
17
0
17
16
16
0
16
15
8
0
8
8
8
0
8
8
3
0
3
3
3
0
3
3
3
0
3
3
3
0
3
3
3
0
3
