5
5 1 8 2 3 3 1 1
15
101
2053
21545.68
carsInLane
5 1 8 2 3 3 1 1
10 2 8 2 6 6 2 2
5 3 16 4 3 9 3 3
10 4 9 2 6 12 4 4
15 5 17 4 3 3 5 5
20 6 10 6 6 6 1 6
10 1 18 8 9 9 2 7
15 2 26 2 12 12 3 1
20 3 19 4 15 15 1 2
10 4 27 6 3 18 2 3
15 1 35 8 6 6 3 4
20 2 28 2 9 9 4 5
25 3 21 4 12 12 1 6
30 4 29 2 15 15 2 1
20 5 37 4 3 18 3 2
25 6 30 2 6 21 4 3
30 1 38 4 9 9 5 4
35 2 31 6 12 12 1 5
25 3 39 8 3 15 2 6
30 4 47 2 6 18 3 1
35 5 40 4 9 21 1 2
25 6 48 6 3 24 2 3
30 1 56 8 6 12 3 4
35 2 49 2 9 15 4 5
40 3 42 4 12 18 1 6
45 4 50 2 15 21 2 1
35 5 58 4 3 24 3 2
40 6 51 2 6 27 4 3
45 1 59 4 9 15 5 4
50 2 52 6 12 18 1 5
40 3 60 8 3 21 2 6
45 4 68 2 6 24 3 1
50 5 61 4 9 27 1 2
55 6 54 2 12 30 2 3
60 1 62 4 15 18 3 4
50 2 70 6 3 21 4 5
55 3 63 2 6 24 5 6
60 4 71 4 9 27 1 1
65 5 64 2 12 30 2 2
55 6 72 4 3 33 3 3
60 1 80 6 6 21 4 4
65 2 73 2 9 24 5 5
70 3 66 4 12 27 1 6
75 4 74 2 15 30 2 1
65 5 82 4 3 33 3 2
70 6 75 2 6 36 4 3
75 1 83 4 9 24 5 4
80 2 76 6 12 27 1 5
70 3 84 8 3 30 2 6
75 4 92 2 6 33 3 1
80 5 85 4 9 36 1 2
70 6 93 6 3 39 2 3
75 1 101 8 6 27 3 4
80 2 94 2 9 30 4 5
85 3 87 4 12 33 1 6
90 4 95 2 15 36 2 1
80 5 103 4 3 39 3 2
85 6 96 2 6 42 4 3
90 1 104 4 9 30 5 4
95 2 97 6 12 33 1 5
85 3 105 8 3 36 2 6
90 4 113 2 6 39 3 1
95 5 106 4 9 42 1 2
100 6 99 2 12 45 2 3
105 1 107 4 15 33 3 4
95 2 115 6 3 36 4 5
100 3 108 2 6 39 5 6
105 4 116 4 9 42 1 1
110 5 109 2 12 45 2 2
100 6 117 4 3 48 3 3
105 1 125 6 6 36 4 4
110 2 118 2 9 39 5 5
115 3 111 4 12 42 1 6
120 4 119 2 15 45 2 1
110 5 127 4 3 48 3 2
115 6 120 2 6 51 4 3
120 1 128 4 9 39 5 4
125 2 121 6 12 42 1 5
115 3 129 8 3 45 2 6
120 4 137 2 6 48 3 1
125 5 130 4 9 51 1 2
115 6 138 6 3 54 2 3
120 1 146 8 6 42 3 4
125 2 139 2 9 45 4 5
130 3 132 4 12 48 1 6
135 4 140 2 15 51 2 1
125 5 148 4 3 54 3 2
130 6 141 2 6 57 4 3
135 1 149 4 9 45 5 4
140 2 142 6 12 48 1 5
130 3 150 8 3 51 2 6
135 4 158 2 6 54 3 1
140 5 151 4 9 57 1 2
145 6 144 2 12 60 2 3
150 1 152 4 15 48 3 4
140 2 160 6 3 51 4 5
145 3 153 2 6 54 5 6
150 4 161 4 9 57 1 1
155 5 154 2 12 60 2 2
145 6 162 4 3 63 3 3
150 1 170 6 6 51 4 4
*
waitingTimeCarsGone
231
0
245
199
185
0
129
95
68
0
65
66
54
0
48
63
67
0
66
67
60
0
51
59
58
0
43
22
12
0
15
15
15
0
10
10
10
0
10
10
5
*
waitingTimeCarsLeft
0
22
0
21
18
18
0
16
16
16
0
16
16
16
0
16
16
16
0
16
16
16
0
16
13
13
0
8
5
5
0
5
5
5
0
5
5
5
0
5
5
