8
4 5 3 5 0 2 4 1
15
101
2309
10284.33
546.6667
115
carsInLane
4 5 3 5 0 2 4 1
4 5 6 10 0 4 8 2
8 10 3 5 0 6 12 3
4 5 6 10 0 8 16 4
8 10 3 15 0 10 5 5
12 5 6 20 0 2 9 6
16 10 9 10 0 4 13 1
5 5 12 15 0 6 17 2
9 10 3 20 0 8 6 3
13 15 6 25 0 2 10 4
17 20 3 15 0 4 14 5
6 10 6 20 0 6 18 6
10 15 9 10 0 8 22 1
14 20 3 15 0 10 11 2
4 10 6 20 0 12 15 3
8 15 3 10 0 14 19 4
12 5 6 15 0 2 23 5
16 10 3 20 0 4 12 6
5 15 6 25 0 6 16 7
9 20 9 15 0 8 20 1
13 25 3 20 0 10 9 2
4 15 6 25 0 12 13 3
8 20 3 15 0 14 17 4
12 10 6 20 0 2 21 5
16 15 3 25 0 4 10 6
20 20 6 15 0 6 14 1
9 10 9 20 0 8 18 2
13 15 12 25 0 2 22 3
17 20 3 15 0 4 26 4
6 10 6 20 0 6 30 5
10 15 3 25 0 8 19 6
14 20 6 15 0 10 23 1
4 10 9 20 0 12 27 2
8 15 3 25 0 14 16 3
12 5 6 30 0 2 20 4
16 10 3 20 0 4 24 5
5 15 6 25 0 6 28 6
9 20 3 30 0 8 17 7
13 25 6 20 0 10 21 1
4 15 9 25 0 12 25 2
8 20 3 30 0 14 14 3
12 10 6 35 0 2 18 4
16 15 3 25 0 4 22 5
5 5 6 30 0 6 26 6
9 10 9 20 0 8 30 1
13 15 12 25 0 2 34 2
17 20 3 30 0 4 23 3
6 10 6 35 0 6 27 4
10 15 3 25 0 8 31 5
14 20 6 30 0 10 20 1
18 25 3 20 0 12 24 2
7 15 6 25 0 14 28 3
11 20 3 30 0 16 17 4
15 10 6 35 0 3 21 5
4 15 9 40 0 5 25 6
8 20 3 30 0 7 29 7
12 25 6 20 0 9 33 1
16 30 3 25 0 11 22 2
5 20 6 30 0 13 26 3
9 25 3 20 0 15 30 4
13 15 6 25 0 2 34 5
17 20 3 30 0 4 23 6
6 10 6 35 0 6 27 7
10 15 9 40 0 2 31 8
14 20 3 30 0 4 35 9
18 25 6 35 0 6 24 1
7 15 9 40 0 8 28 2
11 20 3 30 0 10 32 3
15 25 3 35 0 12 21 4
4 15 6 40 0 14 25 5
8 20 3 30 0 16 29 6
12 10 6 35 0 3 33 7
4 15 9 40 0 5 37 8
8 20 3 30 0 7 41 9
12 25 6 35 0 9 30 1
16 30 3 25 0 11 34 2
5 20 6 30 0 13 38 3
9 25 3 35 0 15 27 4
13 15 6 40 0 2 31 5
17 20 3 30 0 4 35 6
21 25 6 35 0 6 24 1
10 30 9 40 0 8 28 2
14 35 3 30 0 10 32 3
4 25 6 35 0 12 36 4
8 30 3 40 0 14 25 5
12 35 6 30 0 16 29 1
16 25 9 35 0 3 33 2
20 30 3 25 0 5 37 3
9 20 6 30 0 7 41 4
13 25 3 35 0 9 30 5
17 30 6 40 0 2 34 6
6 20 9 45 0 4 38 7
10 25 3 35 0 6 42 8
14 30 6 40 0 8 31 1
18 35 3 30 0 10 35 2
7 25 6 35 0 12 39 3
11 30 3 40 0 14 28 4
15 20 6 45 0 2 32 5
19 25 3 35 0 4 36 6
8 30 6 40 0 6 40 7
12 35 9 30 0 8 44 1
*
waitingTimeCarsGone
286
0
393
372
369
0
267
232
183
0
127
51
21
0
8
*
waitingTimeCarsLeft
0
21
0
20
20
16
0
14
14
9
0
1
