9
4 5 3 5 0 2 4 1
15
101
2317
9897.664
466.6667
107
carsInLane
4 5 3 5 0 2 4 1
4 5 6 10 0 4 8 2
8 10 3 5 0 6 12 3
4 5 6 10 0 8 16 4
8 10 3 15 0 10 5 5
12 5 6 20 0 2 9 6
16 10 9 10 0 4 13 1
5 5 12 15 0 6 17 2
9 10 3 20 0 8 6 3
13 15 6 10 0 10 10 1
17 20 9 15 0 2 14 2
6 10 12 20 0 4 18 3
10 15 3 10 0 6 22 4
14 20 6 15 0 8 11 1
4 10 9 20 0 10 15 2
8 15 3 10 0 12 19 3
12 5 6 15 0 2 23 4
16 10 3 20 0 4 12 5
5 5 6 25 0 6 16 6
9 10 9 15 0 8 20 1
13 15 12 20 0 2 24 2
17 20 3 25 0 4 13 3
6 10 6 30 0 6 17 4
10 15 3 20 0 8 21 5
14 20 6 25 0 10 10 1
4 10 9 30 0 12 14 2
8 15 3 20 0 14 18 3
12 5 6 25 0 2 22 4
16 10 3 15 0 4 26 5
20 15 6 20 0 6 15 1
9 20 9 25 0 8 19 2
13 25 3 15 0 10 23 3
4 15 6 20 0 12 27 4
8 20 3 25 0 14 16 5
12 10 6 30 0 2 20 6
16 15 9 20 0 4 24 1
20 20 3 25 0 6 13 2
9 10 6 30 0 8 17 3
13 15 3 20 0 10 21 4
4 5 6 25 0 12 25 5
8 10 9 30 0 2 29 6
12 15 3 20 0 4 33 7
16 20 6 25 0 6 22 1
5 10 9 30 0 8 26 2
9 15 3 20 0 10 30 3
13 20 3 25 0 12 19 4
4 10 6 30 0 14 23 5
8 15 3 20 0 16 27 6
12 20 6 25 0 18 16 1
16 10 9 30 0 5 20 2
5 15 12 35 0 7 24 3
9 20 3 25 0 9 28 4
13 25 6 30 0 11 17 1
4 15 9 35 0 13 21 2
8 20 3 25 0 15 25 3
12 10 6 30 0 2 29 4
16 15 3 20 0 4 33 5
20 20 6 25 0 6 22 1
9 10 9 30 0 8 26 2
13 15 3 20 0 10 30 3
17 20 6 25 0 2 34 4
21 25 3 30 0 4 23 5
10 15 6 35 0 6 27 6
14 20 9 25 0 8 31 1
18 25 3 30 0 10 20 2
7 15 6 35 0 12 24 3
11 20 3 25 0 14 28 4
15 10 6 30 0 2 32 5
19 15 3 35 0 4 21 6
23 20 6 25 0 6 25 1
12 25 9 30 0 8 29 2
16 30 3 20 0 10 33 3
5 20 6 25 0 12 37 4
9 25 3 30 0 14 26 5
13 15 6 35 0 2 30 6
17 20 9 25 0 4 34 1
21 25 3 30 0 6 23 2
10 15 6 35 0 8 27 3
14 20 3 25 0 10 31 4
18 25 6 30 0 12 20 1
22 30 9 35 0 2 24 2
11 20 12 40 0 4 28 3
15 25 3 30 0 6 32 4
4 15 6 35 0 8 36 5
8 20 3 40 0 10 25 6
12 25 6 30 0 12 29 1
16 15 9 35 0 2 33 2
20 20 3 25 0 4 37 3
24 25 3 30 0 6 26 4
13 15 6 35 0 8 30 5
17 20 9 40 0 2 34 6
21 25 3 30 0 4 38 7
10 15 6 35 0 6 42 8
14 20 9 40 0 8 31 1
18 25 3 30 0 10 35 2
7 15 6 35 0 12 39 3
11 20 3 40 0 14 28 4
15 25 6 30 0 16 32 1
19 15 9 35 0 3 36 2
23 20 3 40 0 5 25 3
12 25 6 45 0 7 29 4
*
waitingTimeCarsGone
271
0
375
410
410
0
320
244
151
0
88
37
9
0
2
*
waitingTimeCarsLeft
0
21
0
21
21
16
0
14
9
4
0
1
