7
4 5 3 5 0 2 4 1
15
101
2296
12017.33
780
128
carsInLane
4 5 3 5 0 2 4 1
4 5 6 10 0 4 8 2
8 10 3 5 0 6 12 3
4 5 6 10 0 8 16 4
8 10 3 15 0 10 5 5
12 5 6 20 0 2 9 6
16 10 9 10 0 4 13 1
5 5 12 15 0 6 17 2
9 10 15 20 0 2 21 3
13 15 3 25 0 4 10 4
17 20 6 15 0 6 14 1
6 10 9 20 0 8 18 2
10 15 3 10 0 10 22 3
14 5 6 15 0 2 26 4
18 10 3 20 0 4 15 5
7 5 6 25 0 6 19 6
11 10 9 30 0 2 23 7
15 15 3 20 0 4 27 8
19 20 6 25 0 6 16 1
8 10 9 30 0 8 20 2
12 15 3 20 0 10 24 3
16 20 3 25 0 12 13 4
5 10 6 30 0 14 17 5
9 15 3 20 0 16 21 6
13 20 6 25 0 3 25 7
4 10 9 30 0 5 29 8
8 15 12 35 0 7 18 1
12 20 3 25 0 9 22 2
4 10 6 30 0 11 26 3
8 15 3 20 0 13 30 4
12 20 6 25 0 15 19 1
16 10 9 30 0 2 23 2
5 15 12 35 0 4 27 3
9 20 3 25 0 6 31 4
13 25 6 30 0 8 20 1
4 15 9 35 0 10 24 2
8 20 3 25 0 12 28 3
12 10 6 30 0 2 32 4
16 15 3 35 0 4 21 5
20 20 6 25 0 6 25 1
9 25 9 30 0 8 29 2
13 30 3 20 0 10 33 3
4 20 6 25 0 12 37 4
8 25 3 30 0 14 26 5
12 15 6 35 0 2 30 6
16 20 9 25 0 4 34 1
20 25 3 30 0 6 23 2
9 15 6 35 0 8 27 3
13 20 9 40 0 2 31 4
17 25 3 30 0 4 35 5
6 15 6 35 0 6 39 6
10 20 3 40 0 8 28 7
14 25 6 30 0 10 32 1
4 15 9 35 0 12 36 2
8 20 3 40 0 14 25 3
12 25 6 30 0 16 29 1
16 30 9 35 0 3 33 2
5 20 12 40 0 5 37 3
9 25 3 30 0 7 41 4
13 30 6 35 0 9 30 1
4 20 9 40 0 11 34 2
8 25 3 30 0 13 38 3
12 30 3 35 0 15 27 4
16 20 6 40 0 2 31 5
5 25 9 45 0 4 35 6
9 30 3 35 0 6 39 7
13 35 6 40 0 8 28 1
4 25 9 45 0 10 32 2
8 30 3 35 0 12 36 3
12 20 6 40 0 2 40 4
16 25 3 45 0 4 29 5
20 30 6 35 0 6 33 1
9 35 9 40 0 8 37 2
13 40 3 30 0 10 41 3
4 30 6 35 0 12 45 4
8 35 3 40 0 14 34 5
12 25 6 45 0 2 38 6
16 30 9 35 0 4 42 1
20 35 3 40 0 6 31 2
9 25 6 45 0 8 35 3
13 30 9 50 0 2 39 4
17 35 3 40 0 4 43 5
6 25 6 45 0 6 47 6
10 30 3 50 0 8 36 7
14 35 6 40 0 10 40 1
4 25 9 45 0 12 44 2
8 30 3 35 0 14 48 3
12 35 3 40 0 16 37 4
16 40 6 45 0 3 41 5
5 30 9 50 0 5 45 6
9 35 3 40 0 7 49 7
13 40 6 45 0 9 38 1
4 30 9 50 0 11 42 2
8 35 3 40 0 13 46 3
12 40 3 45 0 15 35 4
16 30 6 50 0 2 39 5
5 35 9 55 0 4 43 6
9 40 3 45 0 6 47 7
13 45 6 50 0 8 36 1
4 35 9 55 0 10 40 2
8 40 3 45 0 12 44 3
*
waitingTimeCarsGone
280
0
342
320
282
0
227
226
209
0
165
115
75
0
37
17
1
*
waitingTimeCarsLeft
0
22
0
19
15
14
0
14
9
9
0
9
9
4
0
4
