1
4 2 2 4 4 2 4 2
15
101
2295
11442.31
carsInLane
4 2 2 4 4 2 4 2
4 4 4 8 4 4 8 4
8 2 6 12 8 2 12 6
12 4 2 16 12 4 4 8
16 6 4 5 16 6 8 2
5 8 6 9 5 8 12 4
9 2 8 13 9 2 16 6
13 4 2 17 13 4 5 8
17 6 4 6 17 6 9 2
6 8 6 10 6 8 13 4
10 2 8 14 10 2 17 6
14 4 2 18 14 4 6 8
18 6 4 7 18 6 10 2
7 8 6 11 7 8 14 4
11 2 8 15 11 2 18 6
15 4 2 19 15 4 7 8
19 6 4 8 19 6 11 2
8 8 6 12 8 8 15 4
12 2 8 16 12 2 19 6
16 4 2 20 16 4 8 8
20 6 4 9 20 6 12 2
9 8 6 13 9 8 16 4
13 2 8 17 13 2 20 6
17 4 2 21 17 4 9 8
21 6 4 10 21 6 13 2
10 8 6 14 10 8 17 4
14 2 8 18 14 2 21 6
18 4 2 22 18 4 10 8
22 6 4 11 22 6 14 2
11 8 6 15 11 8 18 4
15 2 8 19 15 2 22 6
19 4 2 23 19 4 11 8
23 6 4 12 23 6 15 2
12 8 6 16 12 8 19 4
16 2 8 20 16 2 23 6
20 4 2 24 20 4 12 8
24 6 4 13 24 6 16 2
13 8 6 17 13 8 20 4
17 2 8 21 17 2 24 6
21 4 2 25 21 4 13 8
25 6 4 14 25 6 17 2
14 8 6 18 14 8 21 4
18 2 8 22 18 2 25 6
22 4 2 26 22 4 14 8
26 6 4 15 26 6 18 2
15 8 6 19 15 8 22 4
19 2 8 23 19 2 26 6
23 4 2 27 23 4 15 8
27 6 4 16 27 6 19 2
16 8 6 20 16 8 23 4
20 2 8 24 20 2 27 6
24 4 2 28 24 4 16 8
28 6 4 17 28 6 20 2
17 8 6 21 17 8 24 4
21 2 8 25 21 2 28 6
25 4 2 29 25 4 17 8
29 6 4 18 29 6 21 2
18 8 6 22 18 8 25 4
22 2 8 26 22 2 29 6
26 4 2 30 26 4 18 8
30 6 4 19 30 6 22 2
19 8 6 23 19 8 26 4
23 2 8 27 23 2 30 6
27 4 2 31 27 4 19 8
31 6 4 20 31 6 23 2
20 8 6 24 20 8 27 4
24 2 8 28 24 2 31 6
28 4 2 32 28 4 20 8
32 6 4 21 32 6 24 2
21 8 6 25 21 8 28 4
25 2 8 29 25 2 32 6
29 4 2 33 29 4 21 8
33 6 4 22 33 6 25 2
22 8 6 26 22 8 29 4
26 2 8 30 26 2 33 6
30 4 2 34 30 4 22 8
34 6 4 23 34 6 26 2
23 8 6 27 23 8 30 4
27 2 8 31 27 2 34 6
31 4 2 35 31 4 23 8
35 6 4 24 35 6 27 2
24 8 6 28 24 8 31 4
28 2 8 32 28 2 35 6
32 4 2 36 32 4 24 8
36 6 4 25 36 6 28 2
25 8 6 29 25 8 32 4
29 2 8 33 29 2 36 6
33 4 2 37 33 4 25 8
37 6 4 26 37 6 29 2
26 8 6 30 26 8 33 4
30 2 8 34 30 2 37 6
34 4 2 38 34 4 26 8
38 6 4 27 38 6 30 2
27 8 6 31 27 8 34 4
31 2 8 35 31 2 38 6
35 4 2 39 35 4 27 8
39 6 4 28 39 6 31 2
28 8 6 32 28 8 35 4
32 2 8 36 32 2 39 6
36 4 2 40 36 4 28 8
40 6 4 29 40 6 32 2
*
waitingTimeCarsGone
236
0
292
352
410
0
240
240
225
0
164
100
36
*
waitingTimeCarsLeft
0
24
0
22
20
16
0
16
16
10
0
5
