4
4 3 4 4 3 2 2 2
15
101
2389
5679.004
76.00002
35
carsInLane
4 3 4 4 3 2 2 2
8 6 4 4 6 4 4 4
4 9 8 8 3 6 6 6
8 12 4 4 6 8 8 8
12 3 8 8 9 2 10 10
16 6 12 12 12 4 2 2
5 9 16 16 3 6 4 4
9 12 5 5 6 8 6 6
4 3 9 9 9 10 8 8
8 6 13 13 3 2 10 10
12 9 17 17 6 4 2 2
16 12 6 6 9 6 4 4
5 3 10 10 12 8 6 6
9 6 4 4 15 10 8 8
13 9 8 8 3 2 10 10
17 12 12 12 6 4 2 2
6 3 16 16 9 6 4 4
10 6 5 5 12 8 6 6
4 9 9 9 3 10 8 8
8 3 13 13 6 2 10 10
12 6 17 17 9 4 2 2
16 9 6 6 12 6 4 4
5 12 10 10 3 8 6 6
9 3 14 14 6 2 8 8
13 6 4 4 9 4 10 10
17 9 8 8 12 6 2 2
6 12 12 12 3 8 4 4
10 15 4 4 6 10 6 6
14 3 8 8 9 2 8 8
4 6 12 12 3 4 10 10
8 9 16 16 6 6 2 2
12 12 5 5 9 8 4 4
4 3 9 9 12 10 6 6
8 6 13 13 3 2 8 8
12 9 4 4 6 4 10 10
16 12 8 8 9 6 2 2
5 3 12 12 12 8 4 4
9 6 4 4 15 10 6 6
13 9 8 8 3 2 8 8
4 3 12 12 6 4 10 10
8 6 16 16 9 6 2 2
12 9 5 5 12 8 4 4
4 12 9 9 3 10 6 6
8 3 13 13 6 2 8 8
12 6 4 4 9 4 10 10
16 9 8 8 12 6 2 2
5 12 12 12 3 8 4 4
9 15 4 4 6 10 6 6
13 3 8 8 9 2 8 8
4 6 12 12 3 4 10 10
8 9 16 16 6 6 2 2
12 12 5 5 9 8 4 4
4 3 9 9 12 10 6 6
8 6 13 13 3 2 8 8
12 9 4 4 6 4 10 10
16 12 8 8 9 6 2 2
5 3 12 12 12 8 4 4
9 6 4 4 15 10 6 6
13 9 8 8 3 2 8 8
4 3 12 12 6 4 10 10
8 6 16 16 9 6 2 2
12 9 5 5 12 8 4 4
4 12 9 9 3 10 6 6
8 3 13 13 6 2 8 8
12 6 4 4 9 4 10 10
16 9 8 8 12 6 2 2
5 12 12 12 3 8 4 4
9 15 4 4 6 10 6 6
13 3 8 8 9 2 8 8
4 6 12 12 3 4 10 10
8 9 16 16 6 6 2 2
12 12 5 5 9 8 4 4
4 3 9 9 12 10 6 6
8 6 13 13 3 2 8 8
12 9 4 4 6 4 10 10
16 12 8 8 9 6 2 2
5 3 12 12 12 8 4 4
9 6 4 4 15 10 6 6
13 9 8 8 3 2 8 8
4 3 12 12 6 4 10 10
8 6 16 16 9 6 2 2
12 9 5 5 12 8 4 4
4 12 9 9 3 10 6 6
8 3 13 13 6 2 8 8
12 6 4 4 9 4 10 10
16 9 8 8 12 6 2 2
5 12 12 12 3 8 4 4
9 15 4 4 6 10 6 6
13 3 8 8 9 2 8 8
4 6 12 12 3 4 10 10
8 9 16 16 6 6 2 2
12 12 5 5 9 8 4 4
4 3 9 9 12 10 6 6
8 6 13 13 3 2 8 8
12 9 4 4 6 4 10 10
16 12 8 8 9 6 2 2
5 3 12 12 12 8 4 4
9 6 4 4 15 10 6 6
13 9 8 8 3 2 8 8
4 3 12 12 6 4 10 10
8 6 16 16 9 6 2 2
*
waitingTimeCarsGone
596
0
630
606
408
0
149
*
waitingTimeCarsLeft
0
18
0
12
5
