100
2 1 4 0 2 5 4 6
15
99
2190
15427.32
carsInLane
2 1 4 0 2 5 4 6
4 2 8 0 4 10 4 6
6 3 12 0 2 5 8 12
8 4 4 0 4 10 4 18
10 5 8 0 6 15 4 9
12 6 12 0 2 5 8 15
14 7 16 0 4 10 4 6
2 1 20 0 6 15 8 12
4 2 9 0 8 20 4 18
6 3 13 0 2 10 8 24
8 4 17 0 4 15 4 15
10 5 6 0 6 20 4 21
12 6 10 0 2 10 8 27
14 7 14 0 4 15 4 18
16 1 18 0 6 5 8 24
18 2 22 0 8 10 4 15
5 3 26 0 2 15 8 21
7 4 15 0 4 20 4 27
9 5 19 0 6 25 4 18
11 6 23 0 2 15 8 24
13 7 27 0 4 20 4 15
15 8 16 0 6 25 4 21
17 1 20 0 8 15 8 27
19 2 24 0 10 20 4 18
21 3 28 0 2 10 8 24
23 4 17 0 4 15 4 30
25 5 21 0 6 20 4 21
12 6 25 0 2 25 8 27
14 7 29 0 4 30 4 18
16 1 33 0 6 20 8 24
18 2 22 0 8 25 4 30
20 3 26 0 10 30 4 21
22 4 30 0 2 20 8 27
24 5 19 0 4 25 4 33
26 6 23 0 6 30 4 24
28 1 27 0 8 20 8 30
30 2 31 0 10 25 4 21
17 3 35 0 2 30 8 27
19 4 24 0 4 35 4 33
21 1 28 0 6 25 8 39
23 2 32 0 8 30 4 30
25 3 36 0 2 20 8 36
27 4 25 0 4 25 4 42
29 5 29 0 6 30 4 33
31 6 33 0 8 35 4 24
33 7 37 0 2 25 8 30
35 8 26 0 4 30 4 36
22 1 30 0 6 35 8 42
24 2 34 0 8 40 4 33
26 3 38 0 2 30 8 39
28 4 42 0 4 35 4 30
30 5 31 0 6 40 4 36
32 6 35 0 2 30 8 42
34 7 39 0 4 35 4 33
36 8 28 0 6 40 4 39
38 1 32 0 8 30 8 45
40 2 36 0 10 35 4 36
27 3 40 0 2 40 8 42
29 4 44 0 4 45 4 33
31 1 48 0 6 35 8 39
33 2 37 0 8 40 4 45
35 3 41 0 10 45 4 36
37 4 45 0 2 35 8 42
39 5 34 0 4 40 4 48
41 6 38 0 6 45 4 39
43 1 42 0 8 35 8 45
45 2 46 0 10 40 4 36
32 3 50 0 2 45 8 42
34 4 39 0 4 50 4 48
36 1 43 0 6 40 8 54
38 2 47 0 8 45 4 45
40 3 51 0 2 35 8 51
42 4 40 0 4 40 4 57
44 5 44 0 6 45 4 48
46 6 48 0 8 50 4 39
48 7 52 0 2 40 8 45
50 8 41 0 4 45 4 51
37 1 45 0 6 50 8 57
39 2 49 0 8 55 4 48
41 3 53 0 2 45 8 54
43 4 57 0 4 50 4 45
45 5 46 0 6 55 4 51
47 6 50 0 2 45 8 57
49 7 54 0 4 50 4 48
51 8 43 0 6 55 4 54
53 1 47 0 8 45 8 60
55 2 51 0 10 50 4 51
42 3 55 0 2 55 8 57
44 4 59 0 4 60 4 48
46 1 63 0 6 50 8 54
48 2 52 0 8 55 4 60
50 3 56 0 10 60 4 51
52 4 60 0 2 50 8 57
54 5 49 0 4 55 4 63
56 6 53 0 6 60 4 54
58 1 57 0 8 50 8 60
60 2 61 0 10 55 4 51
47 3 65 0 2 60 8 57
49 4 54 0 4 65 4 63
51 1 58 0 6 55 8 69
53 2 62 0 8 60 4 60
*
waitingTimeCarsGone
342
4
285
174
191
16
146
157
159
38
111
139
114
24
54
58
42
10
18
23
15
4
3
6
6
4
2
6
6
4
2
6
6
4
0
4
3
2
0
2
*
waitingTimeCarsLeft
0
24
0
20
19
19
0
17
17
17
0
17
17
17
0
11
10
2
0
2
2
2
0
2
2
2
0
2
2
2
0
2
2
2
0
2
1
