1
2 3 4 2 3 4 1 5
15
101
2218
14389.98
carsInLane
2 3 4 2 3 4 1 5
4 3 8 4 6 4 2 10
2 6 12 6 3 8 3 15
4 9 4 8 6 12 1 20
6 12 8 2 9 16 2 10
8 3 12 4 12 5 3 15
2 6 16 6 3 9 4 20
4 9 5 8 6 13 1 25
6 12 9 2 9 17 2 15
8 3 13 4 12 6 3 20
2 6 17 6 3 10 4 25
4 9 6 8 6 14 1 30
6 12 10 2 9 18 2 20
8 3 14 4 12 7 3 25
2 6 18 6 3 11 4 30
4 9 7 8 6 15 1 35
6 12 11 2 9 19 2 25
8 3 15 4 12 8 3 30
2 6 19 6 3 12 4 35
4 9 8 8 6 16 1 40
6 12 12 2 9 20 2 30
8 3 16 4 12 9 3 35
2 6 20 6 3 13 4 40
4 9 9 8 6 17 1 45
6 12 13 2 9 21 2 35
8 3 17 4 12 10 3 40
2 6 21 6 3 14 4 45
4 9 10 8 6 18 1 50
6 12 14 2 9 22 2 40
8 3 18 4 12 11 3 45
2 6 22 6 3 15 4 50
4 9 11 8 6 19 1 55
6 12 15 2 9 23 2 45
8 3 19 4 12 12 3 50
2 6 23 6 3 16 4 55
4 9 12 8 6 20 1 60
6 12 16 2 9 24 2 50
8 3 20 4 12 13 3 55
2 6 24 6 3 17 4 60
4 9 13 8 6 21 1 65
6 12 17 2 9 25 2 55
8 3 21 4 12 14 3 60
2 6 25 6 3 18 4 65
4 9 14 8 6 22 1 70
6 12 18 2 9 26 2 60
8 3 22 4 12 15 3 65
2 6 26 6 3 19 4 70
4 9 15 8 6 23 1 75
6 12 19 2 9 27 2 65
8 3 23 4 12 16 3 70
2 6 27 6 3 20 4 75
4 9 16 8 6 24 1 80
6 12 20 2 9 28 2 70
8 3 24 4 12 17 3 75
2 6 28 6 3 21 4 80
4 9 17 8 6 25 1 85
6 12 21 2 9 29 2 75
8 3 25 4 12 18 3 80
2 6 29 6 3 22 4 85
4 9 18 8 6 26 1 90
6 12 22 2 9 30 2 80
8 3 26 4 12 19 3 85
2 6 30 6 3 23 4 90
4 9 19 8 6 27 1 95
6 12 23 2 9 31 2 85
8 3 27 4 12 20 3 90
2 6 31 6 3 24 4 95
4 9 20 8 6 28 1 100
6 12 24 2 9 32 2 90
8 3 28 4 12 21 3 95
2 6 32 6 3 25 4 100
4 9 21 8 6 29 1 105
6 12 25 2 9 33 2 95
8 3 29 4 12 22 3 100
2 6 33 6 3 26 4 105
4 9 22 8 6 30 1 110
6 12 26 2 9 34 2 100
8 3 30 4 12 23 3 105
2 6 34 6 3 27 4 110
4 9 23 8 6 31 1 115
6 12 27 2 9 35 2 105
8 3 31 4 12 24 3 110
2 6 35 6 3 28 4 115
4 9 24 8 6 32 1 120
6 12 28 2 9 36 2 110
8 3 32 4 12 25 3 115
2 6 36 6 3 29 4 120
4 9 25 8 6 33 1 125
6 12 29 2 9 37 2 115
8 3 33 4 12 26 3 120
2 6 37 6 3 30 4 125
4 9 26 8 6 34 1 130
6 12 30 2 9 38 2 120
8 3 34 4 12 27 3 125
2 6 38 6 3 31 4 130
4 9 27 8 6 35 1 135
6 12 31 2 9 39 2 125
8 3 35 4 12 28 3 130
2 6 39 6 3 32 4 135
4 9 28 8 6 36 1 140
6 12 32 2 9 40 2 130
*
waitingTimeCarsGone
298
0
328
360
392
0
135
135
126
0
95
63
31
0
15
15
15
0
15
15
15
0
15
15
15
0
15
15
15
0
15
15
15
0
15
10
5
*
waitingTimeCarsLeft
0
21
0
19
18
13
0
13
13
10
0
9
5
5
0
5
5
5
0
5
5
5
0
5
5
5
0
5
5
5
0
5
5
5
0
5
