9
2 0 4 4 4 3 3 4
15
101
2382
5414.002
105.3333
42
carsInLane
2 0 4 4 4 3 3 4
4 0 8 4 8 6 6 4
6 0 4 8 12 9 3 8
8 0 8 12 4 3 6 12
10 0 12 4 8 6 9 4
12 0 4 8 12 9 3 8
2 0 8 12 4 12 6 12
4 0 12 4 8 15 9 4
6 0 16 8 4 3 12 8
8 0 5 12 8 6 3 12
2 0 9 16 12 9 6 16
4 0 13 5 16 12 9 5
6 0 17 9 5 3 12 9
8 0 6 13 9 6 3 13
10 0 10 4 13 9 6 4
2 0 14 8 4 12 9 8
4 0 4 12 8 15 3 12
6 0 8 4 12 18 6 4
8 0 12 8 4 6 9 8
10 0 4 12 8 9 3 12
2 0 8 16 12 12 6 16
4 0 12 5 16 15 9 5
6 0 16 9 5 3 12 9
8 0 5 13 9 6 3 13
10 0 9 4 13 9 6 4
2 0 13 8 4 12 9 8
4 0 4 12 8 15 3 12
6 0 8 4 12 18 6 4
8 0 12 8 4 6 9 8
10 0 4 12 8 9 3 12
2 0 8 16 12 12 6 16
4 0 12 5 16 15 9 5
6 0 16 9 5 3 12 9
8 0 5 13 9 6 3 13
10 0 9 4 13 9 6 4
2 0 13 8 4 12 9 8
4 0 4 12 8 15 3 12
6 0 8 4 12 18 6 4
8 0 12 8 4 6 9 8
10 0 4 12 8 9 3 12
2 0 8 16 12 12 6 16
4 0 12 5 16 15 9 5
6 0 16 9 5 3 12 9
8 0 5 13 9 6 3 13
10 0 9 4 13 9 6 4
2 0 13 8 4 12 9 8
4 0 4 12 8 15 3 12
6 0 8 4 12 18 6 4
8 0 12 8 4 6 9 8
10 0 4 12 8 9 3 12
2 0 8 16 12 12 6 16
4 0 12 5 16 15 9 5
6 0 16 9 5 3 12 9
8 0 5 13 9 6 3 13
10 0 9 4 13 9 6 4
2 0 13 8 4 12 9 8
4 0 4 12 8 15 3 12
6 0 8 4 12 18 6 4
8 0 12 8 4 6 9 8
10 0 4 12 8 9 3 12
2 0 8 16 12 12 6 16
4 0 12 5 16 15 9 5
6 0 16 9 5 3 12 9
8 0 5 13 9 6 3 13
10 0 9 4 13 9 6 4
2 0 13 8 4 12 9 8
4 0 4 12 8 15 3 12
6 0 8 4 12 18 6 4
8 0 12 8 4 6 9 8
10 0 4 12 8 9 3 12
2 0 8 16 12 12 6 16
4 0 12 5 16 15 9 5
6 0 16 9 5 3 12 9
8 0 5 13 9 6 3 13
10 0 9 4 13 9 6 4
2 0 13 8 4 12 9 8
4 0 4 12 8 15 3 12
6 0 8 4 12 18 6 4
8 0 12 8 4 6 9 8
10 0 4 12 8 9 3 12
2 0 8 16 12 12 6 16
4 0 12 5 16 15 9 5
6 0 16 9 5 3 12 9
8 0 5 13 9 6 3 13
10 0 9 4 13 9 6 4
2 0 13 8 4 12 9 8
4 0 4 12 8 15 3 12
6 0 8 4 12 18 6 4
8 0 12 8 4 6 9 8
10 0 4 12 8 9 3 12
2 0 8 16 12 12 6 16
4 0 12 5 16 15 9 5
6 0 16 9 5 3 12 9
8 0 5 13 9 6 3 13
10 0 9 4 13 9 6 4
2 0 13 8 4 12 9 8
4 0 4 12 8 15 3 12
6 0 8 4 12 18 6 4
8 0 12 8 4 6 9 8
10 0 4 12 8 9 3 12
2 0 8 16 12 12 6 16
*
waitingTimeCarsGone
611
0
670
659
320
0
93
29
*
waitingTimeCarsLeft
0
18
0
14
7
3
