8
2 0 4 4 4 3 3 4
15
101
2383
5430.336
100
41
carsInLane
2 0 4 4 4 3 3 4
4 0 8 4 8 6 6 4
6 0 4 8 12 9 3 8
8 0 8 12 4 3 6 12
10 0 12 4 8 6 9 4
12 0 4 8 12 9 3 8
2 0 8 12 4 12 6 12
4 0 12 4 8 15 9 4
6 0 16 8 4 3 12 8
2 0 20 12 8 6 15 12
4 0 9 16 12 9 3 16
6 0 13 5 16 12 6 5
8 0 17 9 5 3 9 9
10 0 6 13 9 6 3 13
12 0 10 4 13 9 6 4
2 0 14 8 4 12 9 8
4 0 4 12 8 15 3 12
6 0 8 4 12 18 6 4
8 0 12 8 16 6 9 8
2 0 16 12 5 9 12 12
4 0 5 16 9 12 3 16
6 0 9 5 13 15 6 5
8 0 13 9 4 3 9 9
10 0 4 13 8 6 3 13
12 0 8 4 12 9 6 4
2 0 12 8 4 12 9 8
4 0 4 12 8 15 3 12
6 0 8 16 12 3 6 16
8 0 12 5 16 6 9 5
2 0 16 9 5 9 12 9
4 0 5 13 9 12 3 13
6 0 9 4 13 15 6 4
8 0 13 8 4 3 9 8
10 0 4 12 8 6 3 12
12 0 8 4 12 9 6 4
2 0 12 8 4 12 9 8
4 0 16 12 8 3 12 12
6 0 5 16 12 6 3 16
8 0 9 5 16 9 6 5
10 0 13 9 5 3 9 9
12 0 4 13 9 6 3 13
14 0 8 4 13 9 6 4
2 0 12 8 4 12 9 8
4 0 4 12 8 15 3 12
6 0 8 4 12 18 6 4
8 0 12 8 16 6 9 8
2 0 16 12 5 9 12 12
4 0 5 16 9 12 3 16
6 0 9 5 13 15 6 5
8 0 13 9 4 3 9 9
10 0 4 13 8 6 3 13
12 0 8 4 12 9 6 4
2 0 12 8 4 12 9 8
4 0 4 12 8 15 3 12
6 0 8 16 12 3 6 16
8 0 12 5 16 6 9 5
2 0 16 9 5 9 12 9
4 0 5 13 9 12 3 13
6 0 9 4 13 15 6 4
8 0 13 8 4 3 9 8
10 0 4 12 8 6 3 12
12 0 8 4 12 9 6 4
2 0 12 8 4 12 9 8
4 0 16 12 8 3 12 12
6 0 5 16 12 6 3 16
8 0 9 5 16 9 6 5
10 0 13 9 5 3 9 9
12 0 4 13 9 6 3 13
14 0 8 4 13 9 6 4
2 0 12 8 4 12 9 8
4 0 4 12 8 15 3 12
6 0 8 4 12 18 6 4
8 0 12 8 16 6 9 8
2 0 16 12 5 9 12 12
4 0 5 16 9 12 3 16
6 0 9 5 13 15 6 5
8 0 13 9 4 3 9 9
10 0 4 13 8 6 3 13
12 0 8 4 12 9 6 4
2 0 12 8 4 12 9 8
4 0 4 12 8 15 3 12
6 0 8 16 12 3 6 16
8 0 12 5 16 6 9 5
2 0 16 9 5 9 12 9
4 0 5 13 9 12 3 13
6 0 9 4 13 15 6 4
8 0 13 8 4 3 9 8
10 0 4 12 8 6 3 12
12 0 8 4 12 9 6 4
2 0 12 8 4 12 9 8
4 0 16 12 8 3 12 12
6 0 5 16 12 6 3 16
8 0 9 5 16 9 6 5
10 0 13 9 5 3 9 9
12 0 4 13 9 6 3 13
14 0 8 4 13 9 6 4
2 0 12 8 4 12 9 8
4 0 4 12 8 15 3 12
6 0 8 4 12 18 6 4
8 0 12 8 16 6 9 8
2 0 16 12 5 9 12 12
*
waitingTimeCarsGone
615
0
665
655
336
0
72
34
6
*
waitingTimeCarsLeft
0
18
0
12
11
