4
2 0 4 4 4 3 3 4
15
101
2379
6029.008
109.3333
45
carsInLane
2 0 4 4 4 3 3 4
4 0 8 4 8 6 6 4
6 0 4 8 12 9 3 8
8 0 8 12 4 3 6 12
10 0 12 4 8 6 9 4
2 0 16 8 12 9 12 8
4 0 5 12 16 12 3 12
6 0 9 16 5 3 6 16
8 0 13 5 9 6 9 5
10 0 4 9 13 9 3 9
2 0 8 13 17 12 6 13
4 0 12 17 6 3 9 17
6 0 16 6 10 6 12 6
8 0 5 10 14 9 3 10
10 0 9 14 4 3 6 14
2 0 13 18 8 6 9 18
4 0 17 7 12 9 12 7
6 0 6 11 16 12 3 11
8 0 10 15 5 3 6 15
10 0 14 4 9 6 9 4
2 0 18 8 13 9 12 8
4 0 7 12 17 12 3 12
6 0 11 16 6 3 6 16
8 0 15 5 10 6 9 5
10 0 4 9 14 9 3 9
2 0 8 13 18 12 6 13
4 0 12 17 7 3 9 17
6 0 16 6 11 6 12 6
8 0 5 10 15 9 3 10
10 0 9 14 4 3 6 14
2 0 13 18 8 6 9 18
4 0 17 7 12 9 12 7
6 0 6 11 16 12 3 11
8 0 10 15 5 3 6 15
10 0 14 4 9 6 9 4
2 0 18 8 13 9 12 8
4 0 7 12 17 12 3 12
6 0 11 16 6 3 6 16
8 0 15 5 10 6 9 5
10 0 4 9 14 9 3 9
2 0 8 13 18 12 6 13
4 0 12 17 7 3 9 17
6 0 16 6 11 6 12 6
8 0 5 10 15 9 3 10
10 0 9 14 4 3 6 14
2 0 13 18 8 6 9 18
4 0 17 7 12 9 12 7
6 0 6 11 16 12 3 11
8 0 10 15 5 3 6 15
10 0 14 4 9 6 9 4
2 0 18 8 13 9 12 8
4 0 7 12 17 12 3 12
6 0 11 16 6 3 6 16
8 0 15 5 10 6 9 5
10 0 4 9 14 9 3 9
2 0 8 13 18 12 6 13
4 0 12 17 7 3 9 17
6 0 16 6 11 6 12 6
8 0 5 10 15 9 3 10
10 0 9 14 4 3 6 14
2 0 13 18 8 6 9 18
4 0 17 7 12 9 12 7
6 0 6 11 16 12 3 11
8 0 10 15 5 3 6 15
10 0 14 4 9 6 9 4
2 0 18 8 13 9 12 8
4 0 7 12 17 12 3 12
6 0 11 16 6 3 6 16
8 0 15 5 10 6 9 5
10 0 4 9 14 9 3 9
2 0 8 13 18 12 6 13
4 0 12 17 7 3 9 17
6 0 16 6 11 6 12 6
8 0 5 10 15 9 3 10
10 0 9 14 4 3 6 14
2 0 13 18 8 6 9 18
4 0 17 7 12 9 12 7
6 0 6 11 16 12 3 11
8 0 10 15 5 3 6 15
10 0 14 4 9 6 9 4
2 0 18 8 13 9 12 8
4 0 7 12 17 12 3 12
6 0 11 16 6 3 6 16
8 0 15 5 10 6 9 5
10 0 4 9 14 9 3 9
2 0 8 13 18 12 6 13
4 0 12 17 7 3 9 17
6 0 16 6 11 6 12 6
8 0 5 10 15 9 3 10
10 0 9 14 4 3 6 14
2 0 13 18 8 6 9 18
4 0 17 7 12 9 12 7
6 0 6 11 16 12 3 11
8 0 10 15 5 3 6 15
10 0 14 4 9 6 9 4
2 0 18 8 13 9 12 8
4 0 7 12 17 12 3 12
6 0 11 16 6 3 6 16
8 0 15 5 10 6 9 5
10 0 4 9 14 9 3 9
2 0 8 13 18 12 6 13
*
waitingTimeCarsGone
484
0
626
619
537
0
113
*
waitingTimeCarsLeft
0
20
0
15
8
2
