5
2 3 4 2 3 4 1 5
15
101
2321
10112.33
carsInLane
2 3 4 2 3 4 1 5
4 3 8 4 6 4 2 10
6 6 12 2 9 8 3 5
8 9 16 4 3 4 4 10
10 12 5 6 6 8 1 15
2 3 9 8 9 12 2 20
4 6 13 2 12 16 3 10
6 9 17 4 3 5 4 15
8 12 6 6 6 9 1 20
10 15 10 2 9 13 2 10
12 3 14 4 12 4 3 15
2 6 18 6 3 8 4 20
4 9 22 2 6 12 5 10
6 12 11 4 9 16 1 15
8 3 15 6 12 5 2 20
10 6 19 2 15 9 3 10
2 9 23 4 3 13 4 15
4 12 12 6 6 17 1 20
6 3 16 8 9 6 2 25
8 6 20 2 12 10 3 15
10 9 9 4 15 14 1 20
12 12 13 6 3 4 2 25
2 3 17 8 6 8 3 30
4 6 21 2 9 12 4 20
6 9 10 4 12 16 1 25
8 12 14 2 15 20 2 15
10 15 18 4 3 9 3 20
2 3 22 6 6 13 4 25
4 6 26 2 9 17 5 15
6 9 15 4 12 21 1 20
8 12 19 6 3 10 2 25
10 15 23 2 6 14 3 15
12 3 27 4 9 4 4 20
2 6 31 6 3 8 5 25
4 9 20 2 6 12 6 30
6 12 24 4 9 16 1 20
8 3 28 6 12 5 2 25
10 6 17 2 15 9 3 30
12 9 21 4 18 13 1 20
2 12 25 6 6 17 2 25
4 15 29 2 9 21 3 15
6 3 33 4 12 10 4 20
8 6 22 6 15 14 1 25
10 9 26 2 18 18 2 15
12 12 30 4 6 7 3 20
2 3 34 6 9 11 4 25
4 6 23 2 12 15 5 30
6 9 27 4 15 19 1 20
8 12 31 6 3 8 2 25
10 15 20 2 6 12 3 30
12 18 24 4 9 16 1 20
2 6 28 6 12 20 2 25
4 9 17 2 15 24 3 30
6 12 21 4 3 13 4 35
8 15 25 2 6 17 5 25
10 3 29 4 9 6 6 30
12 6 18 6 12 10 1 35
2 9 22 8 3 14 2 40
4 12 26 2 6 18 3 30
6 15 30 4 9 22 1 20
8 3 34 6 12 11 2 25
10 6 23 2 15 15 3 30
12 9 27 4 18 19 1 20
2 12 31 6 6 23 2 25
4 15 20 2 9 27 3 30
6 3 24 4 12 16 4 35
8 6 28 2 15 20 5 25
10 9 32 4 3 9 6 30
12 12 21 6 6 13 1 35
2 3 25 8 9 17 2 40
4 6 29 2 12 21 3 30
6 9 33 4 3 10 4 35
8 12 37 2 6 14 5 25
10 15 26 4 9 18 1 30
12 18 30 2 12 22 2 20
2 6 34 4 15 26 3 25
4 9 38 6 3 15 4 30
6 12 27 2 6 19 5 35
8 15 31 4 9 23 1 25
10 3 35 6 12 12 2 30
12 6 24 2 15 16 3 35
2 9 28 4 3 20 4 40
4 12 32 2 6 24 5 30
6 15 21 4 9 28 1 35
8 3 25 6 12 17 2 40
10 6 29 2 15 21 3 30
12 9 33 4 3 10 4 35
2 3 37 6 6 14 5 40
4 6 41 2 9 18 6 30
6 9 30 4 12 22 1 35
8 12 34 2 15 26 2 25
10 15 38 4 3 15 3 30
12 18 27 2 6 19 4 35
2 6 31 4 9 23 5 40
4 9 35 6 12 27 1 30
6 12 24 2 15 31 2 35
8 15 28 4 3 20 3 40
10 18 32 2 6 24 4 30
12 6 36 4 9 13 5 35
2 9 40 6 3 17 6 40
4 12 29 8 6 21 1 45
*
waitingTimeCarsGone
281
0
353
390
394
0
344
257
151
0
101
36
13
0
1
*
waitingTimeCarsLeft
0
22
0
21
16
16
0
13
10
4
0
1
