100
2 0 4 4 4 3 3 4
15
101
2374
5118
133.3333
50
carsInLane
2 0 4 4 4 3 3 4
4 0 8 4 8 6 6 4
6 0 4 8 12 9 3 8
8 0 8 12 4 3 6 12
10 0 12 4 8 6 9 4
12 0 4 8 12 9 3 8
2 0 8 12 4 12 6 12
4 0 12 4 8 15 9 4
6 0 16 8 4 3 12 8
8 0 5 12 8 6 3 12
10 0 9 4 12 9 6 4
2 0 13 8 4 12 9 8
4 0 4 12 8 15 3 12
6 0 8 4 12 18 6 4
8 0 12 8 4 6 9 8
10 0 4 12 8 9 3 12
12 0 8 4 12 12 6 4
2 0 12 8 4 15 9 8
4 0 4 12 8 18 3 12
6 0 8 16 4 6 6 16
8 0 12 5 8 9 9 5
10 0 4 9 12 12 3 9
12 0 8 13 4 3 6 13
14 0 12 4 8 6 9 4
2 0 16 8 4 9 12 8
4 0 5 12 8 12 3 12
6 0 9 4 12 15 6 4
8 0 13 8 4 3 9 8
10 0 4 12 8 6 3 12
12 0 8 4 12 9 6 4
2 0 12 8 4 12 9 8
4 0 4 12 8 15 3 12
6 0 8 4 12 18 6 4
8 0 12 8 4 6 9 8
10 0 4 12 8 9 3 12
12 0 8 4 12 12 6 4
2 0 12 8 4 15 9 8
4 0 4 12 8 18 3 12
6 0 8 16 4 6 6 16
8 0 12 5 8 9 9 5
10 0 4 9 12 12 3 9
12 0 8 13 4 3 6 13
14 0 12 4 8 6 9 4
2 0 16 8 4 9 12 8
4 0 5 12 8 12 3 12
6 0 9 4 12 15 6 4
8 0 13 8 4 3 9 8
10 0 4 12 8 6 3 12
12 0 8 4 12 9 6 4
2 0 12 8 4 12 9 8
4 0 4 12 8 15 3 12
6 0 8 4 12 18 6 4
8 0 12 8 4 6 9 8
10 0 4 12 8 9 3 12
12 0 8 4 12 12 6 4
2 0 12 8 4 15 9 8
4 0 4 12 8 18 3 12
6 0 8 16 4 6 6 16
8 0 12 5 8 9 9 5
10 0 4 9 12 12 3 9
12 0 8 13 4 3 6 13
14 0 12 4 8 6 9 4
2 0 16 8 4 9 12 8
4 0 5 12 8 12 3 12
6 0 9 4 12 15 6 4
8 0 13 8 4 3 9 8
10 0 4 12 8 6 3 12
12 0 8 4 12 9 6 4
2 0 12 8 4 12 9 8
4 0 4 12 8 15 3 12
6 0 8 4 12 18 6 4
8 0 12 8 4 6 9 8
10 0 4 12 8 9 3 12
12 0 8 4 12 12 6 4
2 0 12 8 4 15 9 8
4 0 4 12 8 18 3 12
6 0 8 16 4 6 6 16
8 0 12 5 8 9 9 5
10 0 4 9 12 12 3 9
12 0 8 13 4 3 6 13
14 0 12 4 8 6 9 4
2 0 16 8 4 9 12 8
4 0 5 12 8 12 3 12
6 0 9 4 12 15 6 4
8 0 13 8 4 3 9 8
10 0 4 12 8 6 3 12
12 0 8 4 12 9 6 4
2 0 12 8 4 12 9 8
4 0 4 12 8 15 3 12
6 0 8 4 12 18 6 4
8 0 12 8 4 6 9 8
10 0 4 12 8 9 3 12
12 0 8 4 12 12 6 4
2 0 12 8 4 15 9 8
4 0 4 12 8 18 3 12
6 0 8 16 4 6 6 16
8 0 12 5 8 9 9 5
10 0 4 9 12 12 3 9
12 0 8 13 4 3 6 13
14 0 12 4 8 6 9 4
2 0 16 8 4 9 12 8
*
waitingTimeCarsGone
674
0
711
660
182
0
77
60
10
*
waitingTimeCarsLeft
0
21
0
15
7
7
