10
2 0 4 4 4 3 3 4
15
101
2388
5412.004
81.33334
36
carsInLane
2 0 4 4 4 3 3 4
4 0 8 4 8 6 6 4
6 0 4 8 12 9 3 8
8 0 8 12 4 3 6 12
10 0 12 4 8 6 9 4
12 0 4 8 12 9 3 8
2 0 8 12 4 12 6 12
4 0 12 4 8 15 9 4
6 0 16 8 4 3 12 8
8 0 5 12 8 6 3 12
10 0 9 4 12 9 6 4
2 0 13 8 16 12 9 8
4 0 17 12 5 3 12 12
6 0 6 16 9 6 3 16
8 0 10 5 13 9 6 5
10 0 14 9 4 3 9 9
12 0 4 13 8 6 3 13
14 0 8 4 12 9 6 4
2 0 12 8 4 12 9 8
4 0 4 12 8 15 3 12
6 0 8 4 12 18 6 4
8 0 12 8 4 6 9 8
2 0 16 12 8 9 12 12
4 0 5 16 12 12 3 16
6 0 9 5 16 15 6 5
8 0 13 9 5 3 9 9
10 0 4 13 9 6 3 13
12 0 8 4 13 9 6 4
2 0 12 8 4 12 9 8
4 0 4 12 8 15 3 12
6 0 8 4 12 18 6 4
8 0 12 8 4 6 9 8
10 0 4 12 8 9 3 12
2 0 8 16 12 12 6 16
4 0 12 5 16 15 9 5
6 0 16 9 5 3 12 9
8 0 5 13 9 6 3 13
10 0 9 4 13 9 6 4
2 0 13 8 4 12 9 8
4 0 4 12 8 15 3 12
6 0 8 4 12 18 6 4
8 0 12 8 4 6 9 8
10 0 4 12 8 9 3 12
12 0 8 4 12 12 6 4
2 0 12 8 16 15 9 8
4 0 16 12 5 3 12 12
6 0 5 16 9 6 3 16
8 0 9 5 13 9 6 5
10 0 13 9 4 3 9 9
12 0 4 13 8 6 3 13
14 0 8 4 12 9 6 4
2 0 12 8 4 12 9 8
4 0 4 12 8 15 3 12
6 0 8 4 12 18 6 4
8 0 12 8 4 6 9 8
2 0 16 12 8 9 12 12
4 0 5 16 12 12 3 16
6 0 9 5 16 15 6 5
8 0 13 9 5 3 9 9
10 0 4 13 9 6 3 13
12 0 8 4 13 9 6 4
2 0 12 8 4 12 9 8
4 0 4 12 8 15 3 12
6 0 8 4 12 18 6 4
8 0 12 8 4 6 9 8
10 0 4 12 8 9 3 12
2 0 8 16 12 12 6 16
4 0 12 5 16 15 9 5
6 0 16 9 5 3 12 9
8 0 5 13 9 6 3 13
10 0 9 4 13 9 6 4
2 0 13 8 4 12 9 8
4 0 4 12 8 15 3 12
6 0 8 4 12 18 6 4
8 0 12 8 4 6 9 8
10 0 4 12 8 9 3 12
12 0 8 4 12 12 6 4
2 0 12 8 16 15 9 8
4 0 16 12 5 3 12 12
6 0 5 16 9 6 3 16
8 0 9 5 13 9 6 5
10 0 13 9 4 3 9 9
12 0 4 13 8 6 3 13
14 0 8 4 12 9 6 4
2 0 12 8 4 12 9 8
4 0 4 12 8 15 3 12
6 0 8 4 12 18 6 4
8 0 12 8 4 6 9 8
2 0 16 12 8 9 12 12
4 0 5 16 12 12 3 16
6 0 9 5 16 15 6 5
8 0 13 9 5 3 9 9
10 0 4 13 9 6 3 13
12 0 8 4 13 9 6 4
2 0 12 8 4 12 9 8
4 0 4 12 8 15 3 12
6 0 8 4 12 18 6 4
8 0 12 8 4 6 9 8
10 0 4 12 8 9 3 12
2 0 8 16 12 12 6 16
4 0 12 5 16 15 9 5
*
waitingTimeCarsGone
623
0
676
665
294
0
82
42
6
*
waitingTimeCarsLeft
0
18
0
11
7
