6
2 0 4 4 4 3 3 4
15
101
2390
5515.34
78.66666
34
carsInLane
2 0 4 4 4 3 3 4
4 0 8 4 8 6 6 4
6 0 4 8 12 9 3 8
8 0 8 12 4 3 6 12
10 0 12 4 8 6 9 4
12 0 4 8 12 9 3 8
2 0 8 12 4 12 6 12
4 0 12 16 8 3 9 16
6 0 16 5 12 6 12 5
8 0 5 9 16 9 3 9
10 0 9 13 5 3 6 13
12 0 13 4 9 6 9 4
14 0 4 8 13 9 3 8
2 0 8 12 17 12 6 12
4 0 12 16 6 3 9 16
6 0 16 5 10 6 12 5
8 0 5 9 14 9 3 9
10 0 9 13 4 3 6 13
12 0 13 4 8 6 9 4
14 0 4 8 12 9 3 8
2 0 8 12 16 12 6 12
4 0 12 16 5 3 9 16
6 0 16 5 9 6 12 5
8 0 5 9 13 9 3 9
10 0 9 13 4 3 6 13
12 0 13 4 8 6 9 4
14 0 4 8 12 9 3 8
2 0 8 12 16 12 6 12
4 0 12 16 5 3 9 16
6 0 16 5 9 6 12 5
8 0 5 9 13 9 3 9
10 0 9 13 4 3 6 13
12 0 13 4 8 6 9 4
14 0 4 8 12 9 3 8
2 0 8 12 16 12 6 12
4 0 12 16 5 3 9 16
6 0 16 5 9 6 12 5
8 0 5 9 13 9 3 9
10 0 9 13 4 3 6 13
12 0 13 4 8 6 9 4
14 0 4 8 12 9 3 8
2 0 8 12 16 12 6 12
4 0 12 16 5 3 9 16
6 0 16 5 9 6 12 5
8 0 5 9 13 9 3 9
10 0 9 13 4 3 6 13
12 0 13 4 8 6 9 4
14 0 4 8 12 9 3 8
2 0 8 12 16 12 6 12
4 0 12 16 5 3 9 16
6 0 16 5 9 6 12 5
8 0 5 9 13 9 3 9
10 0 9 13 4 3 6 13
12 0 13 4 8 6 9 4
14 0 4 8 12 9 3 8
2 0 8 12 16 12 6 12
4 0 12 16 5 3 9 16
6 0 16 5 9 6 12 5
8 0 5 9 13 9 3 9
10 0 9 13 4 3 6 13
12 0 13 4 8 6 9 4
14 0 4 8 12 9 3 8
2 0 8 12 16 12 6 12
4 0 12 16 5 3 9 16
6 0 16 5 9 6 12 5
8 0 5 9 13 9 3 9
10 0 9 13 4 3 6 13
12 0 13 4 8 6 9 4
14 0 4 8 12 9 3 8
2 0 8 12 16 12 6 12
4 0 12 16 5 3 9 16
6 0 16 5 9 6 12 5
8 0 5 9 13 9 3 9
10 0 9 13 4 3 6 13
12 0 13 4 8 6 9 4
14 0 4 8 12 9 3 8
2 0 8 12 16 12 6 12
4 0 12 16 5 3 9 16
6 0 16 5 9 6 12 5
8 0 5 9 13 9 3 9
10 0 9 13 4 3 6 13
12 0 13 4 8 6 9 4
14 0 4 8 12 9 3 8
2 0 8 12 16 12 6 12
4 0 12 16 5 3 9 16
6 0 16 5 9 6 12 5
8 0 5 9 13 9 3 9
10 0 9 13 4 3 6 13
12 0 13 4 8 6 9 4
14 0 4 8 12 9 3 8
2 0 8 12 16 12 6 12
4 0 12 16 5 3 9 16
6 0 16 5 9 6 12 5
8 0 5 9 13 9 3 9
10 0 9 13 4 3 6 13
12 0 13 4 8 6 9 4
14 0 4 8 12 9 3 8
2 0 8 12 16 12 6 12
4 0 12 16 5 3 9 16
6 0 16 5 9 6 12 5
8 0 5 9 13 9 3 9
*
waitingTimeCarsGone
609
0
658
651
389
0
29
28
26
*
waitingTimeCarsLeft
0
17
0
11
4
2
