2
2 3 4 2 3 4 1 5
15
101
2218
14016.64
carsInLane
2 3 4 2 3 4 1 5
4 3 8 4 6 4 2 10
6 6 12 2 9 8 3 5
2 9 16 4 3 12 4 10
4 12 5 6 6 16 1 15
6 3 9 8 9 5 2 20
8 6 13 2 12 9 3 10
2 9 17 4 3 13 4 15
4 12 6 6 6 17 1 20
6 3 10 8 9 6 2 25
8 6 14 2 12 10 3 15
2 9 18 4 3 14 4 20
4 12 7 6 6 18 1 25
6 3 11 8 9 7 2 30
8 6 15 2 12 11 3 20
2 9 19 4 3 15 4 25
4 12 8 6 6 19 1 30
6 3 12 8 9 8 2 35
8 6 16 2 12 12 3 25
2 9 20 4 3 16 4 30
4 12 9 6 6 20 1 35
6 3 13 8 9 9 2 40
8 6 17 2 12 13 3 30
2 9 21 4 3 17 4 35
4 12 10 6 6 21 1 40
6 3 14 8 9 10 2 45
8 6 18 2 12 14 3 35
2 9 22 4 3 18 4 40
4 12 11 6 6 22 1 45
6 3 15 8 9 11 2 50
8 6 19 2 12 15 3 40
2 9 23 4 3 19 4 45
4 12 12 6 6 23 1 50
6 3 16 8 9 12 2 55
8 6 20 2 12 16 3 45
2 9 24 4 3 20 4 50
4 12 13 6 6 24 1 55
6 3 17 8 9 13 2 60
8 6 21 2 12 17 3 50
2 9 25 4 3 21 4 55
4 12 14 6 6 25 1 60
6 3 18 8 9 14 2 65
8 6 22 2 12 18 3 55
2 9 26 4 3 22 4 60
4 12 15 6 6 26 1 65
6 3 19 8 9 15 2 70
8 6 23 2 12 19 3 60
2 9 27 4 3 23 4 65
4 12 16 6 6 27 1 70
6 3 20 8 9 16 2 75
8 6 24 2 12 20 3 65
2 9 28 4 3 24 4 70
4 12 17 6 6 28 1 75
6 3 21 8 9 17 2 80
8 6 25 2 12 21 3 70
2 9 29 4 3 25 4 75
4 12 18 6 6 29 1 80
6 3 22 8 9 18 2 85
8 6 26 2 12 22 3 75
2 9 30 4 3 26 4 80
4 12 19 6 6 30 1 85
6 3 23 8 9 19 2 90
8 6 27 2 12 23 3 80
2 9 31 4 3 27 4 85
4 12 20 6 6 31 1 90
6 3 24 8 9 20 2 95
8 6 28 2 12 24 3 85
2 9 32 4 3 28 4 90
4 12 21 6 6 32 1 95
6 3 25 8 9 21 2 100
8 6 29 2 12 25 3 90
2 9 33 4 3 29 4 95
4 12 22 6 6 33 1 100
6 3 26 8 9 22 2 105
8 6 30 2 12 26 3 95
2 9 34 4 3 30 4 100
4 12 23 6 6 34 1 105
6 3 27 8 9 23 2 110
8 6 31 2 12 27 3 100
2 9 35 4 3 31 4 105
4 12 24 6 6 35 1 110
6 3 28 8 9 24 2 115
8 6 32 2 12 28 3 105
2 9 36 4 3 32 4 110
4 12 25 6 6 36 1 115
6 3 29 8 9 25 2 120
8 6 33 2 12 29 3 110
2 9 37 4 3 33 4 115
4 12 26 6 6 37 1 120
6 3 30 8 9 26 2 125
8 6 34 2 12 30 3 115
2 9 38 4 3 34 4 120
4 12 27 6 6 38 1 125
6 3 31 8 9 27 2 130
8 6 35 2 12 31 3 120
2 9 39 4 3 35 4 125
4 12 28 6 6 39 1 130
6 3 32 8 9 28 2 135
8 6 36 2 12 32 3 125
2 9 40 4 3 36 4 130
4 12 29 6 6 40 1 135
*
waitingTimeCarsGone
299
0
329
359
391
0
135
135
129
0
99
67
35
0
15
15
15
0
15
15
15
0
15
15
15
0
15
15
15
0
15
15
15
0
10
5
*
waitingTimeCarsLeft
0
21
0
20
15
13
0
13
13
10
0
6
5
5
0
5
5
5
0
5
5
5
0
5
5
5
0
5
5
5
0
5
5
5
0
5
5
