3
2 0 4 4 4 3 3 4
15
101
2289
11296.31
713.3333
135
carsInLane
2 0 4 4 4 3 3 4
4 0 8 4 8 6 6 4
6 0 4 8 12 9 3 8
8 0 8 12 4 3 6 12
2 0 12 16 8 6 9 16
4 0 16 5 12 9 12 5
6 0 5 9 16 12 3 9
8 0 9 13 5 3 6 13
2 0 13 17 9 6 9 17
4 0 17 6 13 9 12 6
6 0 6 10 17 12 3 10
8 0 10 14 6 3 6 14
2 0 14 18 10 6 9 18
4 0 18 7 14 9 12 7
6 0 7 11 18 12 3 11
8 0 11 15 7 3 6 15
2 0 15 19 11 6 9 19
4 0 19 8 15 9 12 8
6 0 8 12 19 12 3 12
8 0 12 16 8 3 6 16
2 0 16 20 12 6 9 20
4 0 20 9 16 9 12 9
6 0 9 13 20 12 3 13
8 0 13 17 9 3 6 17
2 0 17 21 13 6 9 21
4 0 21 10 17 9 12 10
6 0 10 14 21 12 3 14
8 0 14 18 10 3 6 18
2 0 18 22 14 6 9 22
4 0 22 11 18 9 12 11
6 0 11 15 22 12 3 15
8 0 15 19 11 3 6 19
2 0 19 23 15 6 9 23
4 0 23 12 19 9 12 12
6 0 12 16 23 12 3 16
8 0 16 20 12 3 6 20
2 0 20 24 16 6 9 24
4 0 24 13 20 9 12 13
6 0 13 17 24 12 3 17
8 0 17 21 13 3 6 21
2 0 21 25 17 6 9 25
4 0 25 14 21 9 12 14
6 0 14 18 25 12 3 18
8 0 18 22 14 3 6 22
2 0 22 26 18 6 9 26
4 0 26 15 22 9 12 15
6 0 15 19 26 12 3 19
8 0 19 23 15 3 6 23
2 0 23 27 19 6 9 27
4 0 27 16 23 9 12 16
6 0 16 20 27 12 3 20
8 0 20 24 16 3 6 24
2 0 24 28 20 6 9 28
4 0 28 17 24 9 12 17
6 0 17 21 28 12 3 21
8 0 21 25 17 3 6 25
2 0 25 29 21 6 9 29
4 0 29 18 25 9 12 18
6 0 18 22 29 12 3 22
8 0 22 26 18 3 6 26
2 0 26 30 22 6 9 30
4 0 30 19 26 9 12 19
6 0 19 23 30 12 3 23
8 0 23 27 19 3 6 27
2 0 27 31 23 6 9 31
4 0 31 20 27 9 12 20
6 0 20 24 31 12 3 24
8 0 24 28 20 3 6 28
2 0 28 32 24 6 9 32
4 0 32 21 28 9 12 21
6 0 21 25 32 12 3 25
8 0 25 29 21 3 6 29
2 0 29 33 25 6 9 33
4 0 33 22 29 9 12 22
6 0 22 26 33 12 3 26
8 0 26 30 22 3 6 30
2 0 30 34 26 6 9 34
4 0 34 23 30 9 12 23
6 0 23 27 34 12 3 27
8 0 27 31 23 3 6 31
2 0 31 35 27 6 9 35
4 0 35 24 31 9 12 24
6 0 24 28 35 12 3 28
8 0 28 32 24 3 6 32
2 0 32 36 28 6 9 36
4 0 36 25 32 9 12 25
6 0 25 29 36 12 3 29
8 0 29 33 25 3 6 33
2 0 33 37 29 6 9 37
4 0 37 26 33 9 12 26
6 0 26 30 37 12 3 30
8 0 30 34 26 3 6 34
2 0 34 38 30 6 9 38
4 0 38 27 34 9 12 27
6 0 27 31 38 12 3 31
8 0 31 35 27 3 6 35
2 0 35 39 31 6 9 39
4 0 39 28 35 9 12 28
6 0 28 32 39 12 3 32
8 0 32 36 28 3 6 36
2 0 36 40 32 6 9 40
*
waitingTimeCarsGone
240
0
296
353
410
0
240
240
222
0
160
96
32
*
waitingTimeCarsLeft
0
24
0
22
19
16
0
16
16
10
0
8
4
