7
2 0 4 4 4 3 3 4
15
101
2389
5385.67
98.66667
35
carsInLane
2 0 4 4 4 3 3 4
4 0 8 4 8 6 6 4
6 0 4 8 12 9 3 8
8 0 8 12 4 3 6 12
10 0 12 4 8 6 9 4
12 0 4 8 12 9 3 8
2 0 8 12 4 12 6 12
4 0 12 4 8 15 9 4
6 0 16 8 12 3 12 8
8 0 5 12 16 6 3 12
2 0 9 16 5 9 6 16
4 0 13 5 9 12 9 5
6 0 4 9 13 15 3 9
8 0 8 13 4 3 6 13
10 0 12 4 8 6 9 4
12 0 4 8 12 9 3 8
2 0 8 12 16 12 6 12
4 0 12 16 5 3 9 16
6 0 16 5 9 6 12 5
8 0 5 9 13 9 3 9
10 0 9 13 4 3 6 13
12 0 13 4 8 6 9 4
14 0 4 8 12 9 3 8
2 0 8 12 4 12 6 12
4 0 12 16 8 3 9 16
6 0 16 5 12 6 12 5
8 0 5 9 16 9 3 9
10 0 9 13 5 3 6 13
12 0 13 4 9 6 9 4
14 0 4 8 13 9 3 8
2 0 8 12 4 12 6 12
4 0 12 4 8 15 9 4
6 0 16 8 12 3 12 8
8 0 5 12 16 6 3 12
2 0 9 16 5 9 6 16
4 0 13 5 9 12 9 5
6 0 4 9 13 15 3 9
8 0 8 13 4 3 6 13
10 0 12 4 8 6 9 4
12 0 4 8 12 9 3 8
2 0 8 12 16 12 6 12
4 0 12 16 5 3 9 16
6 0 16 5 9 6 12 5
8 0 5 9 13 9 3 9
10 0 9 13 4 3 6 13
12 0 13 4 8 6 9 4
14 0 4 8 12 9 3 8
2 0 8 12 4 12 6 12
4 0 12 16 8 3 9 16
6 0 16 5 12 6 12 5
8 0 5 9 16 9 3 9
10 0 9 13 5 3 6 13
12 0 13 4 9 6 9 4
14 0 4 8 13 9 3 8
2 0 8 12 4 12 6 12
4 0 12 4 8 15 9 4
6 0 16 8 12 3 12 8
8 0 5 12 16 6 3 12
2 0 9 16 5 9 6 16
4 0 13 5 9 12 9 5
6 0 4 9 13 15 3 9
8 0 8 13 4 3 6 13
10 0 12 4 8 6 9 4
12 0 4 8 12 9 3 8
2 0 8 12 16 12 6 12
4 0 12 16 5 3 9 16
6 0 16 5 9 6 12 5
8 0 5 9 13 9 3 9
10 0 9 13 4 3 6 13
12 0 13 4 8 6 9 4
14 0 4 8 12 9 3 8
2 0 8 12 4 12 6 12
4 0 12 16 8 3 9 16
6 0 16 5 12 6 12 5
8 0 5 9 16 9 3 9
10 0 9 13 5 3 6 13
12 0 13 4 9 6 9 4
14 0 4 8 13 9 3 8
2 0 8 12 4 12 6 12
4 0 12 4 8 15 9 4
6 0 16 8 12 3 12 8
8 0 5 12 16 6 3 12
2 0 9 16 5 9 6 16
4 0 13 5 9 12 9 5
6 0 4 9 13 15 3 9
8 0 8 13 4 3 6 13
10 0 12 4 8 6 9 4
12 0 4 8 12 9 3 8
2 0 8 12 16 12 6 12
4 0 12 16 5 3 9 16
6 0 16 5 9 6 12 5
8 0 5 9 13 9 3 9
10 0 9 13 4 3 6 13
12 0 13 4 8 6 9 4
14 0 4 8 12 9 3 8
2 0 8 12 4 12 6 12
4 0 12 16 8 3 9 16
6 0 16 5 12 6 12 5
8 0 5 9 16 9 3 9
10 0 9 13 5 3 6 13
12 0 13 4 9 6 9 4
*
waitingTimeCarsGone
625
0
665
658
355
0
48
24
14
*
waitingTimeCarsLeft
0
17
0
9
3
2
0
2
2
