6
4 3 3 4 1 1 4 4
15
101
2391
5522.34
69.33334
33
carsInLane
4 3 3 4 1 1 4 4
8 6 6 4 2 2 8 4
12 9 3 8 3 3 4 8
4 3 6 12 4 4 8 12
8 6 9 4 5 5 12 4
12 9 3 8 6 6 4 8
4 3 6 12 7 7 8 12
8 6 9 16 1 1 12 16
12 9 12 5 2 2 16 5
16 12 3 9 3 3 5 9
5 3 6 13 4 4 9 13
9 6 9 4 5 5 13 4
13 9 3 8 6 6 4 8
4 3 6 12 7 7 8 12
8 6 9 16 1 1 12 16
12 9 12 5 2 2 16 5
16 12 3 9 3 3 5 9
5 3 6 13 4 4 9 13
9 6 9 4 5 5 13 4
13 9 3 8 6 6 4 8
4 3 6 12 7 7 8 12
8 6 9 16 1 1 12 16
12 9 12 5 2 2 16 5
16 12 3 9 3 3 5 9
5 3 6 13 4 4 9 13
9 6 9 4 5 5 13 4
13 9 3 8 6 6 4 8
4 3 6 12 7 7 8 12
8 6 9 16 1 1 12 16
12 9 12 5 2 2 16 5
16 12 3 9 3 3 5 9
5 3 6 13 4 4 9 13
9 6 9 4 5 5 13 4
13 9 3 8 6 6 4 8
4 3 6 12 7 7 8 12
8 6 9 16 1 1 12 16
12 9 12 5 2 2 16 5
16 12 3 9 3 3 5 9
5 3 6 13 4 4 9 13
9 6 9 4 5 5 13 4
13 9 3 8 6 6 4 8
4 3 6 12 7 7 8 12
8 6 9 16 1 1 12 16
12 9 12 5 2 2 16 5
16 12 3 9 3 3 5 9
5 3 6 13 4 4 9 13
9 6 9 4 5 5 13 4
13 9 3 8 6 6 4 8
4 3 6 12 7 7 8 12
8 6 9 16 1 1 12 16
12 9 12 5 2 2 16 5
16 12 3 9 3 3 5 9
5 3 6 13 4 4 9 13
9 6 9 4 5 5 13 4
13 9 3 8 6 6 4 8
4 3 6 12 7 7 8 12
8 6 9 16 1 1 12 16
12 9 12 5 2 2 16 5
16 12 3 9 3 3 5 9
5 3 6 13 4 4 9 13
9 6 9 4 5 5 13 4
13 9 3 8 6 6 4 8
4 3 6 12 7 7 8 12
8 6 9 16 1 1 12 16
12 9 12 5 2 2 16 5
16 12 3 9 3 3 5 9
5 3 6 13 4 4 9 13
9 6 9 4 5 5 13 4
13 9 3 8 6 6 4 8
4 3 6 12 7 7 8 12
8 6 9 16 1 1 12 16
12 9 12 5 2 2 16 5
16 12 3 9 3 3 5 9
5 3 6 13 4 4 9 13
9 6 9 4 5 5 13 4
13 9 3 8 6 6 4 8
4 3 6 12 7 7 8 12
8 6 9 16 1 1 12 16
12 9 12 5 2 2 16 5
16 12 3 9 3 3 5 9
5 3 6 13 4 4 9 13
9 6 9 4 5 5 13 4
13 9 3 8 6 6 4 8
4 3 6 12 7 7 8 12
8 6 9 16 1 1 12 16
12 9 12 5 2 2 16 5
16 12 3 9 3 3 5 9
5 3 6 13 4 4 9 13
9 6 9 4 5 5 13 4
13 9 3 8 6 6 4 8
4 3 6 12 7 7 8 12
8 6 9 16 1 1 12 16
12 9 12 5 2 2 16 5
16 12 3 9 3 3 5 9
5 3 6 13 4 4 9 13
9 6 9 4 5 5 13 4
13 9 3 8 6 6 4 8
4 3 6 12 7 7 8 12
8 6 9 16 1 1 12 16
12 9 12 5 2 2 16 5
16 12 3 9 3 3 5 9
*
waitingTimeCarsGone
610
0
658
651
388
0
28
28
28
*
waitingTimeCarsLeft
0
18
0
11
4
