9
4 3 3 4 1 1 4 4
15
101
2389
5589.671
78.66667
35
carsInLane
4 3 3 4 1 1 4 4
8 6 6 4 2 2 8 4
12 9 3 8 3 3 4 8
4 3 6 12 4 4 8 12
8 6 9 4 5 5 12 4
12 9 3 8 6 6 4 8
4 3 6 12 7 7 8 12
8 6 9 4 8 8 12 4
12 9 3 8 9 9 4 8
4 12 6 12 1 10 8 12
8 3 9 16 2 1 12 16
12 6 12 5 3 2 16 5
16 9 3 9 4 3 5 9
5 3 6 13 5 4 9 13
9 6 9 4 6 5 13 4
13 9 3 8 7 6 4 8
4 3 6 12 8 7 8 12
8 6 9 4 9 8 12 4
12 9 3 8 10 9 4 8
16 12 6 12 1 1 8 12
5 3 9 16 2 2 12 16
9 6 12 5 3 3 16 5
13 9 3 9 4 4 5 9
4 3 6 13 5 5 9 13
8 6 9 4 6 6 13 4
12 9 3 8 7 7 4 8
4 3 6 12 8 8 8 12
8 6 9 4 9 9 12 4
12 9 3 8 10 10 4 8
16 12 6 12 1 1 8 12
5 3 9 16 2 2 12 16
9 6 12 5 3 3 16 5
13 9 3 9 4 4 5 9
4 3 6 13 5 5 9 13
8 6 9 4 6 6 13 4
12 9 3 8 7 7 4 8
4 3 6 12 8 8 8 12
8 6 9 4 9 9 12 4
12 9 3 8 10 10 4 8
16 12 6 12 1 1 8 12
5 3 9 16 2 2 12 16
9 6 12 5 3 3 16 5
13 9 3 9 4 4 5 9
4 3 6 13 5 5 9 13
8 6 9 4 6 6 13 4
12 9 3 8 7 7 4 8
4 3 6 12 8 8 8 12
8 6 9 4 9 9 12 4
12 9 3 8 10 10 4 8
16 12 6 12 1 1 8 12
5 3 9 16 2 2 12 16
9 6 12 5 3 3 16 5
13 9 3 9 4 4 5 9
4 3 6 13 5 5 9 13
8 6 9 4 6 6 13 4
12 9 3 8 7 7 4 8
4 3 6 12 8 8 8 12
8 6 9 4 9 9 12 4
12 9 3 8 10 10 4 8
16 12 6 12 1 1 8 12
5 3 9 16 2 2 12 16
9 6 12 5 3 3 16 5
13 9 3 9 4 4 5 9
4 3 6 13 5 5 9 13
8 6 9 4 6 6 13 4
12 9 3 8 7 7 4 8
4 3 6 12 8 8 8 12
8 6 9 4 9 9 12 4
12 9 3 8 10 10 4 8
16 12 6 12 1 1 8 12
5 3 9 16 2 2 12 16
9 6 12 5 3 3 16 5
13 9 3 9 4 4 5 9
4 3 6 13 5 5 9 13
8 6 9 4 6 6 13 4
12 9 3 8 7 7 4 8
4 3 6 12 8 8 8 12
8 6 9 4 9 9 12 4
12 9 3 8 10 10 4 8
16 12 6 12 1 1 8 12
5 3 9 16 2 2 12 16
9 6 12 5 3 3 16 5
13 9 3 9 4 4 5 9
4 3 6 13 5 5 9 13
8 6 9 4 6 6 13 4
12 9 3 8 7 7 4 8
4 3 6 12 8 8 8 12
8 6 9 4 9 9 12 4
12 9 3 8 10 10 4 8
16 12 6 12 1 1 8 12
5 3 9 16 2 2 12 16
9 6 12 5 3 3 16 5
13 9 3 9 4 4 5 9
4 3 6 13 5 5 9 13
8 6 9 4 6 6 13 4
12 9 3 8 7 7 4 8
4 3 6 12 8 8 8 12
8 6 9 4 9 9 12 4
12 9 3 8 10 10 4 8
16 12 6 12 1 1 8 12
5 3 9 16 2 2 12 16
*
waitingTimeCarsGone
649
0
680
673
269
0
20
20
20
0
20
20
18
*
waitingTimeCarsLeft
0
18
0
10
7
