100
4 2 5 4 2 5 1 1
15
101
2370
7375.335
carsInLane
4 2 5 4 2 5 1 1
8 4 5 4 4 10 2 2
12 2 10 8 6 5 3 3
4 4 15 12 2 10 4 4
8 6 5 4 4 15 5 5
12 2 10 8 6 5 6 6
4 4 15 12 2 10 7 7
8 6 5 4 4 15 8 8
12 2 10 8 6 5 9 9
16 4 5 12 8 10 1 10
5 6 10 16 2 15 2 11
9 8 15 5 4 20 3 1
13 2 20 9 6 10 4 2
17 4 10 4 8 15 5 3
6 6 15 8 2 20 6 4
10 2 20 12 4 10 7 5
14 4 10 4 6 15 8 6
18 6 15 8 2 5 9 7
22 8 5 12 4 10 1 8
11 2 10 16 6 15 2 9
15 4 5 5 8 20 3 10
19 6 10 9 2 10 4 11
8 2 15 13 4 15 5 12
12 4 5 4 6 20 6 13
16 6 10 8 2 10 7 14
20 8 15 4 4 15 8 1
9 2 20 8 6 20 9 2
13 4 10 12 8 25 1 3
17 6 15 16 2 15 2 4
21 8 5 5 4 20 3 5
10 2 10 9 6 25 4 6
14 4 15 13 2 15 5 7
18 6 5 4 4 20 6 8
22 2 10 8 6 10 7 9
11 4 15 12 2 15 8 10
15 6 5 4 4 20 9 11
19 2 10 8 6 10 10 12
8 4 15 12 2 15 11 13
12 6 5 4 4 20 12 14
16 2 10 8 6 10 13 15
20 4 15 12 8 15 1 1
9 6 20 16 2 20 2 2
13 8 10 5 4 25 3 3
17 2 15 9 6 15 4 4
21 4 5 4 8 20 5 5
10 6 10 8 2 25 6 6
14 2 15 12 4 15 7 7
18 4 5 4 6 20 8 8
22 6 10 8 2 10 9 9
11 2 15 12 4 15 10 10
15 4 5 4 6 20 11 11
19 6 10 8 2 10 12 12
8 2 15 12 4 15 13 13
12 4 5 16 6 20 1 14
16 6 10 5 8 25 2 1
20 8 15 9 2 15 3 2
9 2 20 13 4 20 4 3
13 4 10 4 6 25 5 4
17 6 15 8 2 15 6 5
6 2 20 12 4 20 7 6
10 4 10 4 6 25 8 7
14 6 15 8 2 15 9 8
18 8 5 12 4 20 1 9
22 2 10 16 6 10 2 10
11 4 15 20 2 15 3 11
15 6 5 9 4 20 4 12
19 2 10 13 6 10 5 13
23 4 15 4 8 15 6 1
12 6 20 8 2 20 7 2
16 8 10 4 4 25 8 3
20 2 15 8 6 15 9 4
9 4 20 12 2 20 10 5
13 6 10 4 4 25 11 6
17 2 15 8 6 15 12 7
21 4 5 12 8 20 1 8
10 6 10 16 2 25 2 9
14 2 15 20 4 15 3 10
18 4 5 9 6 20 4 11
22 6 10 13 2 10 5 12
11 2 15 17 4 15 6 13
15 4 5 6 6 20 7 14
19 6 10 10 2 10 8 15
23 8 15 4 4 15 9 1
12 2 20 8 6 20 10 2
16 4 10 12 8 25 1 3
20 6 15 16 2 15 2 4
24 8 5 5 4 20 3 5
13 2 10 9 6 25 4 6
17 4 15 13 2 15 5 7
21 6 5 4 4 20 6 8
10 2 10 8 6 25 7 9
14 4 15 12 2 15 8 10
18 6 5 4 4 20 9 11
22 2 10 8 6 10 10 12
11 4 15 12 2 15 11 13
15 6 5 4 4 20 12 14
19 2 10 8 6 10 13 15
23 4 15 12 8 15 1 1
12 6 20 16 2 20 2 2
16 8 10 5 4 25 3 3
20 2 15 9 6 15 4 4
*
waitingTimeCarsGone
402
0
579
664
400
0
182
45
16
0
16
16
12
0
11
10
9
0
5
3
*
waitingTimeCarsLeft
0
22
0
17
13
2
