3
6 1 0 2 2 4 5 4
15
101
1992
21993.35
8949.333
432
51.99999
carsInLane
6 1 0 2 2 4 5 4
12 2 0 4 4 8 5 4
6 3 0 6 2 12 10 8
12 4 0 8 4 16 5 4
18 1 0 10 6 5 10 8
24 2 0 2 8 9 15 12
15 3 0 4 2 13 20 16
21 4 0 6 4 17 10 5
27 1 0 8 6 6 15 9
33 2 0 2 8 10 20 13
24 3 0 4 2 14 25 17
30 4 0 6 4 18 15 6
36 1 0 8 6 7 20 10
42 2 0 2 8 11 25 14
33 3 0 4 2 15 30 18
39 4 0 6 4 19 20 7
45 1 0 8 6 8 25 11
51 2 0 2 8 12 30 15
42 3 0 4 2 16 35 19
48 4 0 6 4 20 25 8
54 1 0 8 6 9 30 12
60 2 0 2 8 13 35 16
51 3 0 4 2 17 40 20
57 4 0 6 4 21 30 9
63 1 0 8 6 10 35 13
69 2 0 2 8 14 40 17
60 3 0 4 2 18 45 21
66 4 0 6 4 22 35 10
72 1 0 8 6 11 40 14
78 2 0 2 8 15 45 18
69 3 0 4 2 19 50 22
75 4 0 6 4 23 40 11
81 1 0 8 6 12 45 15
87 2 0 2 8 16 50 19
78 3 0 4 2 20 55 23
84 4 0 6 4 24 45 12
90 1 0 8 6 13 50 16
96 2 0 2 8 17 55 20
87 3 0 4 2 21 60 24
93 4 0 6 4 25 50 13
99 1 0 8 6 14 55 17
105 2 0 2 8 18 60 21
96 3 0 4 2 22 65 25
102 4 0 6 4 26 55 14
108 1 0 8 6 15 60 18
114 2 0 2 8 19 65 22
105 3 0 4 2 23 70 26
111 4 0 6 4 27 60 15
117 1 0 8 6 16 65 19
123 2 0 2 8 20 70 23
114 3 0 4 2 24 75 27
120 4 0 6 4 28 65 16
126 1 0 8 6 17 70 20
132 2 0 2 8 21 75 24
123 3 0 4 2 25 80 28
129 4 0 6 4 29 70 17
135 1 0 8 6 18 75 21
141 2 0 2 8 22 80 25
132 3 0 4 2 26 85 29
138 4 0 6 4 30 75 18
144 1 0 8 6 19 80 22
150 2 0 2 8 23 85 26
141 3 0 4 2 27 90 30
147 4 0 6 4 31 80 19
153 1 0 8 6 20 85 23
159 2 0 2 8 24 90 27
150 3 0 4 2 28 95 31
156 4 0 6 4 32 85 20
162 1 0 8 6 21 90 24
168 2 0 2 8 25 95 28
159 3 0 4 2 29 100 32
165 4 0 6 4 33 90 21
171 1 0 8 6 22 95 25
177 2 0 2 8 26 100 29
168 3 0 4 2 30 105 33
174 4 0 6 4 34 95 22
180 1 0 8 6 23 100 26
186 2 0 2 8 27 105 30
177 3 0 4 2 31 110 34
183 4 0 6 4 35 100 23
189 1 0 8 6 24 105 27
195 2 0 2 8 28 110 31
186 3 0 4 2 32 115 35
192 4 0 6 4 36 105 24
198 1 0 8 6 25 110 28
204 2 0 2 8 29 115 32
195 3 0 4 2 33 120 36
201 4 0 6 4 37 110 25
207 1 0 8 6 26 115 29
213 2 0 2 8 30 120 33
204 3 0 4 2 34 125 37
210 4 0 6 4 38 115 26
216 1 0 8 6 27 120 30
222 2 0 2 8 31 125 34
213 3 0 4 2 35 130 38
219 4 0 6 4 39 120 27
225 1 0 8 6 28 125 31
231 2 0 2 8 32 130 35
222 3 0 4 2 36 135 39
228 4 0 6 4 40 125 28
234 1 0 8 6 29 130 32
*
waitingTimeCarsGone
161
0
192
215
258
0
146
144
138
0
104
72
43
0
24
24
27
0
24
24
27
0
24
24
27
0
24
24
27
0
24
24
27
0
19
14
12
0
9
9
12
0
9
9
12
0
9
9
12
0
6
3
*
waitingTimeCarsLeft
0
22
0
21
21
19
0
19
19
19
0
16
11
11
0
11
11
11
0
11
11
11
0
11
11
11
0
11
11
11
0
11
11
11
0
11
6
6
0
6
6
6
0
6
6
6
0
6
6
6
0
6
6
