1
3 3 2 2 6 4 3 1
15
101
2147
15906.31
carsInLane
3 3 2 2 6 4 3 1
6 6 4 4 6 4 6 2
9 9 2 6 12 8 3 3
12 12 4 2 18 12 6 1
3 3 6 4 24 16 9 2
6 6 8 6 15 5 12 3
9 9 2 8 21 9 3 4
12 12 4 2 27 13 6 1
3 3 6 4 33 17 9 2
6 6 8 6 24 6 12 3
9 9 2 8 30 10 3 4
12 12 4 2 36 14 6 1
3 3 6 4 42 18 9 2
6 6 8 6 33 7 12 3
9 9 2 8 39 11 3 4
12 12 4 2 45 15 6 1
3 3 6 4 51 19 9 2
6 6 8 6 42 8 12 3
9 9 2 8 48 12 3 4
12 12 4 2 54 16 6 1
3 3 6 4 60 20 9 2
6 6 8 6 51 9 12 3
9 9 2 8 57 13 3 4
12 12 4 2 63 17 6 1
3 3 6 4 69 21 9 2
6 6 8 6 60 10 12 3
9 9 2 8 66 14 3 4
12 12 4 2 72 18 6 1
3 3 6 4 78 22 9 2
6 6 8 6 69 11 12 3
9 9 2 8 75 15 3 4
12 12 4 2 81 19 6 1
3 3 6 4 87 23 9 2
6 6 8 6 78 12 12 3
9 9 2 8 84 16 3 4
12 12 4 2 90 20 6 1
3 3 6 4 96 24 9 2
6 6 8 6 87 13 12 3
9 9 2 8 93 17 3 4
12 12 4 2 99 21 6 1
3 3 6 4 105 25 9 2
6 6 8 6 96 14 12 3
9 9 2 8 102 18 3 4
12 12 4 2 108 22 6 1
3 3 6 4 114 26 9 2
6 6 8 6 105 15 12 3
9 9 2 8 111 19 3 4
12 12 4 2 117 23 6 1
3 3 6 4 123 27 9 2
6 6 8 6 114 16 12 3
9 9 2 8 120 20 3 4
12 12 4 2 126 24 6 1
3 3 6 4 132 28 9 2
6 6 8 6 123 17 12 3
9 9 2 8 129 21 3 4
12 12 4 2 135 25 6 1
3 3 6 4 141 29 9 2
6 6 8 6 132 18 12 3
9 9 2 8 138 22 3 4
12 12 4 2 144 26 6 1
3 3 6 4 150 30 9 2
6 6 8 6 141 19 12 3
9 9 2 8 147 23 3 4
12 12 4 2 153 27 6 1
3 3 6 4 159 31 9 2
6 6 8 6 150 20 12 3
9 9 2 8 156 24 3 4
12 12 4 2 162 28 6 1
3 3 6 4 168 32 9 2
6 6 8 6 159 21 12 3
9 9 2 8 165 25 3 4
12 12 4 2 171 29 6 1
3 3 6 4 177 33 9 2
6 6 8 6 168 22 12 3
9 9 2 8 174 26 3 4
12 12 4 2 180 30 6 1
3 3 6 4 186 34 9 2
6 6 8 6 177 23 12 3
9 9 2 8 183 27 3 4
12 12 4 2 189 31 6 1
3 3 6 4 195 35 9 2
6 6 8 6 186 24 12 3
9 9 2 8 192 28 3 4
12 12 4 2 198 32 6 1
3 3 6 4 204 36 9 2
6 6 8 6 195 25 12 3
9 9 2 8 201 29 3 4
12 12 4 2 207 33 6 1
3 3 6 4 213 37 9 2
6 6 8 6 204 26 12 3
9 9 2 8 210 30 3 4
12 12 4 2 216 34 6 1
3 3 6 4 222 38 9 2
6 6 8 6 213 27 12 3
9 9 2 8 219 31 3 4
12 12 4 2 225 35 6 1
3 3 6 4 231 39 9 2
6 6 8 6 222 28 12 3
9 9 2 8 228 32 3 4
12 12 4 2 234 36 6 1
3 3 6 4 240 40 9 2
*
waitingTimeCarsGone
366
0
375
389
408
0
69
69
69
0
51
35
22
0
9
9
12
0
9
9
12
0
9
9
12
0
9
9
12
0
9
9
12
0
9
9
12
0
9
9
12
0
9
9
12
0
9
9
12
0
9
9
6
*
waitingTimeCarsLeft
0
24
0
18
15
10
0
10
10
7
0
6
6
6
0
6
6
6
0
6
6
6
0
6
6
6
0
6
6
6
0
6
6
6
0
6
6
6
0
6
6
6
0
6
6
6
0
6
6
6
0
3
