5
6 1 0 2 2 4 5 4
15
101
2145
18139
3302.667
279
32.33334
carsInLane
6 1 0 2 2 4 5 4
12 2 0 4 4 8 5 4
6 3 0 6 2 12 10 8
12 4 0 8 4 16 5 4
18 1 0 10 6 5 10 8
9 2 0 12 2 9 15 12
15 3 0 2 4 13 20 16
21 4 0 4 6 17 10 5
12 5 0 6 2 21 15 9
18 1 0 8 4 10 20 13
24 2 0 10 6 14 10 4
15 3 0 12 2 18 15 8
21 4 0 2 4 22 20 12
27 5 0 4 6 26 10 4
18 6 0 6 2 30 15 8
24 1 0 8 4 19 20 12
30 2 0 10 6 23 10 4
21 3 0 12 2 27 15 8
27 4 0 2 4 31 20 12
33 1 0 4 6 20 25 16
39 2 0 6 8 24 15 5
30 3 0 8 2 28 20 9
21 1 0 10 4 32 25 13
27 2 0 12 6 36 15 4
33 3 0 2 8 40 20 8
39 4 0 4 2 29 25 12
30 1 0 6 4 33 30 16
36 2 0 8 6 37 20 5
42 3 0 10 2 26 25 9
33 1 0 12 4 30 30 13
39 2 0 2 6 34 35 17
45 3 0 4 8 38 25 6
36 4 0 6 2 42 30 10
42 1 0 8 4 31 35 14
48 2 0 10 6 35 25 4
39 3 0 12 2 39 30 8
45 4 0 2 4 43 35 12
36 5 0 4 2 47 40 16
42 6 0 6 4 51 30 5
48 1 0 8 6 40 35 9
39 2 0 10 2 44 40 13
45 3 0 12 4 48 30 4
51 4 0 2 6 52 35 8
57 5 0 4 2 41 40 12
48 1 0 6 4 45 45 16
54 2 0 8 6 49 35 5
45 3 0 10 2 53 40 9
51 1 0 12 4 42 45 13
57 2 0 2 6 46 50 17
63 3 0 4 8 50 40 6
54 4 0 6 2 54 45 10
60 1 0 8 4 43 50 14
51 2 0 10 2 47 55 18
57 3 0 12 4 51 45 7
63 4 0 2 6 55 50 11
54 5 0 4 2 59 55 15
60 6 0 6 4 63 45 4
66 1 0 8 6 52 50 8
57 2 0 10 2 56 55 12
63 3 0 12 4 60 45 4
69 4 0 2 6 64 50 8
60 5 0 4 2 68 55 12
66 1 0 6 4 57 60 16
72 2 0 8 6 61 50 5
63 3 0 10 2 65 55 9
69 1 0 12 4 54 60 13
75 2 0 2 6 58 65 17
81 3 0 4 8 62 55 6
72 4 0 6 2 66 60 10
63 1 0 8 4 70 65 14
69 2 0 10 6 74 55 4
75 3 0 12 2 63 60 8
81 4 0 2 4 67 65 12
72 5 0 4 2 71 70 16
78 6 0 6 4 75 60 5
84 1 0 8 6 64 65 9
75 2 0 10 2 68 70 13
81 3 0 12 4 72 60 4
87 4 0 2 6 76 65 8
78 5 0 4 2 80 70 12
84 1 0 6 4 69 75 16
90 2 0 8 6 73 65 5
81 3 0 10 2 77 70 9
72 1 0 12 4 81 75 13
78 2 0 2 6 85 80 17
84 3 0 4 8 89 70 6
90 4 0 6 2 78 75 10
81 1 0 8 4 82 80 14
87 2 0 10 6 86 70 4
78 3 0 12 2 90 75 8
84 4 0 2 4 94 80 12
90 1 0 4 6 83 85 16
96 2 0 6 8 87 75 5
87 3 0 8 2 91 80 9
93 1 0 10 4 80 85 13
99 2 0 12 6 84 75 4
105 3 0 2 8 88 80 8
96 4 0 4 2 92 85 12
87 1 0 6 4 96 90 16
93 2 0 8 6 100 80 5
99 3 0 10 2 89 85 9
*
waitingTimeCarsGone
237
0
284
288
210
0
113
108
80
0
70
70
83
0
78
77
88
0
84
74
68
0
40
20
11
0
13
12
15
0
12
6
4
*
waitingTimeCarsLeft
0
23
0
21
18
17
0
17
15
15
0
15
15
15
0
15
15
15
0
15
9
9
0
9
4
4
0
4
4
4
0
1
