10
6 1 0 2 2 4 5 4
15
101
2186
16430
2678.667
238
40
carsInLane
6 1 0 2 2 4 5 4
12 2 0 4 4 8 5 4
6 3 0 6 2 12 10 8
12 4 0 8 4 16 5 4
18 1 0 10 6 5 10 8
9 2 0 12 2 9 15 12
15 3 0 14 4 13 5 4
6 4 0 16 2 17 10 8
12 5 0 3 4 21 15 4
18 1 0 5 6 10 20 8
24 2 0 7 8 14 10 4
30 3 0 2 10 18 15 8
21 4 0 4 2 22 20 12
27 5 0 6 4 26 10 4
18 1 0 8 6 30 15 8
24 2 0 10 2 19 20 12
30 3 0 12 4 23 10 4
21 4 0 14 2 27 15 8
27 1 0 16 4 16 20 12
33 2 0 18 6 20 10 4
24 3 0 20 2 24 15 8
30 4 0 7 4 28 20 4
36 5 0 9 6 32 10 8
27 6 0 11 2 36 15 12
33 1 0 13 4 25 20 16
24 2 0 15 2 29 25 20
30 3 0 17 4 33 15 9
36 4 0 19 2 22 20 13
27 1 0 21 4 26 25 17
33 2 0 23 6 30 15 6
24 3 0 25 2 34 20 10
30 1 0 27 4 23 25 14
36 2 0 14 6 27 30 18
42 3 0 16 8 31 20 7
33 4 0 18 2 35 25 11
39 1 0 20 4 24 30 15
45 2 0 22 6 28 20 4
36 3 0 24 2 32 25 8
27 1 0 26 4 36 30 12
33 2 0 28 6 40 20 4
39 3 0 30 2 29 25 8
30 1 0 32 4 33 30 12
36 2 0 19 6 37 35 4
42 3 0 21 8 41 25 8
33 4 0 23 2 45 30 12
39 1 0 25 4 34 35 16
45 2 0 27 6 38 25 5
36 3 0 29 2 42 30 9
42 1 0 31 4 31 35 13
48 2 0 33 6 35 25 4
39 3 0 35 2 39 30 8
45 4 0 22 4 43 35 4
36 5 0 24 2 47 40 8
42 1 0 26 4 36 45 12
48 2 0 28 6 40 35 16
39 3 0 30 2 44 40 20
45 4 0 32 4 48 30 9
51 1 0 34 6 37 35 13
42 2 0 36 2 41 40 17
48 3 0 38 4 45 30 6
39 4 0 40 2 49 35 10
45 1 0 42 4 38 40 14
51 2 0 29 6 42 45 18
57 3 0 31 8 46 35 7
48 4 0 33 2 50 40 11
54 1 0 35 4 39 45 15
60 2 0 37 6 43 35 4
51 3 0 39 2 47 40 8
42 1 0 41 4 51 45 12
48 2 0 43 6 55 35 4
54 3 0 45 2 44 40 8
45 1 0 47 4 48 45 12
51 2 0 34 6 52 50 4
57 3 0 36 8 56 40 8
48 4 0 38 2 60 45 12
54 1 0 40 4 49 50 16
60 2 0 42 6 53 40 5
51 3 0 44 2 57 45 9
57 1 0 46 4 46 50 13
63 2 0 48 6 50 40 4
54 3 0 50 2 54 45 8
60 4 0 37 4 58 50 4
51 5 0 39 2 62 55 8
57 1 0 41 4 51 60 12
63 2 0 43 6 55 50 16
54 3 0 45 2 59 55 20
60 4 0 47 4 63 45 9
66 1 0 49 6 52 50 13
57 2 0 51 2 56 55 17
63 3 0 53 4 60 45 6
54 4 0 55 2 64 50 10
60 1 0 57 4 53 55 14
66 2 0 44 6 57 60 18
72 3 0 46 8 61 50 7
63 4 0 48 2 65 55 11
69 1 0 50 4 54 60 15
75 2 0 52 6 58 50 4
66 3 0 54 2 62 55 8
57 1 0 56 4 66 60 12
63 2 0 58 6 70 50 4
69 3 0 60 2 59 55 8
*
waitingTimeCarsGone
229
0
278
250
197
0
150
141
144
0
145
148
142
0
103
69
37
0
34
31
23
0
11
8
6
0
6
6
6
0
6
5
4
0
2
2
2
0
1
*
waitingTimeCarsLeft
0
23
0
21
17
17
0
17
17
17
0
17
17
11
0
11
6
6
0
6
5
2
0
2
2
2
0
2
2
2
0
2
2
2
0
2
2
2
0
2
2
