7
6 1 0 2 2 4 5 4
15
101
2199
15965
2164
225
27
carsInLane
6 1 0 2 2 4 5 4
12 2 0 4 4 8 5 4
6 3 0 6 2 12 10 8
12 4 0 8 4 16 5 4
18 1 0 10 6 5 10 8
9 2 0 12 2 9 15 12
15 3 0 14 4 13 5 4
6 4 0 16 2 17 10 8
12 5 0 3 4 21 15 12
18 6 0 5 6 25 5 4
24 1 0 7 8 14 10 8
15 2 0 9 2 18 15 12
21 3 0 11 4 22 5 4
27 4 0 13 2 11 10 8
18 1 0 15 4 15 15 12
24 2 0 2 6 19 20 4
30 3 0 4 8 23 10 8
21 4 0 6 2 27 15 12
27 1 0 8 4 16 20 16
33 2 0 10 6 20 10 5
24 3 0 12 2 24 15 9
30 1 0 14 4 13 20 13
21 2 0 16 2 17 25 17
27 3 0 3 4 21 30 21
33 4 0 5 6 25 20 10
24 5 0 7 2 29 25 14
30 6 0 9 4 33 15 4
36 1 0 11 6 22 20 8
27 2 0 13 2 26 25 12
33 3 0 15 4 30 15 4
24 4 0 17 2 34 20 8
30 5 0 4 4 38 25 12
36 1 0 6 6 27 30 16
42 2 0 8 8 31 20 5
33 3 0 10 2 35 25 9
39 1 0 12 4 24 30 13
30 2 0 14 2 28 35 17
36 3 0 16 4 32 25 6
27 4 0 18 2 36 30 10
33 5 0 5 4 40 35 14
39 6 0 7 6 44 25 4
45 1 0 9 8 33 30 8
36 2 0 11 2 37 35 12
42 3 0 13 4 41 25 4
33 4 0 15 2 45 30 8
39 1 0 17 4 34 35 12
45 2 0 19 6 38 25 4
51 3 0 6 8 42 30 8
42 4 0 8 2 46 35 12
48 1 0 10 4 35 40 16
54 2 0 12 6 39 30 5
45 3 0 14 2 43 35 9
36 1 0 16 4 47 40 13
42 2 0 18 6 51 30 4
48 3 0 20 2 40 35 8
54 4 0 7 4 44 40 12
45 5 0 9 2 48 45 16
51 6 0 11 4 52 35 5
57 1 0 13 6 41 40 9
48 2 0 15 2 45 45 13
54 3 0 17 4 49 35 4
45 4 0 19 2 53 40 8
51 1 0 21 4 42 45 12
57 2 0 8 6 46 50 16
63 3 0 10 8 50 40 5
54 4 0 12 2 54 45 9
60 1 0 14 4 43 50 13
51 2 0 16 2 47 55 17
57 3 0 18 4 51 45 6
48 4 0 20 2 55 50 10
54 5 0 22 4 59 40 4
60 6 0 9 6 63 45 8
66 1 0 11 8 52 50 12
57 2 0 13 2 56 55 16
63 3 0 15 4 60 45 5
54 4 0 17 2 64 50 9
60 1 0 19 4 53 55 13
66 2 0 21 6 57 45 4
57 3 0 23 2 61 50 8
63 4 0 10 4 65 55 12
69 1 0 12 6 54 60 16
75 2 0 14 8 58 50 5
66 3 0 16 2 62 55 9
57 1 0 18 4 66 60 13
63 2 0 20 6 70 50 4
69 3 0 22 2 59 55 8
60 1 0 24 4 63 60 12
66 2 0 11 6 67 65 16
72 3 0 13 8 71 55 5
63 4 0 15 2 75 60 9
69 1 0 17 4 64 65 13
75 2 0 19 6 68 55 4
66 3 0 21 2 72 60 8
72 1 0 23 4 61 65 12
78 2 0 25 6 65 55 4
84 3 0 12 8 69 60 8
75 4 0 14 2 73 65 12
66 1 0 16 4 77 70 16
72 2 0 18 6 81 60 5
78 3 0 20 2 70 65 9
69 1 0 22 4 74 70 13
*
waitingTimeCarsGone
246
0
275
268
210
0
148
144
122
0
116
132
123
0
134
95
71
0
32
19
23
0
15
14
7
0
4
1
*
waitingTimeCarsLeft
0
20
0
19
17
17
0
17
17
17
0
17
17
17
0
17
7
4
0
4
4
4
0
4
4
2
