4
4 2 5 4 2 5 1 1
15
101
2194
15713.99
carsInLane
4 2 5 4 2 5 1 1
8 4 5 4 4 10 2 2
12 2 10 8 6 5 3 3
4 4 15 12 2 10 4 4
8 6 5 4 4 15 5 5
12 8 10 8 6 20 1 1
16 2 15 12 8 10 2 2
20 4 5 4 10 15 3 3
9 6 10 8 2 20 4 4
13 2 15 12 4 10 5 5
17 4 20 16 6 15 1 1
21 6 10 5 8 20 2 2
10 8 15 9 2 25 3 3
14 2 20 13 4 15 4 4
18 4 10 4 6 20 5 5
22 6 15 8 8 25 1 1
26 8 20 12 2 15 2 2
15 2 25 16 4 20 3 3
19 4 15 5 6 25 4 4
23 6 20 9 2 15 5 5
27 8 25 13 4 20 1 1
31 10 15 4 6 25 2 2
20 2 20 8 8 30 3 3
24 4 25 12 2 20 4 4
28 6 15 4 4 25 5 5
32 8 20 8 6 30 1 1
21 2 25 12 8 35 2 2
25 4 30 16 2 25 3 3
29 6 20 5 4 30 4 4
33 2 25 9 6 20 5 5
37 4 30 13 8 25 1 1
26 6 35 17 2 30 2 2
30 8 25 6 4 35 3 3
34 2 30 10 6 25 4 4
23 4 35 14 2 30 5 5
27 6 40 18 4 35 1 1
31 8 30 7 6 40 2 2
35 2 35 11 8 30 3 3
39 4 25 4 10 35 4 4
28 6 30 8 2 40 5 5
32 8 35 12 4 45 1 1
36 2 40 16 6 35 2 2
40 4 30 5 8 40 3 3
29 6 35 9 2 45 4 4
33 2 40 13 4 35 5 5
37 4 45 17 6 40 1 1
41 6 35 6 8 45 2 2
45 8 40 10 2 35 3 3
34 2 45 14 4 40 4 4
38 4 35 4 6 45 5 5
42 6 40 8 8 50 1 1
46 8 45 12 2 40 2 2
50 10 35 4 4 45 3 3
39 2 40 8 6 50 4 4
43 4 45 12 2 40 5 5
47 6 50 16 4 45 1 1
51 8 40 5 6 50 2 2
40 2 45 9 8 55 3 3
44 4 50 13 2 45 4 4
48 6 40 4 4 50 5 5
52 8 45 8 6 55 1 1
56 2 50 12 8 45 2 2
45 4 55 16 2 50 3 3
49 6 45 5 4 55 4 4
53 2 50 9 6 45 5 5
57 4 55 13 8 50 1 1
61 6 45 4 10 55 2 2
50 8 50 8 2 60 3 3
54 2 55 12 4 50 4 4
58 4 45 4 6 55 5 5
62 6 50 8 8 60 1 1
51 8 55 12 2 65 2 2
55 2 60 16 4 55 3 3
59 4 50 5 6 60 4 4
63 6 55 9 2 50 5 5
67 8 60 13 4 55 1 1
56 2 65 17 6 60 2 2
60 4 55 6 8 65 3 3
64 6 60 10 2 55 4 4
53 2 65 14 4 60 5 5
57 4 70 18 6 65 1 1
61 6 60 7 8 70 2 2
65 8 65 11 2 60 3 3
69 10 55 4 4 65 4 4
58 2 60 8 6 70 5 5
62 4 65 12 8 75 1 1
66 6 70 16 2 65 2 2
70 8 60 5 4 70 3 3
74 2 65 9 6 60 4 4
63 4 70 13 2 65 5 5
67 6 75 17 4 70 1 1
71 8 65 6 6 75 2 2
75 2 70 10 8 65 3 3
64 4 75 14 2 70 4 4
68 6 65 4 4 75 5 5
72 8 70 8 6 80 1 1
76 2 75 12 8 70 2 2
80 4 65 4 10 75 3 3
69 6 70 8 2 80 4 4
73 2 75 12 4 70 5 5
77 4 80 16 6 75 1 1
*
waitingTimeCarsGone
263
0
302
327
261
0
147
69
90
0
90
99
85
0
80
71
85
0
82
61
38
0
18
13
9
0
4
*
waitingTimeCarsLeft
0
21
0
18
16
14
0
14
14
14
0
14
14
14
0
14
14
14
0
9
9
4
0
4
4
4
0
1
