2
4 2 5 4 2 5 1 1
15
101
2095
19851.69
carsInLane
4 2 5 4 2 5 1 1
8 4 5 4 4 10 2 2
12 2 10 8 6 5 3 3
4 4 15 12 2 10 4 4
8 6 20 16 4 15 1 1
12 8 10 5 6 20 2 2
16 2 15 9 8 10 3 3
5 4 20 13 2 15 4 4
9 6 25 17 4 20 1 1
13 8 15 6 6 25 2 2
17 2 20 10 8 15 3 3
6 4 25 14 2 20 4 4
10 6 30 18 4 25 1 1
14 8 20 7 6 30 2 2
18 2 25 11 8 20 3 3
7 4 30 15 2 25 4 4
11 6 35 19 4 30 1 1
15 8 25 8 6 35 2 2
19 2 30 12 8 25 3 3
8 4 35 16 2 30 4 4
12 6 40 20 4 35 1 1
16 8 30 9 6 40 2 2
20 2 35 13 8 30 3 3
9 4 40 17 2 35 4 4
13 6 45 21 4 40 1 1
17 8 35 10 6 45 2 2
21 2 40 14 8 35 3 3
10 4 45 18 2 40 4 4
14 6 50 22 4 45 1 1
18 8 40 11 6 50 2 2
22 2 45 15 8 40 3 3
11 4 50 19 2 45 4 4
15 6 55 23 4 50 1 1
19 8 45 12 6 55 2 2
23 2 50 16 8 45 3 3
12 4 55 20 2 50 4 4
16 6 60 24 4 55 1 1
20 8 50 13 6 60 2 2
24 2 55 17 8 50 3 3
13 4 60 21 2 55 4 4
17 6 65 25 4 60 1 1
21 8 55 14 6 65 2 2
25 2 60 18 8 55 3 3
14 4 65 22 2 60 4 4
18 6 70 26 4 65 1 1
22 8 60 15 6 70 2 2
26 2 65 19 8 60 3 3
15 4 70 23 2 65 4 4
19 6 75 27 4 70 1 1
23 8 65 16 6 75 2 2
27 2 70 20 8 65 3 3
16 4 75 24 2 70 4 4
20 6 80 28 4 75 1 1
24 8 70 17 6 80 2 2
28 2 75 21 8 70 3 3
17 4 80 25 2 75 4 4
21 6 85 29 4 80 1 1
25 8 75 18 6 85 2 2
29 2 80 22 8 75 3 3
18 4 85 26 2 80 4 4
22 6 90 30 4 85 1 1
26 8 80 19 6 90 2 2
30 2 85 23 8 80 3 3
19 4 90 27 2 85 4 4
23 6 95 31 4 90 1 1
27 8 85 20 6 95 2 2
31 2 90 24 8 85 3 3
20 4 95 28 2 90 4 4
24 6 100 32 4 95 1 1
28 8 90 21 6 100 2 2
32 2 95 25 8 90 3 3
21 4 100 29 2 95 4 4
25 6 105 33 4 100 1 1
29 8 95 22 6 105 2 2
33 2 100 26 8 95 3 3
22 4 105 30 2 100 4 4
26 6 110 34 4 105 1 1
30 8 100 23 6 110 2 2
34 2 105 27 8 100 3 3
23 4 110 31 2 105 4 4
27 6 115 35 4 110 1 1
31 8 105 24 6 115 2 2
35 2 110 28 8 105 3 3
24 4 115 32 2 110 4 4
28 6 120 36 4 115 1 1
32 8 110 25 6 120 2 2
36 2 115 29 8 110 3 3
25 4 120 33 2 115 4 4
29 6 125 37 4 120 1 1
33 8 115 26 6 125 2 2
37 2 120 30 8 115 3 3
26 4 125 34 2 120 4 4
30 6 130 38 4 125 1 1
34 8 120 27 6 130 2 2
38 2 125 31 8 120 3 3
27 4 130 35 2 125 4 4
31 6 135 39 4 130 1 1
35 8 125 28 6 135 2 2
39 2 130 32 8 125 3 3
28 4 135 36 2 130 4 4
32 6 140 40 4 135 1 1
*
waitingTimeCarsGone
180
0
213
248
284
0
150
150
141
0
110
78
46
0
30
30
30
0
30
30
30
0
30
30
30
0
30
30
30
0
30
30
30
0
25
15
5
*
waitingTimeCarsLeft
0
24
0
22
20
18
0
18
18
15
0
14
10
10
0
10
10
10
0
10
10
10
0
10
10
10
0
10
10
10
0
10
10
10
0
5
5
