1
5 4 1 5 3 2 3 1
15
101
2125
18489.67
carsInLane
5 4 1 5 3 2 3 1
5 4 2 10 6 4 6 2
10 8 1 15 9 6 3 3
15 12 2 5 12 8 6 1
20 16 3 10 3 2 9 2
10 5 4 15 6 4 12 3
15 9 1 20 9 6 3 4
20 13 2 10 12 8 6 1
25 17 3 15 3 2 9 2
15 6 4 20 6 4 12 3
20 10 1 25 9 6 3 4
25 14 2 15 12 8 6 1
30 18 3 20 3 2 9 2
20 7 4 25 6 4 12 3
25 11 1 30 9 6 3 4
30 15 2 20 12 8 6 1
35 19 3 25 3 2 9 2
25 8 4 30 6 4 12 3
30 12 1 35 9 6 3 4
35 16 2 25 12 8 6 1
40 20 3 30 3 2 9 2
30 9 4 35 6 4 12 3
35 13 1 40 9 6 3 4
40 17 2 30 12 8 6 1
45 21 3 35 3 2 9 2
35 10 4 40 6 4 12 3
40 14 1 45 9 6 3 4
45 18 2 35 12 8 6 1
50 22 3 40 3 2 9 2
40 11 4 45 6 4 12 3
45 15 1 50 9 6 3 4
50 19 2 40 12 8 6 1
55 23 3 45 3 2 9 2
45 12 4 50 6 4 12 3
50 16 1 55 9 6 3 4
55 20 2 45 12 8 6 1
60 24 3 50 3 2 9 2
50 13 4 55 6 4 12 3
55 17 1 60 9 6 3 4
60 21 2 50 12 8 6 1
65 25 3 55 3 2 9 2
55 14 4 60 6 4 12 3
60 18 1 65 9 6 3 4
65 22 2 55 12 8 6 1
70 26 3 60 3 2 9 2
60 15 4 65 6 4 12 3
65 19 1 70 9 6 3 4
70 23 2 60 12 8 6 1
75 27 3 65 3 2 9 2
65 16 4 70 6 4 12 3
70 20 1 75 9 6 3 4
75 24 2 65 12 8 6 1
80 28 3 70 3 2 9 2
70 17 4 75 6 4 12 3
75 21 1 80 9 6 3 4
80 25 2 70 12 8 6 1
85 29 3 75 3 2 9 2
75 18 4 80 6 4 12 3
80 22 1 85 9 6 3 4
85 26 2 75 12 8 6 1
90 30 3 80 3 2 9 2
80 19 4 85 6 4 12 3
85 23 1 90 9 6 3 4
90 27 2 80 12 8 6 1
95 31 3 85 3 2 9 2
85 20 4 90 6 4 12 3
90 24 1 95 9 6 3 4
95 28 2 85 12 8 6 1
100 32 3 90 3 2 9 2
90 21 4 95 6 4 12 3
95 25 1 100 9 6 3 4
100 29 2 90 12 8 6 1
105 33 3 95 3 2 9 2
95 22 4 100 6 4 12 3
100 26 1 105 9 6 3 4
105 30 2 95 12 8 6 1
110 34 3 100 3 2 9 2
100 23 4 105 6 4 12 3
105 27 1 110 9 6 3 4
110 31 2 100 12 8 6 1
115 35 3 105 3 2 9 2
105 24 4 110 6 4 12 3
110 28 1 115 9 6 3 4
115 32 2 105 12 8 6 1
120 36 3 110 3 2 9 2
110 25 4 115 6 4 12 3
115 29 1 120 9 6 3 4
120 33 2 110 12 8 6 1
125 37 3 115 3 2 9 2
115 26 4 120 6 4 12 3
120 30 1 125 9 6 3 4
125 34 2 115 12 8 6 1
130 38 3 120 3 2 9 2
120 27 4 125 6 4 12 3
125 31 1 130 9 6 3 4
130 35 2 120 12 8 6 1
135 39 3 125 3 2 9 2
125 28 4 130 6 4 12 3
130 32 1 135 9 6 3 4
135 36 2 125 12 8 6 1
140 40 3 130 3 2 9 2
*
waitingTimeCarsGone
270
0
287
309
329
0
90
90
87
0
72
56
40
0
30
30
30
0
30
30
30
0
30
30
30
0
30
30
30
0
30
30
30
0
25
15
5
*
waitingTimeCarsLeft
0
24
0
19
18
14
0
14
14
11
0
10
10
10
0
10
10
10
0
10
10
10
0
10
10
10
0
10
10
10
0
10
10
10
0
5
