10
1 4 3 3 2 4 3 4
15
101
2387
5654.34
117.3333
37
12.33333
carsInLane
1 4 3 3 2 4 3 4
2 4 6 6 4 4 6 8
3 8 9 3 6 8 9 4
4 12 3 6 8 12 3 8
5 4 6 9 10 4 6 12
6 8 9 3 12 8 9 4
7 12 12 6 2 4 12 8
8 16 3 9 4 8 3 12
9 5 6 12 6 4 6 16
10 9 9 3 8 8 9 5
1 4 12 6 10 12 12 9
2 8 3 9 12 16 3 13
3 12 6 12 2 5 6 17
4 16 9 3 4 9 9 6
5 5 12 6 6 4 12 10
6 9 3 9 8 8 3 14
7 13 6 3 10 12 6 4
8 4 9 6 12 4 9 8
1 8 12 9 2 8 12 12
2 12 3 12 4 12 3 16
3 16 6 3 6 16 6 5
4 5 9 6 8 5 9 9
5 9 3 9 10 9 3 13
6 13 6 3 12 13 6 4
7 4 9 6 14 4 9 8
1 8 12 9 2 8 12 12
2 12 3 12 4 12 3 16
3 16 6 3 6 16 6 5
4 5 9 6 8 5 9 9
5 9 3 9 10 9 3 13
6 13 6 3 12 13 6 4
7 4 9 6 14 4 9 8
1 8 12 9 2 8 12 12
2 12 3 12 4 12 3 16
3 16 6 3 6 16 6 5
4 5 9 6 8 5 9 9
5 9 3 9 10 9 3 13
6 13 6 3 12 13 6 4
7 4 9 6 14 4 9 8
1 8 12 9 2 8 12 12
2 12 3 12 4 12 3 16
3 16 6 3 6 16 6 5
4 5 9 6 8 5 9 9
5 9 3 9 10 9 3 13
6 13 6 3 12 13 6 4
7 4 9 6 14 4 9 8
1 8 12 9 2 8 12 12
2 12 3 12 4 12 3 16
3 16 6 3 6 16 6 5
4 5 9 6 8 5 9 9
5 9 3 9 10 9 3 13
6 13 6 3 12 13 6 4
7 4 9 6 14 4 9 8
1 8 12 9 2 8 12 12
2 12 3 12 4 12 3 16
3 16 6 3 6 16 6 5
4 5 9 6 8 5 9 9
5 9 3 9 10 9 3 13
6 13 6 3 12 13 6 4
7 4 9 6 14 4 9 8
1 8 12 9 2 8 12 12
2 12 3 12 4 12 3 16
3 16 6 3 6 16 6 5
4 5 9 6 8 5 9 9
5 9 3 9 10 9 3 13
6 13 6 3 12 13 6 4
7 4 9 6 14 4 9 8
1 8 12 9 2 8 12 12
2 12 3 12 4 12 3 16
3 16 6 3 6 16 6 5
4 5 9 6 8 5 9 9
5 9 3 9 10 9 3 13
6 13 6 3 12 13 6 4
7 4 9 6 14 4 9 8
1 8 12 9 2 8 12 12
2 12 3 12 4 12 3 16
3 16 6 3 6 16 6 5
4 5 9 6 8 5 9 9
5 9 3 9 10 9 3 13
6 13 6 3 12 13 6 4
7 4 9 6 14 4 9 8
1 8 12 9 2 8 12 12
2 12 3 12 4 12 3 16
3 16 6 3 6 16 6 5
4 5 9 6 8 5 9 9
5 9 3 9 10 9 3 13
6 13 6 3 12 13 6 4
7 4 9 6 14 4 9 8
1 8 12 9 2 8 12 12
2 12 3 12 4 12 3 16
3 16 6 3 6 16 6 5
4 5 9 6 8 5 9 9
5 9 3 9 10 9 3 13
6 13 6 3 12 13 6 4
7 4 9 6 14 4 9 8
1 8 12 9 2 8 12 12
2 12 3 12 4 12 3 16
3 16 6 3 6 16 6 5
4 5 9 6 8 5 9 9
5 9 3 9 10 9 3 13
6 13 6 3 12 13 6 4
*
waitingTimeCarsGone
614
0
648
627
376
0
42
41
35
0
2
1
1
*
waitingTimeCarsLeft
0
16
0
9
3
3
0
3
3
