8
1 4 3 3 2 4 3 4
15
101
2381
5735.007
96.00001
43
11
carsInLane
1 4 3 3 2 4 3 4
2 4 6 6 4 4 6 8
3 8 9 3 6 8 9 4
4 12 3 6 8 12 3 8
5 4 6 9 10 4 6 12
6 8 9 3 12 8 9 4
7 12 12 6 2 4 12 8
8 16 3 9 4 8 3 12
9 5 6 12 6 4 6 16
1 9 9 15 2 8 9 20
2 13 12 3 4 12 12 9
3 4 15 6 6 4 15 13
4 8 3 9 8 8 3 17
5 12 6 3 10 12 6 6
6 4 9 6 12 4 9 10
7 8 12 9 14 8 3 4
8 12 15 12 2 4 6 8
9 16 3 3 4 8 9 12
1 5 6 6 6 12 12 16
2 9 9 9 8 16 3 5
3 4 12 12 10 5 6 9
4 8 3 3 12 9 9 13
5 12 6 6 14 13 3 4
6 16 9 9 2 4 6 8
1 5 12 12 4 8 9 12
2 9 15 3 6 12 12 4
3 13 3 6 8 16 3 8
4 4 6 9 10 5 6 12
5 8 9 3 12 9 9 4
6 12 12 6 2 4 12 8
7 16 3 9 4 8 3 12
8 5 6 12 6 4 6 16
9 9 9 3 8 8 9 5
1 13 12 6 2 12 12 9
2 4 15 9 4 4 15 13
3 8 3 12 6 8 3 17
4 12 6 3 8 12 6 6
5 4 9 6 10 4 9 10
6 8 12 9 12 8 3 4
7 12 3 3 14 12 6 8
8 16 6 6 2 4 9 12
1 5 9 9 4 8 12 16
2 9 12 12 6 12 3 5
3 13 3 3 8 16 6 9
4 4 6 6 10 5 9 13
5 8 9 9 12 9 3 4
6 12 12 12 2 4 6 8
7 16 3 3 4 8 9 12
8 5 6 6 6 4 12 16
9 9 9 9 8 8 3 5
1 13 12 12 2 12 6 9
2 4 15 15 4 4 9 13
3 8 3 3 6 8 12 17
4 12 6 6 8 12 3 6
5 4 9 9 10 4 6 10
6 8 12 3 12 8 9 4
7 12 3 6 14 12 3 8
8 16 6 9 2 4 6 12
1 5 9 12 4 8 9 16
2 9 12 3 6 12 12 5
3 13 3 6 8 16 3 9
4 4 6 9 10 5 6 13
5 8 9 3 12 9 9 4
6 12 12 6 2 4 12 8
7 16 3 9 4 8 3 12
8 5 6 12 6 4 6 16
9 9 9 3 8 8 9 5
1 13 12 6 2 12 12 9
2 4 15 9 4 4 15 13
3 8 3 12 6 8 3 17
4 12 6 3 8 12 6 6
5 4 9 6 10 4 9 10
6 8 12 9 12 8 3 4
7 12 3 3 14 12 6 8
8 16 6 6 2 4 9 12
1 5 9 9 4 8 12 16
2 9 12 12 6 12 3 5
3 13 3 3 8 16 6 9
4 4 6 6 10 5 9 13
5 8 9 9 12 9 3 4
6 12 12 12 2 4 6 8
7 16 3 3 4 8 9 12
8 5 6 6 6 4 12 16
9 9 9 9 8 8 3 5
1 13 12 12 2 12 6 9
2 4 15 15 4 4 9 13
3 8 3 3 6 8 12 17
4 12 6 6 8 12 3 6
5 4 9 9 10 4 6 10
6 8 12 3 12 8 9 4
7 12 3 6 14 12 3 8
8 16 6 9 2 4 6 12
1 5 9 12 4 8 9 16
2 9 12 3 6 12 12 5
3 13 3 6 8 16 3 9
4 4 6 9 10 5 6 13
5 8 9 3 12 9 9 4
6 12 12 6 2 4 12 8
7 16 3 9 4 8 3 12
8 5 6 12 6 4 6 16
9 9 9 3 8 8 9 5
*
waitingTimeCarsGone
618
0
651
585
366
0
84
36
23
0
11
7
*
waitingTimeCarsLeft
0
21
0
15
7
