2
5 4 1 5 3 2 3 1
15
101
2123
18483.67
carsInLane
5 4 1 5 3 2 3 1
5 4 2 10 6 4 6 2
10 8 3 5 9 6 9 1
15 12 1 10 12 8 3 2
20 16 2 15 3 2 6 3
10 5 3 20 6 4 9 4
15 9 4 10 9 6 12 1
20 13 1 15 12 8 3 2
25 17 2 20 3 2 6 3
15 6 3 25 6 4 9 4
20 10 4 15 9 6 12 1
25 14 1 20 12 8 3 2
30 18 2 25 3 2 6 3
20 7 3 30 6 4 9 4
25 11 4 20 9 6 12 1
30 15 1 25 12 8 3 2
35 19 2 30 3 2 6 3
25 8 3 35 6 4 9 4
30 12 4 25 9 6 12 1
35 16 1 30 12 8 3 2
40 20 2 35 3 2 6 3
30 9 3 40 6 4 9 4
35 13 4 30 9 6 12 1
40 17 1 35 12 8 3 2
45 21 2 40 3 2 6 3
35 10 3 45 6 4 9 4
40 14 4 35 9 6 12 1
45 18 1 40 12 8 3 2
50 22 2 45 3 2 6 3
40 11 3 50 6 4 9 4
45 15 4 40 9 6 12 1
50 19 1 45 12 8 3 2
55 23 2 50 3 2 6 3
45 12 3 55 6 4 9 4
50 16 4 45 9 6 12 1
55 20 1 50 12 8 3 2
60 24 2 55 3 2 6 3
50 13 3 60 6 4 9 4
55 17 4 50 9 6 12 1
60 21 1 55 12 8 3 2
65 25 2 60 3 2 6 3
55 14 3 65 6 4 9 4
60 18 4 55 9 6 12 1
65 22 1 60 12 8 3 2
70 26 2 65 3 2 6 3
60 15 3 70 6 4 9 4
65 19 4 60 9 6 12 1
70 23 1 65 12 8 3 2
75 27 2 70 3 2 6 3
65 16 3 75 6 4 9 4
70 20 4 65 9 6 12 1
75 24 1 70 12 8 3 2
80 28 2 75 3 2 6 3
70 17 3 80 6 4 9 4
75 21 4 70 9 6 12 1
80 25 1 75 12 8 3 2
85 29 2 80 3 2 6 3
75 18 3 85 6 4 9 4
80 22 4 75 9 6 12 1
85 26 1 80 12 8 3 2
90 30 2 85 3 2 6 3
80 19 3 90 6 4 9 4
85 23 4 80 9 6 12 1
90 27 1 85 12 8 3 2
95 31 2 90 3 2 6 3
85 20 3 95 6 4 9 4
90 24 4 85 9 6 12 1
95 28 1 90 12 8 3 2
100 32 2 95 3 2 6 3
90 21 3 100 6 4 9 4
95 25 4 90 9 6 12 1
100 29 1 95 12 8 3 2
105 33 2 100 3 2 6 3
95 22 3 105 6 4 9 4
100 26 4 95 9 6 12 1
105 30 1 100 12 8 3 2
110 34 2 105 3 2 6 3
100 23 3 110 6 4 9 4
105 27 4 100 9 6 12 1
110 31 1 105 12 8 3 2
115 35 2 110 3 2 6 3
105 24 3 115 6 4 9 4
110 28 4 105 9 6 12 1
115 32 1 110 12 8 3 2
120 36 2 115 3 2 6 3
110 25 3 120 6 4 9 4
115 29 4 110 9 6 12 1
120 33 1 115 12 8 3 2
125 37 2 120 3 2 6 3
115 26 3 125 6 4 9 4
120 30 4 115 9 6 12 1
125 34 1 120 12 8 3 2
130 38 2 125 3 2 6 3
120 27 3 130 6 4 9 4
125 31 4 120 9 6 12 1
130 35 1 125 12 8 3 2
135 39 2 130 3 2 6 3
125 28 3 135 6 4 9 4
130 32 4 125 9 6 12 1
135 36 1 130 12 8 3 2
140 40 2 135 3 2 6 3
*
waitingTimeCarsGone
270
0
287
307
329
0
90
90
87
0
72
56
40
0
30
30
30
0
30
30
30
0
30
30
30
0
30
30
30
0
30
30
30
0
25
15
5
*
waitingTimeCarsLeft
0
24
0
19
15
14
0
14
14
11
0
10
10
10
0
10
10
10
0
10
10
10
0
10
10
10
0
10
10
10
0
10
10
10
0
5
5
