9
4 1 5 4 4 2 2 2
15
101
2387
5717.001
carsInLane
4 1 5 4 4 2 2 2
8 2 5 4 8 4 4 4
4 3 10 8 4 6 6 6
8 4 5 4 8 8 8 8
4 5 10 8 4 10 10 10
8 6 5 12 8 12 2 12
12 7 10 4 12 14 4 2
16 8 15 8 4 2 6 4
5 1 20 12 8 4 8 6
9 2 10 4 12 6 10 8
4 3 15 8 4 8 12 10
8 4 5 12 8 10 2 12
12 5 10 4 12 12 4 2
4 6 15 8 4 14 6 4
8 7 5 4 8 16 8 6
12 8 10 8 4 3 10 8
16 9 5 12 8 5 2 10
5 1 10 16 12 7 4 12
9 2 15 5 16 9 6 2
4 3 20 9 5 11 8 4
8 4 10 4 9 13 10 6
12 5 15 8 4 2 12 8
16 6 5 12 8 4 2 10
5 7 10 16 4 6 4 12
9 8 15 5 8 8 6 2
13 9 5 9 12 10 2 4
4 10 10 13 4 12 4 6
8 1 15 17 8 2 6 8
12 2 5 6 12 4 8 10
4 3 10 10 4 6 10 12
8 4 15 4 8 8 12 2
12 5 5 8 12 10 2 4
4 6 10 12 4 12 4 6
8 7 5 4 8 14 6 8
12 8 10 8 4 2 8 10
4 1 15 12 8 4 10 12
8 2 5 4 12 6 12 14
12 3 10 8 16 8 2 2
4 4 15 12 5 10 4 4
8 5 5 4 9 12 6 6
12 6 10 8 4 2 8 8
16 7 5 12 8 4 2 10
5 8 10 16 4 6 4 12
9 9 15 5 8 8 6 2
13 10 5 9 12 10 2 4
17 1 10 13 16 2 4 6
6 2 15 17 5 4 6 8
10 3 5 6 9 6 8 10
4 4 10 10 4 8 10 12
8 5 15 4 8 10 12 2
12 6 5 8 12 12 2 4
4 7 10 12 4 14 4 6
8 8 5 4 8 16 6 8
12 1 10 8 12 3 8 10
4 2 15 12 4 5 10 12
8 3 5 4 8 7 12 14
12 4 10 8 12 9 2 2
4 5 15 12 4 11 4 4
8 6 5 4 8 13 6 6
12 7 10 8 4 2 8 8
4 1 15 12 8 4 10 10
8 2 5 4 12 6 12 12
12 3 10 8 16 8 2 2
4 4 15 12 5 10 4 4
8 5 5 4 9 12 6 6
12 6 10 8 4 2 8 8
16 7 5 12 8 4 2 10
5 8 10 16 4 6 4 12
9 9 15 5 8 8 6 2
13 10 5 9 12 10 2 4
17 1 10 13 16 2 4 6
6 2 15 17 5 4 6 8
10 3 5 6 9 6 8 10
4 4 10 10 4 8 10 12
8 5 15 4 8 10 12 2
12 6 5 8 12 12 2 4
4 7 10 12 4 14 4 6
8 8 5 4 8 16 6 8
12 1 10 8 12 3 8 10
4 2 15 12 4 5 10 12
8 3 5 4 8 7 12 14
12 4 10 8 12 9 2 2
4 5 15 12 4 11 4 4
8 6 5 4 8 13 6 6
12 7 10 8 4 2 8 8
4 1 15 12 8 4 10 10
8 2 5 4 12 6 12 12
12 3 10 8 16 8 2 2
4 4 15 12 5 10 4 4
8 5 5 4 9 12 6 6
12 6 10 8 4 2 8 8
16 7 5 12 8 4 2 10
5 8 10 16 4 6 4 12
9 9 15 5 8 8 6 2
13 10 5 9 12 10 2 4
17 1 10 13 16 2 4 6
6 2 15 17 5 4 6 8
10 3 5 6 9 6 8 10
4 4 10 10 4 8 10 12
8 5 15 4 8 10 12 2
12 6 5 8 12 12 2 4
*
waitingTimeCarsGone
665
0
701
556
216
0
106
89
30
0
15
5
4
*
waitingTimeCarsLeft
0
16
0
9
3
3
0
3
3
