3
1 4 3 3 2 4 3 4
15
101
2314
9916.653
534.6666
110
12.33333
carsInLane
1 4 3 3 2 4 3 4
2 4 6 6 4 4 6 8
3 8 9 3 6 8 9 4
4 12 3 6 8 12 3 8
1 16 6 9 2 16 6 12
2 5 9 12 4 5 9 16
3 9 12 3 6 9 12 5
4 13 3 6 8 13 3 9
1 17 6 9 2 17 6 13
2 6 9 12 4 6 9 17
3 10 12 3 6 10 12 6
4 14 3 6 8 14 3 10
1 18 6 9 2 18 6 14
2 7 9 12 4 7 9 18
3 11 12 3 6 11 12 7
4 15 3 6 8 15 3 11
1 19 6 9 2 19 6 15
2 8 9 12 4 8 9 19
3 12 12 3 6 12 12 8
4 16 3 6 8 16 3 12
1 20 6 9 2 20 6 16
2 9 9 12 4 9 9 20
3 13 12 3 6 13 12 9
4 17 3 6 8 17 3 13
1 21 6 9 2 21 6 17
2 10 9 12 4 10 9 21
3 14 12 3 6 14 12 10
4 18 3 6 8 18 3 14
1 22 6 9 2 22 6 18
2 11 9 12 4 11 9 22
3 15 12 3 6 15 12 11
4 19 3 6 8 19 3 15
1 23 6 9 2 23 6 19
2 12 9 12 4 12 9 23
3 16 12 3 6 16 12 12
4 20 3 6 8 20 3 16
1 24 6 9 2 24 6 20
2 13 9 12 4 13 9 24
3 17 12 3 6 17 12 13
4 21 3 6 8 21 3 17
1 25 6 9 2 25 6 21
2 14 9 12 4 14 9 25
3 18 12 3 6 18 12 14
4 22 3 6 8 22 3 18
1 26 6 9 2 26 6 22
2 15 9 12 4 15 9 26
3 19 12 3 6 19 12 15
4 23 3 6 8 23 3 19
1 27 6 9 2 27 6 23
2 16 9 12 4 16 9 27
3 20 12 3 6 20 12 16
4 24 3 6 8 24 3 20
1 28 6 9 2 28 6 24
2 17 9 12 4 17 9 28
3 21 12 3 6 21 12 17
4 25 3 6 8 25 3 21
1 29 6 9 2 29 6 25
2 18 9 12 4 18 9 29
3 22 12 3 6 22 12 18
4 26 3 6 8 26 3 22
1 30 6 9 2 30 6 26
2 19 9 12 4 19 9 30
3 23 12 3 6 23 12 19
4 27 3 6 8 27 3 23
1 31 6 9 2 31 6 27
2 20 9 12 4 20 9 31
3 24 12 3 6 24 12 20
4 28 3 6 8 28 3 24
1 32 6 9 2 32 6 28
2 21 9 12 4 21 9 32
3 25 12 3 6 25 12 21
4 29 3 6 8 29 3 25
1 33 6 9 2 33 6 29
2 22 9 12 4 22 9 33
3 26 12 3 6 26 12 22
4 30 3 6 8 30 3 26
1 34 6 9 2 34 6 30
2 23 9 12 4 23 9 34
3 27 12 3 6 27 12 23
4 31 3 6 8 31 3 27
1 35 6 9 2 35 6 31
2 24 9 12 4 24 9 35
3 28 12 3 6 28 12 24
4 32 3 6 8 32 3 28
1 36 6 9 2 36 6 32
2 25 9 12 4 25 9 36
3 29 12 3 6 29 12 25
4 33 3 6 8 33 3 29
1 37 6 9 2 37 6 33
2 26 9 12 4 26 9 37
3 30 12 3 6 30 12 26
4 34 3 6 8 34 3 30
1 38 6 9 2 38 6 34
2 27 9 12 4 27 9 38
3 31 12 3 6 31 12 27
4 35 3 6 8 35 3 31
1 39 6 9 2 39 6 35
2 28 9 12 4 28 9 39
3 32 12 3 6 32 12 28
4 36 3 6 8 36 3 32
1 40 6 9 2 40 6 36
*
waitingTimeCarsGone
330
0
370
411
453
0
180
180
168
0
122
74
26
*
waitingTimeCarsLeft
0
24
0
21
15
12
0
12
12
6
0
4
4
