4
4 1 5 4 4 2 2 2
15
101
2370
7628.666
carsInLane
4 1 5 4 4 2 2 2
8 2 5 4 8 4 4 4
4 3 10 8 4 6 6 6
8 4 5 4 8 8 8 8
4 5 10 8 4 10 10 10
8 1 15 12 8 2 12 12
12 2 20 16 12 4 2 2
16 3 10 5 16 6 4 4
5 4 15 9 5 8 6 6
9 5 5 4 9 10 8 8
13 1 10 8 13 2 10 10
17 2 15 12 17 4 2 2
6 3 20 16 6 6 4 4
10 4 10 5 10 8 6 6
4 5 15 9 4 10 8 8
8 1 20 13 8 2 10 10
12 2 25 17 12 4 2 2
16 3 15 6 16 6 4 4
5 4 20 10 5 8 6 6
9 5 10 4 9 10 8 8
13 1 15 8 13 2 10 10
17 2 20 12 17 4 2 2
6 3 25 16 6 6 4 4
10 4 15 5 10 8 6 6
14 5 5 9 14 10 2 8
18 1 10 13 18 2 4 10
22 2 15 4 22 4 6 2
11 3 20 8 11 6 8 4
15 4 10 12 15 8 2 6
4 5 15 16 4 10 4 8
8 1 20 20 8 2 6 10
12 2 25 9 12 4 8 2
16 3 15 4 16 6 10 4
20 4 20 8 20 8 2 2
9 5 25 12 9 10 4 4
13 1 30 16 13 2 6 6
17 2 20 5 17 4 8 8
6 3 25 9 6 6 10 10
10 4 30 13 10 8 2 2
14 5 20 4 14 10 4 4
18 1 25 8 18 2 6 6
7 2 30 12 7 4 8 8
11 3 20 4 11 6 10 10
15 4 25 8 15 8 2 2
19 5 15 4 19 10 4 4
23 1 20 8 23 2 6 6
12 2 25 12 12 4 8 8
16 3 15 4 16 6 10 10
20 4 20 8 20 8 2 2
9 5 25 12 9 10 4 4
13 1 30 16 13 2 6 6
17 2 20 5 17 4 8 8
6 3 25 9 6 6 10 10
10 4 30 13 10 8 2 2
14 5 20 4 14 10 4 4
18 1 25 8 18 2 6 6
7 2 30 12 7 4 8 8
11 3 20 4 11 6 10 10
15 4 25 8 15 8 2 2
19 5 15 4 19 10 4 4
23 1 20 8 23 2 6 6
12 2 25 12 12 4 8 8
16 3 15 4 16 6 10 10
20 4 20 8 20 8 2 2
9 5 25 12 9 10 4 4
13 1 30 16 13 2 6 6
17 2 20 5 17 4 8 8
6 3 25 9 6 6 10 10
10 4 30 13 10 8 2 2
14 5 20 4 14 10 4 4
18 1 25 8 18 2 6 6
7 2 30 12 7 4 8 8
11 3 20 4 11 6 10 10
15 4 25 8 15 8 2 2
19 5 15 4 19 10 4 4
23 1 20 8 23 2 6 6
12 2 25 12 12 4 8 8
16 3 15 4 16 6 10 10
20 4 20 8 20 8 2 2
9 5 25 12 9 10 4 4
13 1 30 16 13 2 6 6
17 2 20 5 17 4 8 8
6 3 25 9 6 6 10 10
10 4 30 13 10 8 2 2
14 5 20 4 14 10 4 4
18 1 25 8 18 2 6 6
7 2 30 12 7 4 8 8
11 3 20 4 11 6 10 10
15 4 25 8 15 8 2 2
19 5 15 4 19 10 4 4
23 1 20 8 23 2 6 6
12 2 25 12 12 4 8 8
16 3 15 4 16 6 10 10
20 4 20 8 20 8 2 2
9 5 25 12 9 10 4 4
13 1 30 16 13 2 6 6
17 2 20 5 17 4 8 8
6 3 25 9 6 6 10 10
10 4 30 13 10 8 2 2
14 5 20 4 14 10 4 4
18 1 25 8 18 2 6 6
*
waitingTimeCarsGone
360
0
478
527
525
0
378
102
*
waitingTimeCarsLeft
0
22
0
13
9
5
0
5
