7
1 4 3 3 2 4 3 4
15
101
2392
5689.342
72.00002
32
9.666666
carsInLane
1 4 3 3 2 4 3 4
2 4 6 6 4 4 6 8
3 8 9 3 6 8 9 4
4 12 3 6 8 12 3 8
5 4 6 9 10 4 6 12
6 8 9 3 12 8 9 4
7 12 12 6 2 4 12 8
8 16 3 9 4 8 3 12
1 5 6 12 6 12 6 16
2 9 9 3 8 16 9 5
3 4 12 6 10 5 12 9
4 8 3 9 12 9 3 13
5 12 6 3 14 13 6 4
6 16 9 6 2 4 9 8
1 5 12 9 4 8 12 12
2 9 3 12 6 12 3 16
3 13 6 3 8 16 6 5
4 4 9 6 10 5 9 9
5 8 3 9 12 9 3 13
6 12 6 3 14 13 6 4
7 16 9 6 2 4 9 8
1 5 12 9 4 8 12 12
2 9 3 12 6 12 3 16
3 13 6 3 8 16 6 5
4 4 9 6 10 5 9 9
5 8 3 9 12 9 3 13
6 12 6 3 14 13 6 4
7 16 9 6 2 4 9 8
1 5 12 9 4 8 12 12
2 9 3 12 6 12 3 16
3 13 6 3 8 16 6 5
4 4 9 6 10 5 9 9
5 8 3 9 12 9 3 13
6 12 6 3 14 13 6 4
7 16 9 6 2 4 9 8
1 5 12 9 4 8 12 12
2 9 3 12 6 12 3 16
3 13 6 3 8 16 6 5
4 4 9 6 10 5 9 9
5 8 3 9 12 9 3 13
6 12 6 3 14 13 6 4
7 16 9 6 2 4 9 8
1 5 12 9 4 8 12 12
2 9 3 12 6 12 3 16
3 13 6 3 8 16 6 5
4 4 9 6 10 5 9 9
5 8 3 9 12 9 3 13
6 12 6 3 14 13 6 4
7 16 9 6 2 4 9 8
1 5 12 9 4 8 12 12
2 9 3 12 6 12 3 16
3 13 6 3 8 16 6 5
4 4 9 6 10 5 9 9
5 8 3 9 12 9 3 13
6 12 6 3 14 13 6 4
7 16 9 6 2 4 9 8
1 5 12 9 4 8 12 12
2 9 3 12 6 12 3 16
3 13 6 3 8 16 6 5
4 4 9 6 10 5 9 9
5 8 3 9 12 9 3 13
6 12 6 3 14 13 6 4
7 16 9 6 2 4 9 8
1 5 12 9 4 8 12 12
2 9 3 12 6 12 3 16
3 13 6 3 8 16 6 5
4 4 9 6 10 5 9 9
5 8 3 9 12 9 3 13
6 12 6 3 14 13 6 4
7 16 9 6 2 4 9 8
1 5 12 9 4 8 12 12
2 9 3 12 6 12 3 16
3 13 6 3 8 16 6 5
4 4 9 6 10 5 9 9
5 8 3 9 12 9 3 13
6 12 6 3 14 13 6 4
7 16 9 6 2 4 9 8
1 5 12 9 4 8 12 12
2 9 3 12 6 12 3 16
3 13 6 3 8 16 6 5
4 4 9 6 10 5 9 9
5 8 3 9 12 9 3 13
6 12 6 3 14 13 6 4
7 16 9 6 2 4 9 8
1 5 12 9 4 8 12 12
2 9 3 12 6 12 3 16
3 13 6 3 8 16 6 5
4 4 9 6 10 5 9 9
5 8 3 9 12 9 3 13
6 12 6 3 14 13 6 4
7 16 9 6 2 4 9 8
1 5 12 9 4 8 12 12
2 9 3 12 6 12 3 16
3 13 6 3 8 16 6 5
4 4 9 6 10 5 9 9
5 8 3 9 12 9 3 13
6 12 6 3 14 13 6 4
7 16 9 6 2 4 9 8
1 5 12 9 4 8 12 12
2 9 3 12 6 12 3 16
3 13 6 3 8 16 6 5
*
waitingTimeCarsGone
611
0
645
631
381
0
42
42
39
0
1
*
waitingTimeCarsLeft
0
17
0
10
3
2
