6
4 1 5 4 4 2 2 2
15
101
2389
5375
carsInLane
4 1 5 4 4 2 2 2
8 2 5 4 8 4 4 4
4 3 10 8 4 6 6 6
8 4 5 4 8 8 8 8
4 5 10 8 4 10 10 10
8 6 5 12 8 12 2 12
12 7 10 4 12 14 4 2
16 1 15 8 16 2 6 4
5 2 20 12 5 4 8 6
9 3 10 4 9 6 10 8
13 4 5 8 13 8 2 10
4 5 10 12 4 10 4 12
8 6 15 4 8 12 6 2
12 7 5 8 12 14 2 4
16 1 10 12 16 2 4 6
5 2 15 16 5 4 6 8
9 3 5 5 9 6 8 10
4 4 10 9 4 8 10 12
8 5 15 13 8 10 2 2
12 6 5 4 12 12 4 4
4 7 10 8 4 14 6 6
8 1 15 12 8 2 8 8
12 2 5 4 12 4 10 10
4 3 10 8 4 6 12 12
8 4 15 12 8 8 2 2
12 5 5 4 12 10 4 4
4 6 10 8 4 12 6 6
8 1 15 12 8 2 8 8
12 2 5 4 12 4 10 10
4 3 10 8 4 6 12 12
8 4 15 12 8 8 2 2
12 5 5 4 12 10 4 4
4 6 10 8 4 12 6 6
8 1 15 12 8 2 8 8
12 2 5 4 12 4 10 10
4 3 10 8 4 6 12 12
8 4 15 12 8 8 2 2
12 5 5 4 12 10 4 4
4 6 10 8 4 12 6 6
8 1 15 12 8 2 8 8
12 2 5 4 12 4 10 10
4 3 10 8 4 6 12 12
8 4 15 12 8 8 2 2
12 5 5 4 12 10 4 4
4 6 10 8 4 12 6 6
8 1 15 12 8 2 8 8
12 2 5 4 12 4 10 10
4 3 10 8 4 6 12 12
8 4 15 12 8 8 2 2
12 5 5 4 12 10 4 4
4 6 10 8 4 12 6 6
8 1 15 12 8 2 8 8
12 2 5 4 12 4 10 10
4 3 10 8 4 6 12 12
8 4 15 12 8 8 2 2
12 5 5 4 12 10 4 4
4 6 10 8 4 12 6 6
8 1 15 12 8 2 8 8
12 2 5 4 12 4 10 10
4 3 10 8 4 6 12 12
8 4 15 12 8 8 2 2
12 5 5 4 12 10 4 4
4 6 10 8 4 12 6 6
8 1 15 12 8 2 8 8
12 2 5 4 12 4 10 10
4 3 10 8 4 6 12 12
8 4 15 12 8 8 2 2
12 5 5 4 12 10 4 4
4 6 10 8 4 12 6 6
8 1 15 12 8 2 8 8
12 2 5 4 12 4 10 10
4 3 10 8 4 6 12 12
8 4 15 12 8 8 2 2
12 5 5 4 12 10 4 4
4 6 10 8 4 12 6 6
8 1 15 12 8 2 8 8
12 2 5 4 12 4 10 10
4 3 10 8 4 6 12 12
8 4 15 12 8 8 2 2
12 5 5 4 12 10 4 4
4 6 10 8 4 12 6 6
8 1 15 12 8 2 8 8
12 2 5 4 12 4 10 10
4 3 10 8 4 6 12 12
8 4 15 12 8 8 2 2
12 5 5 4 12 10 4 4
4 6 10 8 4 12 6 6
8 1 15 12 8 2 8 8
12 2 5 4 12 4 10 10
4 3 10 8 4 6 12 12
8 4 15 12 8 8 2 2
12 5 5 4 12 10 4 4
4 6 10 8 4 12 6 6
8 1 15 12 8 2 8 8
12 2 5 4 12 4 10 10
4 3 10 8 4 6 12 12
8 4 15 12 8 8 2 2
12 5 5 4 12 10 4 4
4 6 10 8 4 12 6 6
8 1 15 12 8 2 8 8
12 2 5 4 12 4 10 10
*
waitingTimeCarsGone
687
0
688
647
140
0
112
106
9
*
waitingTimeCarsLeft
0
16
0
7
4
4
0
4
