5
2 5 2 4 2 3 4 2
15
101
2331
9139.66
401.3334
93
carsInLane
2 5 2 4 2 3 4 2
4 5 4 8 4 3 8 4
6 10 2 12 6 6 4 6
8 15 4 4 8 9 8 2
10 5 6 8 10 3 12 4
2 10 8 12 2 6 16 6
4 15 2 16 4 9 5 8
6 5 4 20 6 3 9 10
8 10 6 9 8 6 13 2
10 15 2 13 10 9 4 4
2 5 4 17 12 12 8 6
4 10 6 21 2 3 12 8
6 15 8 10 4 6 16 2
8 20 2 14 6 9 5 4
10 10 4 18 8 3 9 6
12 15 6 7 10 6 13 2
2 20 8 11 2 9 17 4
4 10 10 15 4 3 21 6
6 15 2 19 6 6 10 8
8 20 4 8 8 9 14 2
10 10 6 12 10 3 18 4
12 15 2 16 12 6 7 6
2 20 4 20 2 9 11 8
4 10 6 24 4 3 15 10
6 15 8 13 6 6 19 2
8 20 2 17 8 9 8 4
10 10 4 21 10 3 12 6
12 15 6 10 12 6 16 2
2 20 8 14 2 9 20 4
4 10 10 18 4 3 24 6
6 15 2 22 6 6 13 8
8 20 4 11 8 9 17 2
10 10 6 15 10 3 21 4
12 15 2 19 12 6 10 6
2 20 4 23 2 9 14 8
4 25 6 12 4 12 18 2
6 15 8 16 6 3 22 4
8 20 2 20 8 6 11 6
2 10 4 24 10 9 15 8
4 15 6 13 12 12 19 2
6 20 8 17 2 3 23 4
8 25 2 21 4 6 12 6
2 15 4 25 6 9 16 8
4 20 6 14 8 12 20 2
6 10 8 18 10 3 24 4
8 15 2 22 12 6 13 6
2 20 4 26 2 9 17 8
4 25 6 15 4 12 21 2
6 15 8 19 6 3 25 4
8 20 2 23 8 6 14 6
10 25 4 12 10 9 18 2
2 15 6 16 12 12 22 4
4 20 8 20 2 3 26 6
6 25 2 24 4 6 15 8
8 30 4 13 6 9 19 2
10 20 6 17 8 3 23 4
2 10 8 21 10 6 27 6
4 15 2 25 12 9 16 8
6 20 4 29 2 3 20 10
8 25 6 18 4 6 24 2
2 15 8 22 6 9 28 4
4 20 2 26 8 12 17 6
6 10 4 30 10 3 21 8
8 15 6 19 12 6 25 2
2 20 8 23 2 9 29 4
4 25 2 27 4 12 18 6
6 15 4 31 6 3 22 8
8 20 6 20 8 6 26 2
10 25 2 24 10 9 15 4
2 15 4 28 12 12 19 6
4 20 6 32 2 3 23 8
6 25 8 21 4 6 27 2
8 30 2 25 6 9 16 4
10 20 4 29 8 3 20 6
12 25 6 18 10 6 24 2
2 30 8 22 2 9 28 4
4 20 10 26 4 3 32 6
6 25 2 30 6 6 21 8
8 30 4 19 8 9 25 2
10 20 6 23 10 3 29 4
12 25 2 27 12 6 18 6
2 30 4 31 2 9 22 8
4 20 6 35 4 3 26 10
6 25 8 24 6 6 30 2
8 30 2 28 8 9 19 4
10 20 4 32 10 3 23 6
12 25 6 21 12 6 27 2
2 30 8 25 2 9 31 4
4 20 10 29 4 3 35 6
6 25 2 33 6 6 24 8
8 30 4 22 8 9 28 2
10 20 6 26 10 3 32 4
12 25 2 30 12 6 21 6
2 30 4 34 2 9 25 8
4 35 6 23 4 12 29 2
6 25 8 27 6 3 33 4
8 30 2 31 8 6 22 6
2 20 4 35 10 9 26 8
4 25 6 24 12 12 30 2
6 30 8 28 2 3 34 4
8 35 2 32 4 6 23 6
*
waitingTimeCarsGone
306
0
382
460
445
0
318
244
104
0
57
15
*
waitingTimeCarsLeft
0
22
0
20
15
13
0
8
7
4
0
4
