100
4 3 4 3 0 1 6 3
15
101
2375
5566.334
117.3334
49
carsInLane
4 3 4 3 0 1 6 3
8 6 4 6 0 2 6 6
4 3 8 9 0 3 12 9
8 6 12 12 0 4 6 3
12 9 4 3 0 5 12 6
4 3 8 6 0 6 18 9
8 6 12 9 0 7 9 3
12 9 4 12 0 8 6 6
4 3 8 15 0 9 12 9
8 6 12 3 0 10 18 3
12 9 4 6 0 11 9 6
4 3 8 9 0 12 15 9
8 6 12 12 0 13 6 3
12 9 4 3 0 14 12 6
16 3 8 6 0 1 18 9
20 6 12 9 0 2 9 3
9 3 16 12 0 3 15 6
13 6 5 15 0 4 6 9
17 9 9 3 0 5 12 3
6 3 13 6 0 6 18 6
10 6 4 9 0 7 9 9
14 9 8 3 0 8 15 3
18 12 4 6 0 9 6 6
7 3 8 9 0 10 12 9
11 6 12 12 0 11 6 3
15 9 4 3 0 12 12 6
4 3 8 6 0 13 18 9
8 6 12 9 0 14 9 3
12 9 4 12 0 15 6 6
16 3 8 15 0 1 12 9
20 6 12 3 0 2 18 3
24 9 4 6 0 3 9 6
13 3 8 9 0 4 15 9
17 6 12 12 0 5 6 3
21 9 4 3 0 6 12 6
10 3 8 6 0 7 18 9
14 6 12 9 0 8 9 3
18 9 4 12 0 9 6 6
7 3 8 15 0 10 12 9
11 6 12 3 0 11 18 3
15 9 4 6 0 12 9 6
4 3 8 9 0 13 15 9
8 6 12 12 0 14 6 3
12 9 4 3 0 15 12 6
16 3 8 6 0 1 18 9
20 6 12 9 0 2 9 3
9 3 16 12 0 3 15 6
13 6 5 15 0 4 6 9
17 9 9 3 0 5 12 3
6 3 13 6 0 6 18 6
10 6 4 9 0 7 9 9
14 9 8 3 0 8 15 3
18 12 4 6 0 9 6 6
7 3 8 9 0 10 12 9
11 6 12 12 0 11 6 3
15 9 4 3 0 12 12 6
4 3 8 6 0 13 18 9
8 6 12 9 0 14 9 3
12 9 4 12 0 15 6 6
16 3 8 15 0 1 12 9
20 6 12 3 0 2 18 3
24 9 4 6 0 3 9 6
13 3 8 9 0 4 15 9
17 6 12 12 0 5 6 3
21 9 4 3 0 6 12 6
10 3 8 6 0 7 18 9
14 6 12 9 0 8 9 3
18 9 4 12 0 9 6 6
7 3 8 15 0 10 12 9
11 6 12 3 0 11 18 3
15 9 4 6 0 12 9 6
4 3 8 9 0 13 15 9
8 6 12 12 0 14 6 3
12 9 4 3 0 15 12 6
16 3 8 6 0 1 18 9
20 6 12 9 0 2 9 3
9 3 16 12 0 3 15 6
13 6 5 15 0 4 6 9
17 9 9 3 0 5 12 3
6 3 13 6 0 6 18 6
10 6 4 9 0 7 9 9
14 9 8 3 0 8 15 3
18 12 4 6 0 9 6 6
7 3 8 9 0 10 12 9
11 6 12 12 0 11 6 3
15 9 4 3 0 12 12 6
4 3 8 6 0 13 18 9
8 6 12 9 0 14 9 3
12 9 4 12 0 15 6 6
16 3 8 15 0 1 12 9
20 6 12 3 0 2 18 3
24 9 4 6 0 3 9 6
13 3 8 9 0 4 15 9
17 6 12 12 0 5 6 3
21 9 4 3 0 6 12 6
10 3 8 6 0 7 18 9
14 6 12 9 0 8 9 3
18 9 4 12 0 9 6 6
7 3 8 15 0 10 12 9
11 6 12 3 0 11 18 3
15 9 4 6 0 12 9 6
*
waitingTimeCarsGone
659
0
730
639
178
0
88
22
7
0
7
7
7
0
7
7
6
0
6
5
*
waitingTimeCarsLeft
0
23
0
16
7
3
