1
4 3 4 3 0 1 6 3
15
101
2124
17293.31
6161.334
300
carsInLane
4 3 4 3 0 1 6 3
8 6 4 6 0 2 6 6
4 9 8 9 0 3 12 9
8 3 12 12 0 1 18 12
12 6 16 3 0 2 24 3
16 9 5 6 0 3 15 6
5 12 9 9 0 4 21 9
9 3 13 12 0 1 27 12
13 6 17 3 0 2 33 3
17 9 6 6 0 3 24 6
6 12 10 9 0 4 30 9
10 3 14 12 0 1 36 12
14 6 18 3 0 2 42 3
18 9 7 6 0 3 33 6
7 12 11 9 0 4 39 9
11 3 15 12 0 1 45 12
15 6 19 3 0 2 51 3
19 9 8 6 0 3 42 6
8 12 12 9 0 4 48 9
12 3 16 12 0 1 54 12
16 6 20 3 0 2 60 3
20 9 9 6 0 3 51 6
9 12 13 9 0 4 57 9
13 3 17 12 0 1 63 12
17 6 21 3 0 2 69 3
21 9 10 6 0 3 60 6
10 12 14 9 0 4 66 9
14 3 18 12 0 1 72 12
18 6 22 3 0 2 78 3
22 9 11 6 0 3 69 6
11 12 15 9 0 4 75 9
15 3 19 12 0 1 81 12
19 6 23 3 0 2 87 3
23 9 12 6 0 3 78 6
12 12 16 9 0 4 84 9
16 3 20 12 0 1 90 12
20 6 24 3 0 2 96 3
24 9 13 6 0 3 87 6
13 12 17 9 0 4 93 9
17 3 21 12 0 1 99 12
21 6 25 3 0 2 105 3
25 9 14 6 0 3 96 6
14 12 18 9 0 4 102 9
18 3 22 12 0 1 108 12
22 6 26 3 0 2 114 3
26 9 15 6 0 3 105 6
15 12 19 9 0 4 111 9
19 3 23 12 0 1 117 12
23 6 27 3 0 2 123 3
27 9 16 6 0 3 114 6
16 12 20 9 0 4 120 9
20 3 24 12 0 1 126 12
24 6 28 3 0 2 132 3
28 9 17 6 0 3 123 6
17 12 21 9 0 4 129 9
21 3 25 12 0 1 135 12
25 6 29 3 0 2 141 3
29 9 18 6 0 3 132 6
18 12 22 9 0 4 138 9
22 3 26 12 0 1 144 12
26 6 30 3 0 2 150 3
30 9 19 6 0 3 141 6
19 12 23 9 0 4 147 9
23 3 27 12 0 1 153 12
27 6 31 3 0 2 159 3
31 9 20 6 0 3 150 6
20 12 24 9 0 4 156 9
24 3 28 12 0 1 162 12
28 6 32 3 0 2 168 3
32 9 21 6 0 3 159 6
21 12 25 9 0 4 165 9
25 3 29 12 0 1 171 12
29 6 33 3 0 2 177 3
33 9 22 6 0 3 168 6
22 12 26 9 0 4 174 9
26 3 30 12 0 1 180 12
30 6 34 3 0 2 186 3
34 9 23 6 0 3 177 6
23 12 27 9 0 4 183 9
27 3 31 12 0 1 189 12
31 6 35 3 0 2 195 3
35 9 24 6 0 3 186 6
24 12 28 9 0 4 192 9
28 3 32 12 0 1 198 12
32 6 36 3 0 2 204 3
36 9 25 6 0 3 195 6
25 12 29 9 0 4 201 9
29 3 33 12 0 1 207 12
33 6 37 3 0 2 213 3
37 9 26 6 0 3 204 6
26 12 30 9 0 4 210 9
30 3 34 12 0 1 216 12
34 6 38 3 0 2 222 3
38 9 27 6 0 3 213 6
27 12 31 9 0 4 219 9
31 3 35 12 0 1 225 12
35 6 39 3 0 2 231 3
39 9 28 6 0 3 222 6
28 12 32 9 0 4 228 9
32 3 36 12 0 1 234 12
36 6 40 3 0 2 240 3
*
waitingTimeCarsGone
276
0
301
332
366
0
129
129
123
0
89
57
28
0
9
9
12
0
9
9
12
0
9
9
12
0
9
9
12
0
9
9
12
0
9
9
12
0
9
9
12
0
9
9
12
0
9
9
12
0
9
9
6
*
waitingTimeCarsLeft
0
24
0
18
14
14
0
14
14
11
0
10
10
6
0
6
6
6
0
6
6
6
0
6
6
6
0
6
6
6
0
6
6
6
0
6
6
6
0
6
6
6
0
6
6
6
0
6
6
6
0
3
