4
1 3 5 1 4 4 3 3
15
101
2370
7348.668
carsInLane
1 3 5 1 4 4 3 3
2 6 5 2 8 8 3 6
3 9 10 3 4 4 6 9
4 12 5 4 8 8 3 12
5 3 10 5 12 4 6 15
6 6 15 1 16 8 9 3
1 9 20 2 5 12 12 6
2 12 10 3 9 16 3 9
3 3 15 4 13 5 6 12
4 6 5 5 17 9 3 15
5 9 10 1 21 13 6 3
1 12 15 2 10 17 9 6
2 3 20 3 14 6 12 9
3 6 10 4 18 10 3 12
4 9 15 5 7 4 6 15
5 12 20 1 11 8 9 3
1 3 25 2 15 12 12 6
2 6 15 3 19 16 3 9
3 9 20 4 8 5 6 12
4 12 10 5 12 9 3 15
5 15 15 1 16 13 6 3
1 3 20 2 20 17 9 6
2 6 25 3 9 6 12 9
3 9 15 4 13 10 3 12
4 12 20 5 4 4 6 15
5 15 25 1 8 8 9 3
1 3 30 2 12 12 12 6
2 6 20 3 16 16 3 9
3 9 25 4 5 5 6 12
4 12 15 5 9 9 3 15
5 15 20 1 13 13 6 3
1 3 25 2 17 17 9 6
2 6 15 3 21 21 3 9
3 9 20 4 10 10 6 12
4 12 10 5 14 14 3 15
5 15 15 1 18 18 6 3
1 3 20 2 22 22 9 6
2 6 25 3 11 11 12 9
3 9 15 4 15 15 3 12
4 12 20 5 4 4 6 15
5 15 25 1 8 8 9 3
1 3 30 2 12 12 12 6
2 6 20 3 16 16 3 9
3 9 25 4 5 5 6 12
4 12 15 5 9 9 3 15
5 15 20 1 13 13 6 3
1 3 25 2 17 17 9 6
2 6 15 3 21 21 3 9
3 9 20 4 10 10 6 12
4 12 10 5 14 14 3 15
5 15 15 1 18 18 6 3
1 3 20 2 22 22 9 6
2 6 25 3 11 11 12 9
3 9 15 4 15 15 3 12
4 12 20 5 4 4 6 15
5 15 25 1 8 8 9 3
1 3 30 2 12 12 12 6
2 6 20 3 16 16 3 9
3 9 25 4 5 5 6 12
4 12 15 5 9 9 3 15
5 15 20 1 13 13 6 3
1 3 25 2 17 17 9 6
2 6 15 3 21 21 3 9
3 9 20 4 10 10 6 12
4 12 10 5 14 14 3 15
5 15 15 1 18 18 6 3
1 3 20 2 22 22 9 6
2 6 25 3 11 11 12 9
3 9 15 4 15 15 3 12
4 12 20 5 4 4 6 15
5 15 25 1 8 8 9 3
1 3 30 2 12 12 12 6
2 6 20 3 16 16 3 9
3 9 25 4 5 5 6 12
4 12 15 5 9 9 3 15
5 15 20 1 13 13 6 3
1 3 25 2 17 17 9 6
2 6 15 3 21 21 3 9
3 9 20 4 10 10 6 12
4 12 10 5 14 14 3 15
5 15 15 1 18 18 6 3
1 3 20 2 22 22 9 6
2 6 25 3 11 11 12 9
3 9 15 4 15 15 3 12
4 12 20 5 4 4 6 15
5 15 25 1 8 8 9 3
1 3 30 2 12 12 12 6
2 6 20 3 16 16 3 9
3 9 25 4 5 5 6 12
4 12 15 5 9 9 3 15
5 15 20 1 13 13 6 3
1 3 25 2 17 17 9 6
2 6 15 3 21 21 3 9
3 9 20 4 10 10 6 12
4 12 10 5 14 14 3 15
5 15 15 1 18 18 6 3
1 3 20 2 22 22 9 6
2 6 25 3 11 11 12 9
3 9 15 4 15 15 3 12
4 12 20 5 4 4 6 15
5 15 25 1 8 8 9 3
*
waitingTimeCarsGone
385
0
476
554
542
0
356
57
*
waitingTimeCarsLeft
0
20
0
16
8
5
0
5
