7
2 4 0 6 3 2 3 4
15
101
2286
11856.65
carsInLane
2 4 0 6 3 2 3 4
4 8 0 6 6 4 6 4
6 4 0 12 9 2 9 8
8 8 0 6 12 4 12 4
2 12 0 12 3 6 15 8
4 16 0 18 6 8 3 4
6 5 0 24 9 2 6 8
8 9 0 15 12 4 9 4
10 13 0 21 15 6 3 8
12 17 0 12 18 8 6 4
2 21 0 18 6 10 9 8
4 10 0 24 9 2 12 12
6 14 0 15 12 4 15 4
2 4 0 21 15 6 18 8
4 8 0 12 18 8 21 4
6 12 0 18 6 2 24 8
8 16 0 24 9 4 12 12
10 20 0 15 12 6 15 4
2 9 0 21 15 8 18 8
4 13 0 12 18 10 21 4
6 17 0 18 6 2 24 8
8 21 0 24 9 4 12 4
2 10 0 30 12 6 15 8
4 14 0 21 15 8 18 4
6 18 0 27 18 10 6 8
8 22 0 18 21 12 9 4
10 11 0 24 24 2 12 8
2 15 0 30 12 4 15 12
4 19 0 21 15 6 18 4
6 8 0 27 18 2 21 8
8 12 0 18 21 4 24 4
2 16 0 24 9 6 27 8
4 20 0 30 12 8 15 12
6 24 0 21 15 10 18 4
8 13 0 27 18 2 21 8
10 17 0 18 21 4 24 4
2 21 0 24 9 6 27 8
4 25 0 30 12 8 15 4
6 29 0 21 15 10 18 4
8 18 0 27 18 2 21 8
10 22 0 33 21 4 9 12
12 26 0 24 24 6 12 4
2 15 0 30 27 8 15 8
4 19 0 21 30 10 18 4
6 23 0 27 18 2 21 8
8 27 0 18 21 4 24 4
2 16 0 24 24 6 27 8
4 20 0 30 27 8 15 4
6 24 0 21 30 10 18 8
8 28 0 27 18 2 21 12
10 32 0 18 21 4 24 4
2 21 0 24 24 6 27 8
4 25 0 30 27 8 15 4
6 29 0 36 15 2 18 8
8 33 0 27 18 4 21 4
2 22 0 33 21 6 24 8
4 26 0 39 24 8 12 12
6 30 0 30 27 10 15 4
8 19 0 36 30 2 18 8
10 23 0 27 33 4 21 4
2 27 0 33 21 6 24 8
4 31 0 24 24 8 27 4
6 20 0 30 27 2 30 8
8 24 0 21 30 4 33 4
10 28 0 27 33 6 21 8
2 32 0 33 21 8 24 12
4 36 0 24 24 10 27 4
6 25 0 30 27 2 30 8
8 29 0 21 30 4 33 4
2 33 0 27 18 6 36 8
4 37 0 33 21 8 24 4
6 26 0 39 24 2 27 8
8 30 0 30 27 4 30 12
10 34 0 21 30 6 33 4
2 23 0 27 33 8 36 8
4 27 0 33 36 10 24 4
6 31 0 39 24 2 27 8
8 35 0 30 27 4 30 4
2 24 0 36 30 6 33 8
4 28 0 27 33 8 36 4
6 32 0 33 36 10 24 8
8 36 0 39 24 2 27 12
10 40 0 30 27 4 30 4
2 29 0 36 30 6 33 8
4 33 0 27 33 8 36 4
6 22 0 33 36 2 39 8
8 26 0 39 39 4 27 4
2 30 0 45 27 6 30 8
4 34 0 36 30 8 33 12
6 38 0 27 33 10 36 4
8 27 0 33 36 2 39 8
10 31 0 39 39 4 27 4
2 35 0 45 27 6 30 8
4 39 0 36 30 8 33 4
6 28 0 42 33 2 36 8
8 32 0 33 36 4 39 4
10 36 0 39 39 6 27 8
2 40 0 45 27 8 30 12
4 44 0 36 30 10 33 4
6 33 0 42 33 2 36 8
8 37 0 33 36 4 39 4
*
waitingTimeCarsGone
300
0
338
289
306
0
299
212
156
0
122
101
66
0
46
33
18
*
waitingTimeCarsLeft
0
22
0
18
16
16
0
16
11
6
0
6
6
6
0
6
6
3
