9
4 3 4 3 0 1 6 3
15
101
2381
5604.334
94.66669
43
carsInLane
4 3 4 3 0 1 6 3
8 6 4 6 0 2 6 6
4 3 8 9 0 3 12 9
8 6 12 12 0 4 6 3
12 9 4 3 0 5 12 6
4 3 8 6 0 6 18 9
8 6 12 9 0 7 9 3
12 9 4 12 0 8 6 6
4 3 8 15 0 9 12 9
8 6 12 3 0 10 18 3
12 9 16 6 0 1 24 6
16 12 5 9 0 2 15 9
5 3 9 12 0 3 21 12
9 6 13 15 0 4 12 3
13 9 4 3 0 5 18 6
17 12 8 6 0 6 9 3
6 3 12 9 0 7 15 6
10 6 4 12 0 8 6 9
14 9 8 3 0 9 12 3
4 3 12 6 0 10 18 6
8 6 16 9 0 1 24 9
12 9 5 12 0 2 15 12
16 12 9 15 0 3 6 3
5 3 13 18 0 4 12 6
9 6 4 6 0 5 18 9
13 9 8 9 0 6 9 3
4 3 12 12 0 7 15 6
8 6 4 15 0 8 6 9
12 9 8 3 0 9 12 3
4 3 12 6 0 10 18 6
8 6 16 9 0 1 24 9
12 9 5 12 0 2 15 12
16 12 9 15 0 3 6 3
5 3 13 18 0 4 12 6
9 6 4 6 0 5 18 9
13 9 8 9 0 6 9 3
4 3 12 12 0 7 15 6
8 6 4 15 0 8 6 9
12 9 8 3 0 9 12 3
4 3 12 6 0 10 18 6
8 6 16 9 0 1 24 9
12 9 5 12 0 2 15 12
16 12 9 15 0 3 6 3
5 3 13 18 0 4 12 6
9 6 4 6 0 5 18 9
13 9 8 9 0 6 9 3
4 3 12 12 0 7 15 6
8 6 4 15 0 8 6 9
12 9 8 3 0 9 12 3
4 3 12 6 0 10 18 6
8 6 16 9 0 1 24 9
12 9 5 12 0 2 15 12
16 12 9 15 0 3 6 3
5 3 13 18 0 4 12 6
9 6 4 6 0 5 18 9
13 9 8 9 0 6 9 3
4 3 12 12 0 7 15 6
8 6 4 15 0 8 6 9
12 9 8 3 0 9 12 3
4 3 12 6 0 10 18 6
8 6 16 9 0 1 24 9
12 9 5 12 0 2 15 12
16 12 9 15 0 3 6 3
5 3 13 18 0 4 12 6
9 6 4 6 0 5 18 9
13 9 8 9 0 6 9 3
4 3 12 12 0 7 15 6
8 6 4 15 0 8 6 9
12 9 8 3 0 9 12 3
4 3 12 6 0 10 18 6
8 6 16 9 0 1 24 9
12 9 5 12 0 2 15 12
16 12 9 15 0 3 6 3
5 3 13 18 0 4 12 6
9 6 4 6 0 5 18 9
13 9 8 9 0 6 9 3
4 3 12 12 0 7 15 6
8 6 4 15 0 8 6 9
12 9 8 3 0 9 12 3
4 3 12 6 0 10 18 6
8 6 16 9 0 1 24 9
12 9 5 12 0 2 15 12
16 12 9 15 0 3 6 3
5 3 13 18 0 4 12 6
9 6 4 6 0 5 18 9
13 9 8 9 0 6 9 3
4 3 12 12 0 7 15 6
8 6 4 15 0 8 6 9
12 9 8 3 0 9 12 3
4 3 12 6 0 10 18 6
8 6 16 9 0 1 24 9
12 9 5 12 0 2 15 12
16 12 9 15 0 3 6 3
5 3 13 18 0 4 12 6
9 6 4 6 0 5 18 9
13 9 8 9 0 6 9 3
4 3 12 12 0 7 15 6
8 6 4 15 0 8 6 9
12 9 8 3 0 9 12 3
4 3 12 6 0 10 18 6
8 6 16 9 0 1 24 9
*
waitingTimeCarsGone
599
0
697
657
289
0
65
34
10
0
10
10
10
*
waitingTimeCarsLeft
0
21
0
16
6
