8
1 3 5 1 4 4 3 3
15
101
2368
7257.334
carsInLane
1 3 5 1 4 4 3 3
2 6 5 2 8 8 3 6
3 9 10 3 4 4 6 9
4 12 5 4 8 8 3 12
5 3 10 5 12 4 6 15
6 6 15 6 16 8 3 3
7 9 20 7 5 4 6 6
8 12 10 1 9 8 9 9
9 3 15 2 13 4 12 12
1 6 20 3 4 8 15 15
2 9 10 4 8 12 3 18
3 12 15 1 12 16 6 6
4 3 20 2 16 5 9 9
5 6 10 3 20 9 3 12
6 9 15 4 9 4 6 15
7 12 5 5 13 8 3 18
8 15 10 1 17 12 6 6
9 18 15 2 6 4 9 9
1 6 20 3 10 8 12 12
2 9 10 4 14 12 3 15
3 12 15 5 4 4 6 18
4 15 20 6 8 8 3 6
5 18 10 1 12 12 6 9
6 6 15 2 16 4 9 12
7 9 5 3 20 8 3 15
8 12 10 4 9 4 6 18
9 15 15 5 13 8 3 6
1 3 20 6 17 12 6 9
2 6 25 7 6 4 9 12
3 9 15 8 10 8 3 15
4 12 20 1 14 12 6 3
5 15 10 2 18 16 3 6
6 18 15 3 7 5 6 9
1 6 20 4 11 9 9 12
2 9 10 5 15 13 3 15
3 12 15 6 4 4 6 18
4 15 20 1 8 8 9 6
5 18 10 2 12 12 3 9
6 6 15 3 16 4 6 12
1 9 20 4 5 8 9 15
2 12 10 5 9 12 3 18
3 3 15 6 13 4 6 21
4 6 20 1 17 8 9 9
5 9 10 2 21 12 3 12
6 12 15 3 10 4 6 15
7 15 5 4 14 8 3 18
8 3 10 5 18 4 6 21
9 6 15 6 22 8 3 9
1 9 20 7 11 12 6 12
2 12 10 1 15 16 9 15
3 15 15 2 4 5 12 18
4 18 20 3 8 9 3 6
5 6 25 4 12 4 6 9
6 9 15 5 16 8 3 12
7 12 20 6 5 4 6 15
8 15 10 7 9 8 3 18
9 18 15 1 13 12 6 6
1 6 20 2 17 16 9 9
2 9 25 3 6 5 12 12
3 12 15 4 10 9 3 15
4 3 20 5 14 4 6 18
5 6 10 6 18 8 3 21
6 9 15 1 22 12 6 9
7 12 20 2 11 4 9 12
8 15 10 3 15 8 3 15
1 18 15 4 4 12 6 18
2 6 20 5 8 4 9 21
3 9 25 6 12 8 3 9
4 12 15 1 16 12 6 12
5 15 20 2 5 4 9 15
6 18 10 3 9 8 3 18
7 6 15 4 13 4 6 21
8 9 20 5 17 8 3 9
1 12 25 6 6 12 6 12
2 15 15 7 10 16 3 15
3 3 20 8 14 5 6 18
4 6 10 1 18 9 9 21
5 9 15 2 22 13 3 9
6 12 20 3 11 4 6 12
7 15 10 4 15 8 3 15
8 3 15 5 19 4 6 18
1 6 20 6 8 8 9 21
2 9 25 7 12 12 3 9
3 12 15 1 16 16 6 12
4 15 20 2 5 5 9 15
5 18 10 3 9 9 3 18
6 6 15 4 13 4 6 21
7 9 20 5 17 8 3 9
8 12 10 1 21 12 6 12
9 15 15 2 10 4 9 15
1 3 20 3 14 8 12 18
2 6 10 4 18 12 3 21
3 9 15 5 7 4 6 24
4 12 20 6 11 8 3 12
5 15 10 1 15 12 6 15
6 3 15 2 19 4 9 18
7 6 20 3 23 8 3 6
8 9 25 4 12 4 6 9
9 12 15 5 16 8 3 12
1 3 20 6 20 12 6 15
2 6 25 7 9 4 9 18
*
waitingTimeCarsGone
395
0
588
560
429
0
218
113
43
0
15
7
*
waitingTimeCarsLeft
0
21
0
17
5
4
0
4
4
1
