3
4 3 4 3 0 1 6 3
15
101
2119
16535.64
6326.667
305
carsInLane
4 3 4 3 0 1 6 3
8 6 4 6 0 2 6 6
4 3 8 9 0 3 12 9
8 6 12 12 0 4 6 3
12 9 16 15 0 1 12 6
16 12 5 3 0 2 18 9
5 3 9 6 0 3 24 12
9 6 13 9 0 4 15 3
13 9 17 12 0 1 21 6
17 12 6 3 0 2 27 9
6 3 10 6 0 3 33 12
10 6 14 9 0 4 24 3
14 9 18 12 0 1 30 6
18 12 7 3 0 2 36 9
7 3 11 6 0 3 42 12
11 6 15 9 0 4 33 3
15 9 19 12 0 1 39 6
19 12 8 3 0 2 45 9
8 3 12 6 0 3 51 12
12 6 16 9 0 4 42 3
16 9 20 12 0 1 48 6
20 12 9 3 0 2 54 9
9 3 13 6 0 3 60 12
13 6 17 9 0 4 51 3
17 9 21 12 0 1 57 6
21 12 10 3 0 2 63 9
10 3 14 6 0 3 69 12
14 6 18 9 0 4 60 3
18 9 22 12 0 1 66 6
22 12 11 3 0 2 72 9
11 3 15 6 0 3 78 12
15 6 19 9 0 4 69 3
19 9 23 12 0 1 75 6
23 12 12 3 0 2 81 9
12 3 16 6 0 3 87 12
16 6 20 9 0 4 78 3
20 9 24 12 0 1 84 6
24 12 13 3 0 2 90 9
13 3 17 6 0 3 96 12
17 6 21 9 0 4 87 3
21 9 25 12 0 1 93 6
25 12 14 3 0 2 99 9
14 3 18 6 0 3 105 12
18 6 22 9 0 4 96 3
22 9 26 12 0 1 102 6
26 12 15 3 0 2 108 9
15 3 19 6 0 3 114 12
19 6 23 9 0 4 105 3
23 9 27 12 0 1 111 6
27 12 16 3 0 2 117 9
16 3 20 6 0 3 123 12
20 6 24 9 0 4 114 3
24 9 28 12 0 1 120 6
28 12 17 3 0 2 126 9
17 3 21 6 0 3 132 12
21 6 25 9 0 4 123 3
25 9 29 12 0 1 129 6
29 12 18 3 0 2 135 9
18 3 22 6 0 3 141 12
22 6 26 9 0 4 132 3
26 9 30 12 0 1 138 6
30 12 19 3 0 2 144 9
19 3 23 6 0 3 150 12
23 6 27 9 0 4 141 3
27 9 31 12 0 1 147 6
31 12 20 3 0 2 153 9
20 3 24 6 0 3 159 12
24 6 28 9 0 4 150 3
28 9 32 12 0 1 156 6
32 12 21 3 0 2 162 9
21 3 25 6 0 3 168 12
25 6 29 9 0 4 159 3
29 9 33 12 0 1 165 6
33 12 22 3 0 2 171 9
22 3 26 6 0 3 177 12
26 6 30 9 0 4 168 3
30 9 34 12 0 1 174 6
34 12 23 3 0 2 180 9
23 3 27 6 0 3 186 12
27 6 31 9 0 4 177 3
31 9 35 12 0 1 183 6
35 12 24 3 0 2 189 9
24 3 28 6 0 3 195 12
28 6 32 9 0 4 186 3
32 9 36 12 0 1 192 6
36 12 25 3 0 2 198 9
25 3 29 6 0 3 204 12
29 6 33 9 0 4 195 3
33 9 37 12 0 1 201 6
37 12 26 3 0 2 207 9
26 3 30 6 0 3 213 12
30 6 34 9 0 4 204 3
34 9 38 12 0 1 210 6
38 12 27 3 0 2 216 9
27 3 31 6 0 3 222 12
31 6 35 9 0 4 213 3
35 9 39 12 0 1 219 6
39 12 28 3 0 2 225 9
28 3 32 6 0 3 231 12
32 6 36 9 0 4 222 3
36 9 40 12 0 1 228 6
*
waitingTimeCarsGone
282
0
307
329
364
0
132
129
123
0
89
57
28
0
9
9
12
0
9
9
12
0
9
9
12
0
9
9
12
0
9
9
12
0
9
9
12
0
9
9
12
0
9
9
12
0
9
9
12
0
6
3
*
waitingTimeCarsLeft
0
21
0
20
17
14
0
14
14
11
0
10
10
6
0
6
6
6
0
6
6
6
0
6
6
6
0
6
6
6
0
6
6
6
0
6
6
6
0
6
6
6
0
6
6
6
0
6
6
6
0
6
