6
1 3 5 1 4 4 3 3
15
101
2362
7691.34
carsInLane
1 3 5 1 4 4 3 3
2 6 5 2 8 8 3 6
3 9 10 3 4 4 6 9
4 12 5 4 8 8 3 12
5 3 10 5 12 4 6 15
6 6 15 6 16 8 3 3
7 9 20 7 5 4 6 6
8 12 10 1 9 8 9 9
1 3 15 2 13 12 12 12
2 6 5 3 17 16 3 15
3 9 10 4 6 5 6 18
4 12 15 5 10 9 3 6
5 3 20 6 14 4 6 9
6 6 10 7 18 8 3 12
7 9 15 1 22 12 6 3
1 12 20 2 11 16 9 6
2 15 10 3 15 20 3 9
3 3 15 4 19 9 6 12
4 6 20 5 8 4 9 15
5 9 10 6 12 8 3 18
6 12 15 1 16 12 6 6
7 15 20 2 5 4 9 9
1 3 25 3 9 8 12 12
2 6 15 4 13 12 3 15
3 9 20 5 4 4 6 18
4 12 10 6 8 8 3 21
5 15 15 1 12 12 6 9
6 3 20 2 16 4 9 12
7 6 10 3 20 8 3 15
1 9 15 4 9 12 6 18
2 12 20 5 13 16 3 6
3 15 25 6 4 5 6 9
4 18 15 7 8 9 3 12
5 21 20 1 12 13 6 3
1 9 25 2 16 17 9 6
2 12 15 3 20 21 3 9
3 15 20 4 9 10 6 12
4 18 10 5 13 14 3 15
5 6 15 6 17 4 6 18
6 9 20 1 21 8 9 6
7 12 10 2 25 12 3 9
1 15 15 3 14 16 6 12
2 3 20 4 18 5 9 15
3 6 10 5 22 9 3 18
4 9 15 6 11 4 6 21
5 12 20 1 15 8 9 9
6 15 10 2 19 12 3 12
7 18 15 3 8 4 6 15
1 6 20 4 12 8 9 18
2 9 10 5 16 12 3 21
3 12 15 6 5 4 6 24
4 15 20 1 9 8 9 12
5 18 10 2 13 12 3 15
6 6 15 3 17 4 6 18
7 9 20 4 21 8 3 6
1 12 25 5 10 12 6 9
2 15 15 6 14 16 3 12
3 3 20 7 18 5 6 15
4 6 25 1 22 9 9 3
5 9 15 2 26 13 3 6
6 12 20 3 15 4 6 9
7 15 10 4 19 8 3 12
1 3 15 5 23 12 6 15
2 6 20 6 12 4 9 18
3 9 10 7 16 8 3 21
4 12 15 1 20 12 6 9
5 15 20 2 9 4 9 12
6 18 10 3 13 8 3 15
7 6 15 4 17 4 6 18
1 9 20 5 6 8 9 21
2 12 25 6 10 12 3 9
3 15 15 1 14 16 6 12
4 3 20 2 18 5 9 15
5 6 10 3 22 9 3 18
6 9 15 4 11 4 6 21
7 12 20 5 15 8 3 9
1 3 25 6 19 12 6 12
2 6 15 7 23 16 3 15
3 9 20 1 27 20 6 3
4 12 25 2 16 9 9 6
5 15 15 3 20 13 3 9
6 18 20 4 9 4 6 12
7 21 10 5 13 8 3 15
1 9 15 6 17 12 6 18
2 12 20 7 6 4 9 21
3 15 25 1 10 8 12 9
4 18 15 2 14 12 3 12
5 6 20 3 18 4 6 15
6 9 10 4 22 8 3 18
7 12 15 5 11 4 6 21
1 3 20 6 15 8 9 24
2 6 25 7 19 12 3 12
3 9 15 1 23 16 6 15
4 12 20 2 12 5 9 18
5 15 10 3 16 9 3 21
6 18 15 4 5 4 6 24
7 21 20 5 9 8 3 12
1 9 25 6 13 12 6 15
2 12 15 7 17 16 3 18
3 15 20 1 21 20 6 6
4 18 25 2 10 9 9 9
*
waitingTimeCarsGone
352
0
527
555
455
0
273
126
64
0
10
*
waitingTimeCarsLeft
0
21
0
21
10
4
0
3
3
