2
1 3 5 1 4 4 3 3
15
101
2215
14252.98
carsInLane
1 3 5 1 4 4 3 3
2 6 5 2 8 8 3 6
3 9 10 3 4 4 6 9
4 12 15 1 8 8 9 3
1 3 20 2 12 12 12 6
2 6 10 3 16 16 3 9
3 9 15 4 5 5 6 12
4 12 20 1 9 9 9 3
1 3 25 2 13 13 12 6
2 6 15 3 17 17 3 9
3 9 20 4 6 6 6 12
4 12 25 1 10 10 9 3
1 3 30 2 14 14 12 6
2 6 20 3 18 18 3 9
3 9 25 4 7 7 6 12
4 12 30 1 11 11 9 3
1 3 35 2 15 15 12 6
2 6 25 3 19 19 3 9
3 9 30 4 8 8 6 12
4 12 35 1 12 12 9 3
1 3 40 2 16 16 12 6
2 6 30 3 20 20 3 9
3 9 35 4 9 9 6 12
4 12 40 1 13 13 9 3
1 3 45 2 17 17 12 6
2 6 35 3 21 21 3 9
3 9 40 4 10 10 6 12
4 12 45 1 14 14 9 3
1 3 50 2 18 18 12 6
2 6 40 3 22 22 3 9
3 9 45 4 11 11 6 12
4 12 50 1 15 15 9 3
1 3 55 2 19 19 12 6
2 6 45 3 23 23 3 9
3 9 50 4 12 12 6 12
4 12 55 1 16 16 9 3
1 3 60 2 20 20 12 6
2 6 50 3 24 24 3 9
3 9 55 4 13 13 6 12
4 12 60 1 17 17 9 3
1 3 65 2 21 21 12 6
2 6 55 3 25 25 3 9
3 9 60 4 14 14 6 12
4 12 65 1 18 18 9 3
1 3 70 2 22 22 12 6
2 6 60 3 26 26 3 9
3 9 65 4 15 15 6 12
4 12 70 1 19 19 9 3
1 3 75 2 23 23 12 6
2 6 65 3 27 27 3 9
3 9 70 4 16 16 6 12
4 12 75 1 20 20 9 3
1 3 80 2 24 24 12 6
2 6 70 3 28 28 3 9
3 9 75 4 17 17 6 12
4 12 80 1 21 21 9 3
1 3 85 2 25 25 12 6
2 6 75 3 29 29 3 9
3 9 80 4 18 18 6 12
4 12 85 1 22 22 9 3
1 3 90 2 26 26 12 6
2 6 80 3 30 30 3 9
3 9 85 4 19 19 6 12
4 12 90 1 23 23 9 3
1 3 95 2 27 27 12 6
2 6 85 3 31 31 3 9
3 9 90 4 20 20 6 12
4 12 95 1 24 24 9 3
1 3 100 2 28 28 12 6
2 6 90 3 32 32 3 9
3 9 95 4 21 21 6 12
4 12 100 1 25 25 9 3
1 3 105 2 29 29 12 6
2 6 95 3 33 33 3 9
3 9 100 4 22 22 6 12
4 12 105 1 26 26 9 3
1 3 110 2 30 30 12 6
2 6 100 3 34 34 3 9
3 9 105 4 23 23 6 12
4 12 110 1 27 27 9 3
1 3 115 2 31 31 12 6
2 6 105 3 35 35 3 9
3 9 110 4 24 24 6 12
4 12 115 1 28 28 9 3
1 3 120 2 32 32 12 6
2 6 110 3 36 36 3 9
3 9 115 4 25 25 6 12
4 12 120 1 29 29 9 3
1 3 125 2 33 33 12 6
2 6 115 3 37 37 3 9
3 9 120 4 26 26 6 12
4 12 125 1 30 30 9 3
1 3 130 2 34 34 12 6
2 6 120 3 38 38 3 9
3 9 125 4 27 27 6 12
4 12 130 1 31 31 9 3
1 3 135 2 35 35 12 6
2 6 125 3 39 39 3 9
3 9 130 4 28 28 6 12
4 12 135 1 32 32 9 3
1 3 140 2 36 36 12 6
*
waitingTimeCarsGone
303
0
332
361
394
0
135
135
123
0
91
59
27
0
15
15
15
0
15
15
15
0
15
15
15
0
15
15
15
0
15
15
15
0
15
10
5
*
waitingTimeCarsLeft
0
21
0
17
13
13
0
13
13
13
0
13
13
5
0
5
5
5
0
5
5
5
0
5
5
5
0
5
5
5
0
5
5
5
