5
6 1 2 2 3 3 4 3
15
100
2318
9837.996
456
106
15
carsInLane
6 1 2 2 3 3 4 3
6 2 4 4 3 6 8 6
12 3 6 6 6 9 4 3
6 4 8 8 3 12 8 6
12 1 10 10 6 3 12 9
18 2 2 12 9 6 4 12
24 3 4 2 12 9 8 3
15 4 6 4 3 12 12 6
6 1 8 6 6 15 16 9
12 2 10 8 9 18 5 3
18 3 12 10 3 6 9 6
24 4 2 2 6 9 13 9
15 5 4 4 3 12 17 12
21 6 6 6 6 15 6 3
27 1 8 8 9 3 10 6
18 2 10 10 3 6 14 9
24 3 2 12 6 9 4 12
30 4 4 2 9 12 8 3
21 5 6 4 3 15 12 6
12 1 8 6 6 18 16 9
18 2 10 8 3 6 20 12
24 3 12 10 6 9 9 3
30 4 2 2 9 12 13 6
21 5 4 4 3 15 17 9
12 1 6 6 6 18 21 12
18 2 8 8 9 21 10 3
24 3 10 10 3 9 14 6
15 4 12 12 3 12 18 9
21 5 2 2 6 15 22 12
27 6 4 4 9 18 11 3
33 1 6 6 12 6 15 6
24 2 8 8 3 9 19 9
30 3 10 10 6 12 8 3
21 4 12 12 3 15 12 6
27 5 2 2 6 18 16 9
18 6 4 4 3 21 20 12
24 1 6 6 6 9 24 15
30 2 8 8 9 12 13 3
21 3 10 10 3 15 17 6
27 4 2 12 6 18 6 9
33 5 4 2 9 21 10 3
24 6 6 4 3 24 14 6
30 1 8 6 6 12 18 9
21 2 10 8 3 15 22 12
27 3 12 10 6 18 11 3
33 4 2 2 9 21 15 6
24 5 4 4 3 24 19 9
30 1 6 6 6 12 23 12
21 2 8 8 3 15 27 15
27 3 10 10 6 18 16 3
18 4 12 12 3 21 20 6
24 5 2 2 6 24 24 9
30 6 4 4 9 27 13 3
36 1 6 6 12 15 17 6
27 2 8 8 3 18 21 9
18 3 10 10 3 21 25 12
24 4 12 12 6 24 14 3
30 5 2 2 9 27 18 6
21 6 4 4 3 30 22 9
27 1 6 6 6 18 26 12
33 2 8 8 9 21 15 3
24 3 10 10 3 24 19 6
30 4 2 12 6 27 8 9
36 5 4 2 9 30 12 3
27 6 6 4 3 33 16 6
33 1 8 6 6 21 20 9
24 2 10 8 3 24 24 12
30 3 12 10 6 27 13 3
36 4 2 2 9 30 17 6
27 5 4 4 3 33 21 9
33 1 6 6 6 21 25 12
24 2 8 8 3 24 29 15
30 3 10 10 6 27 18 3
21 4 12 12 3 30 22 6
27 5 2 2 6 33 26 9
33 6 4 4 3 21 30 12
24 1 6 6 6 24 34 15
30 2 8 8 9 27 23 3
21 3 10 10 3 30 27 6
27 4 2 12 6 33 16 9
33 5 4 2 9 36 20 3
39 1 6 4 12 24 24 6
30 2 8 6 3 27 28 9
36 3 10 8 6 30 17 3
27 4 12 10 3 33 21 6
33 5 2 2 6 36 25 9
39 6 4 4 3 24 29 12
30 1 6 6 6 27 33 15
36 2 8 8 9 30 22 3
27 3 10 10 3 33 26 6
33 1 12 12 6 21 30 9
39 2 2 2 9 24 34 12
30 3 4 4 3 27 38 15
36 4 6 6 6 30 27 3
27 5 8 8 3 33 31 6
33 6 2 10 6 36 20 9
39 1 4 12 9 24 24 12
45 2 6 2 12 27 28 3
36 3 8 4 3 30 32 6
42 4 2 6 6 33 21 9
33 5 4 8 3 36 25 12
*
waitingTimeCarsGone
324
3
356
382
414
18
344
228
88
3
56
37
29
3
21
12
*
waitingTimeCarsLeft
0
23
0
20
18
18
0
13
10
4
