4
4 1 3 4 4 0 5 3
15
101
2269
12093.68
1012
155
19
carsInLane
4 1 3 4 4 0 5 3
4 2 6 8 4 0 10 6
8 3 3 12 8 0 5 9
12 4 6 4 12 0 10 3
4 5 9 8 4 0 15 6
8 1 12 12 8 0 20 9
12 2 3 16 12 0 10 12
16 3 6 5 16 0 15 3
5 4 9 9 5 0 20 6
9 5 3 13 9 0 10 9
13 1 6 17 13 0 15 12
17 2 9 6 17 0 20 3
6 3 12 10 6 0 25 6
10 4 3 14 10 0 15 9
14 5 6 18 14 0 5 3
18 1 9 22 18 0 10 6
22 2 3 11 22 0 15 9
11 3 6 15 11 0 20 12
15 4 9 19 15 0 10 3
4 5 12 23 4 0 15 6
8 1 15 27 8 0 20 9
12 2 3 16 12 0 25 12
16 3 6 20 16 0 15 3
5 4 9 24 5 0 20 6
9 5 3 13 9 0 25 9
13 1 6 17 13 0 30 12
17 2 9 21 17 0 20 3
6 3 12 25 6 0 25 6
10 4 3 29 10 0 15 9
14 5 6 18 14 0 20 3
18 1 9 22 18 0 25 6
7 2 12 26 7 0 30 9
11 3 3 30 11 0 20 12
15 4 6 19 15 0 25 3
19 5 3 23 19 0 15 6
23 1 6 27 23 0 20 9
12 2 9 31 12 0 25 12
16 3 12 20 16 0 30 3
20 4 3 24 20 0 20 6
9 5 6 28 9 0 25 9
13 1 9 32 13 0 30 12
17 2 12 21 17 0 35 3
21 3 3 25 21 0 25 6
10 4 6 29 10 0 30 9
14 5 9 33 14 0 20 3
18 1 12 37 18 0 25 6
22 2 3 26 22 0 30 9
11 3 6 30 11 0 35 12
15 4 9 34 15 0 25 3
19 5 3 23 19 0 30 6
23 1 6 27 23 0 35 9
12 2 9 31 12 0 40 12
16 3 12 35 16 0 30 3
20 4 3 24 20 0 35 6
24 5 6 28 24 0 25 3
28 1 9 32 28 0 30 6
17 2 12 36 17 0 35 9
21 3 3 25 21 0 40 12
25 4 6 29 25 0 30 3
14 5 9 33 14 0 35 6
18 1 12 37 18 0 40 9
22 2 3 41 22 0 30 12
26 3 6 30 26 0 35 3
15 4 9 34 15 0 40 6
19 5 3 38 19 0 30 9
23 1 6 42 23 0 35 12
27 2 9 31 27 0 40 3
16 3 12 35 16 0 45 6
20 4 3 39 20 0 35 9
24 5 6 28 24 0 40 3
28 1 9 32 28 0 45 6
17 2 12 36 17 0 50 9
21 3 3 40 21 0 40 12
25 4 6 29 25 0 45 3
29 5 3 33 29 0 35 6
33 1 6 37 33 0 40 9
22 2 9 41 22 0 45 12
26 3 12 45 26 0 35 3
30 4 3 34 30 0 40 6
19 5 6 38 19 0 45 9
23 1 9 42 23 0 50 12
27 2 12 46 27 0 40 3
31 3 3 35 31 0 45 6
20 4 6 39 20 0 50 9
24 5 9 43 24 0 40 3
28 1 12 47 28 0 45 6
32 2 3 36 32 0 50 9
21 3 6 40 21 0 55 12
25 4 9 44 25 0 45 3
29 5 3 48 29 0 35 6
33 1 6 52 33 0 40 9
37 2 9 41 37 0 45 3
26 3 12 45 26 0 50 6
30 4 3 49 30 0 40 9
19 5 6 53 19 0 45 12
23 1 9 57 23 0 50 15
27 2 12 46 27 0 55 3
31 3 3 50 31 0 45 6
20 4 6 54 20 0 50 9
24 5 9 43 24 0 55 3
28 1 12 47 28 0 60 6
*
waitingTimeCarsGone
250
0
293
342
343
0
248
208
184
0
149
101
69
0
40
23
12
0
6
1
*
waitingTimeCarsLeft
0
21
0
20
17
17
0
17
17
17
0
9
9
4
0
4
3
