3
4 1 3 4 4 0 5 3
15
101
2191
15384.98
2992
233
36
carsInLane
4 1 3 4 4 0 5 3
4 2 6 8 4 0 10 6
8 3 3 12 8 0 5 9
12 4 6 4 12 0 10 3
16 1 9 8 16 0 15 6
5 2 12 12 5 0 20 9
9 3 3 16 9 0 10 12
13 4 6 5 13 0 15 3
17 1 9 9 17 0 20 6
6 2 12 13 6 0 25 9
10 3 3 17 10 0 15 12
14 4 6 6 14 0 20 3
18 1 9 10 18 0 25 6
7 2 12 14 7 0 30 9
11 3 3 18 11 0 20 12
15 4 6 7 15 0 25 3
19 1 9 11 19 0 30 6
8 2 12 15 8 0 35 9
12 3 3 19 12 0 25 12
16 4 6 8 16 0 30 3
20 1 9 12 20 0 35 6
9 2 12 16 9 0 40 9
13 3 3 20 13 0 30 12
17 4 6 9 17 0 35 3
21 1 9 13 21 0 40 6
10 2 12 17 10 0 45 9
14 3 3 21 14 0 35 12
18 4 6 10 18 0 40 3
22 1 9 14 22 0 45 6
11 2 12 18 11 0 50 9
15 3 3 22 15 0 40 12
19 4 6 11 19 0 45 3
23 1 9 15 23 0 50 6
12 2 12 19 12 0 55 9
16 3 3 23 16 0 45 12
20 4 6 12 20 0 50 3
24 1 9 16 24 0 55 6
13 2 12 20 13 0 60 9
17 3 3 24 17 0 50 12
21 4 6 13 21 0 55 3
25 1 9 17 25 0 60 6
14 2 12 21 14 0 65 9
18 3 3 25 18 0 55 12
22 4 6 14 22 0 60 3
26 1 9 18 26 0 65 6
15 2 12 22 15 0 70 9
19 3 3 26 19 0 60 12
23 4 6 15 23 0 65 3
27 1 9 19 27 0 70 6
16 2 12 23 16 0 75 9
20 3 3 27 20 0 65 12
24 4 6 16 24 0 70 3
28 1 9 20 28 0 75 6
17 2 12 24 17 0 80 9
21 3 3 28 21 0 70 12
25 4 6 17 25 0 75 3
29 1 9 21 29 0 80 6
18 2 12 25 18 0 85 9
22 3 3 29 22 0 75 12
26 4 6 18 26 0 80 3
30 1 9 22 30 0 85 6
19 2 12 26 19 0 90 9
23 3 3 30 23 0 80 12
27 4 6 19 27 0 85 3
31 1 9 23 31 0 90 6
20 2 12 27 20 0 95 9
24 3 3 31 24 0 85 12
28 4 6 20 28 0 90 3
32 1 9 24 32 0 95 6
21 2 12 28 21 0 100 9
25 3 3 32 25 0 90 12
29 4 6 21 29 0 95 3
33 1 9 25 33 0 100 6
22 2 12 29 22 0 105 9
26 3 3 33 26 0 95 12
30 4 6 22 30 0 100 3
34 1 9 26 34 0 105 6
23 2 12 30 23 0 110 9
27 3 3 34 27 0 100 12
31 4 6 23 31 0 105 3
35 1 9 27 35 0 110 6
24 2 12 31 24 0 115 9
28 3 3 35 28 0 105 12
32 4 6 24 32 0 110 3
36 1 9 28 36 0 115 6
25 2 12 32 25 0 120 9
29 3 3 36 29 0 110 12
33 4 6 25 33 0 115 3
37 1 9 29 37 0 120 6
26 2 12 33 26 0 125 9
30 3 3 37 30 0 115 12
34 4 6 26 34 0 120 3
38 1 9 30 38 0 125 6
27 2 12 34 27 0 130 9
31 3 3 38 31 0 120 12
35 4 6 27 35 0 125 3
39 1 9 31 39 0 130 6
28 2 12 35 28 0 135 9
32 3 3 39 32 0 125 12
36 4 6 28 36 0 130 3
40 1 9 32 40 0 135 6
*
waitingTimeCarsGone
210
0
255
300
346
0
195
195
183
0
137
89
41
0
15
15
15
0
15
15
15
0
15
15
15
0
15
15
15
0
15
15
15
0
10
5
*
waitingTimeCarsLeft
0
24
0
23
20
17
0
17
17
11
0
9
5
5
0
5
5
5
0
5
5
5
0
5
5
5
0
5
5
5
0
5
5
5
0
5
5
