9
6 2 2 4 4 4 2 0
15
101
2280
11653.33
838.6665
144
carsInLane
6 2 2 4 4 4 2 0
6 4 4 8 4 8 4 0
12 2 6 12 8 4 6 0
6 4 8 16 4 8 8 0
12 6 2 5 8 12 10 0
6 8 4 9 4 16 12 0
12 2 6 13 8 5 14 0
6 4 8 17 4 9 16 0
12 6 2 6 8 13 18 0
18 8 4 10 4 4 20 0
24 10 6 14 8 8 7 0
15 2 8 18 12 12 9 0
6 4 10 22 4 16 11 0
12 6 2 11 8 20 13 0
18 8 4 15 4 9 15 0
9 2 6 19 8 13 17 0
15 4 2 8 12 17 19 0
21 6 4 12 4 6 21 0
12 2 6 16 8 10 23 0
18 4 2 20 12 14 10 0
24 6 4 9 16 18 12 0
15 8 6 13 5 22 14 0
21 2 8 17 9 11 16 0
12 4 10 21 4 15 18 0
18 6 2 10 8 19 20 0
24 8 4 14 4 8 22 0
15 2 6 18 8 12 24 0
21 4 2 22 12 16 11 0
12 6 4 26 4 20 13 0
18 8 2 15 8 24 15 0
24 10 4 19 12 28 2 0
30 12 6 23 4 17 4 0
21 2 8 27 8 21 6 0
27 4 2 16 12 25 8 0
18 6 4 20 4 29 10 0
24 2 6 24 8 18 12 0
15 4 8 28 4 22 14 0
21 6 2 17 8 26 16 0
27 8 4 21 4 15 18 0
18 2 6 25 8 19 20 0
24 4 8 29 12 23 7 0
30 6 2 18 16 27 9 0
21 8 4 22 5 31 11 0
27 2 6 26 9 20 13 0
18 4 8 30 4 24 15 0
24 6 2 19 8 28 17 0
30 8 4 23 4 17 19 0
21 2 6 27 8 21 21 0
27 4 2 16 12 25 23 0
18 6 4 20 4 29 25 0
24 8 6 24 8 33 12 0
30 2 8 28 12 22 14 0
21 4 10 32 4 26 16 0
27 6 2 21 8 30 18 0
33 8 4 25 4 19 20 0
24 2 6 29 8 23 22 0
30 4 2 18 12 27 24 0
21 6 4 22 4 31 26 0
27 2 6 26 8 20 28 0
18 4 8 30 4 24 30 0
24 6 10 34 8 28 17 0
30 8 2 23 12 32 19 0
36 10 4 27 4 21 21 0
27 2 6 31 8 25 23 0
33 4 2 20 12 29 25 0
24 6 4 24 4 33 27 0
30 2 6 28 8 22 29 0
21 4 8 32 4 26 31 0
27 6 2 21 8 30 33 0
33 8 4 25 4 19 35 0
39 10 6 29 8 23 22 0
30 2 8 33 12 27 24 0
21 4 10 37 4 31 26 0
27 6 2 26 8 35 28 0
33 8 4 30 4 24 30 0
24 2 6 34 8 28 32 0
30 4 2 23 12 32 34 0
36 6 4 27 4 21 36 0
27 2 6 31 8 25 38 0
33 4 2 35 12 29 25 0
39 6 4 24 16 33 27 0
30 8 6 28 5 37 29 0
36 2 8 32 9 26 31 0
27 4 10 36 4 30 33 0
33 6 2 25 8 34 35 0
39 8 4 29 4 23 37 0
30 2 6 33 8 27 39 0
36 4 2 37 12 31 26 0
27 6 4 41 4 35 28 0
33 8 2 30 8 39 30 0
39 10 4 34 12 43 17 0
45 12 6 38 4 32 19 0
36 2 8 42 8 36 21 0
42 4 2 31 12 40 23 0
33 6 4 35 4 44 25 0
39 2 6 39 8 33 27 0
30 4 8 43 4 37 29 0
36 6 2 32 8 41 31 0
42 8 4 36 4 30 33 0
33 2 6 40 8 34 35 0
39 4 8 44 12 38 22 0
*
waitingTimeCarsGone
310
0
360
329
300
0
271
211
161
0
116
68
44
0
32
14
13
0
12
12
8
0
8
6
4
0
1
*
waitingTimeCarsLeft
0
22
0
22
20
16
0
16
16
13
0
7
6
4
0
2
