7
4 1 3 4 4 0 5 3
15
101
2376
6593.341
117.3333
48
9.666666
carsInLane
4 1 3 4 4 0 5 3
4 2 6 8 4 0 10 6
8 3 3 12 8 0 5 9
12 4 6 4 12 0 10 3
4 5 9 8 4 0 15 6
8 6 3 12 8 0 5 9
12 7 6 4 12 0 10 3
4 8 9 8 4 0 15 6
8 1 12 12 8 0 20 9
12 2 3 16 12 0 10 12
16 3 6 5 16 0 15 3
5 4 9 9 5 0 20 6
9 5 3 13 9 0 10 9
13 6 6 4 13 0 15 3
4 7 9 8 4 0 20 6
8 8 3 12 8 0 10 9
12 1 6 16 12 0 15 12
16 2 9 5 16 0 20 3
5 3 12 9 5 0 25 6
9 4 3 13 9 0 15 9
13 5 6 17 13 0 5 3
4 6 9 21 4 0 10 6
8 7 3 10 8 0 15 9
12 8 6 14 12 0 5 3
16 1 9 18 16 0 10 6
5 2 12 22 5 0 15 9
9 3 3 11 9 0 20 12
13 4 6 15 13 0 10 3
4 5 9 19 4 0 15 6
8 6 3 8 8 0 20 9
12 7 6 12 12 0 10 3
4 8 9 16 4 0 15 6
8 1 12 20 8 0 20 9
12 2 3 24 12 0 10 12
16 3 6 13 16 0 15 3
5 4 9 17 5 0 20 6
9 5 3 21 9 0 10 9
13 6 6 10 13 0 15 3
4 7 9 14 4 0 20 6
8 8 3 18 8 0 10 9
12 1 6 22 12 0 15 12
16 2 9 11 16 0 20 3
5 3 12 15 5 0 25 6
9 4 3 19 9 0 15 9
13 5 6 8 13 0 20 3
4 6 9 12 4 0 25 6
8 7 3 16 8 0 15 9
12 8 6 5 12 0 20 3
16 1 9 9 16 0 25 6
20 2 3 13 20 0 15 9
9 3 6 17 9 0 20 12
13 4 9 21 13 0 10 3
17 5 3 10 17 0 15 6
6 6 6 14 6 0 20 9
10 7 9 18 10 0 10 3
14 8 3 7 14 0 15 6
18 1 6 11 18 0 20 9
7 2 9 15 7 0 25 12
11 3 12 19 11 0 15 3
15 4 3 8 15 0 20 6
4 5 6 12 4 0 25 9
8 6 9 16 8 0 15 3
12 7 3 5 12 0 20 6
16 8 6 9 16 0 10 3
20 1 9 13 20 0 15 6
9 2 12 17 9 0 20 9
13 3 3 21 13 0 10 12
17 4 6 10 17 0 15 3
6 5 9 14 6 0 20 6
10 6 3 18 10 0 10 9
14 7 6 7 14 0 15 3
4 8 9 11 4 0 20 6
8 1 12 15 8 0 25 9
12 2 3 19 12 0 15 12
16 3 6 8 16 0 20 3
5 4 9 12 5 0 25 6
9 5 3 16 9 0 15 9
13 6 6 5 13 0 20 3
4 7 9 9 4 0 25 6
8 8 3 13 8 0 15 9
12 1 6 17 12 0 20 12
16 2 9 21 16 0 10 3
5 3 12 25 5 0 15 6
9 4 3 14 9 0 20 9
13 5 6 18 13 0 10 3
4 6 9 22 4 0 15 6
8 7 3 11 8 0 20 9
12 8 6 15 12 0 10 3
16 1 9 19 16 0 15 6
5 2 12 23 5 0 20 9
9 3 3 12 9 0 25 12
13 4 6 16 13 0 15 3
4 5 9 20 4 0 20 6
8 6 3 24 8 0 10 9
12 7 6 13 12 0 15 3
4 8 9 17 4 0 20 6
8 1 12 21 8 0 25 9
12 2 3 25 12 0 15 12
16 3 6 14 16 0 20 3
5 4 9 18 5 0 25 6
9 5 3 22 9 0 15 9
*
waitingTimeCarsGone
425
0
585
672
461
0
164
43
14
0
12
*
waitingTimeCarsLeft
0
21
0
17
8
1
0
1
