100
6 2 2 4 4 4 2 0
15
101
2280
11471.99
833.3332
144
carsInLane
6 2 2 4 4 4 2 0
6 4 4 8 4 8 4 0
12 2 6 12 8 4 6 0
6 4 8 16 4 8 8 0
12 6 2 5 8 12 10 0
6 8 4 9 4 16 12 0
12 2 6 13 8 5 14 0
6 4 8 17 4 9 16 0
12 6 2 6 8 13 18 0
18 8 4 10 4 4 20 0
9 2 6 14 8 8 22 0
15 4 2 18 12 12 9 0
6 6 4 22 4 16 11 0
12 8 2 11 8 20 13 0
18 2 4 15 12 9 15 0
9 4 6 19 4 13 17 0
15 6 2 8 8 17 19 0
21 8 4 12 4 6 21 0
12 2 6 16 8 10 23 0
18 4 2 20 12 14 10 0
9 6 4 24 4 18 12 0
15 8 2 13 8 22 14 0
21 2 4 17 12 11 16 0
12 4 6 21 4 15 18 0
18 6 2 10 8 19 20 0
24 8 4 14 4 8 22 0
15 2 6 18 8 12 24 0
21 4 2 22 12 16 11 0
12 6 4 26 4 20 13 0
18 8 2 15 8 24 15 0
24 2 4 19 12 13 17 0
15 4 6 23 4 17 19 0
21 6 2 12 8 21 21 0
12 8 4 16 4 25 23 0
18 2 6 20 8 14 25 0
24 4 2 24 12 18 12 0
15 6 4 28 4 22 14 0
21 8 2 17 8 26 16 0
27 2 4 21 12 15 18 0
18 4 6 25 4 19 20 0
24 6 2 14 8 23 22 0
15 8 4 18 4 27 24 0
21 2 6 22 8 16 26 0
27 4 2 26 12 20 13 0
18 6 4 30 4 24 15 0
24 8 2 19 8 28 17 0
30 2 4 23 12 17 19 0
21 4 6 27 4 21 21 0
27 6 2 16 8 25 23 0
18 8 4 20 4 29 25 0
24 2 6 24 8 18 27 0
30 4 2 28 12 22 14 0
21 6 4 32 4 26 16 0
27 8 2 21 8 30 18 0
33 2 4 25 12 19 20 0
24 4 6 29 4 23 22 0
30 6 2 18 8 27 24 0
21 8 4 22 4 31 26 0
27 2 6 26 8 20 28 0
18 4 8 30 4 24 30 0
24 6 2 34 8 28 17 0
30 8 2 23 12 32 19 0
36 10 4 27 4 21 21 0
27 2 6 31 8 25 23 0
33 4 2 20 12 29 25 0
24 6 4 24 4 33 27 0
30 2 6 28 8 22 29 0
21 4 8 32 4 26 31 0
27 6 2 21 8 30 33 0
33 8 4 25 4 19 35 0
24 2 6 29 8 23 37 0
30 4 2 33 12 27 24 0
21 6 4 37 4 31 26 0
27 8 2 26 8 35 28 0
33 2 4 30 12 24 30 0
24 4 6 34 4 28 32 0
30 6 2 23 8 32 34 0
36 8 4 27 4 21 36 0
27 2 6 31 8 25 38 0
33 4 2 35 12 29 25 0
24 6 4 39 4 33 27 0
30 8 2 28 8 37 29 0
36 2 4 32 12 26 31 0
27 4 6 36 4 30 33 0
33 6 2 25 8 34 35 0
39 8 4 29 4 23 37 0
30 2 6 33 8 27 39 0
36 4 2 37 12 31 26 0
27 6 4 41 4 35 28 0
33 8 2 30 8 39 30 0
39 2 4 34 12 28 32 0
30 4 6 38 4 32 34 0
36 6 2 27 8 36 36 0
27 8 4 31 4 40 38 0
33 2 6 35 8 29 40 0
39 4 2 39 12 33 27 0
30 6 4 43 4 37 29 0
36 8 2 32 8 41 31 0
42 2 4 36 12 30 33 0
33 4 6 40 4 34 35 0
39 6 2 29 8 38 37 0
*
waitingTimeCarsGone
335
0
389
354
280
0
243
198
145
0
107
68
44
0
19
16
16
0
13
12
10
0
10
10
8
0
3
*
waitingTimeCarsLeft
0
24
0
22
18
16
0
16
16
13
0
7
6
4
0
2
