6
6 2 2 4 4 4 2 0
15
101
2277
11832.33
1033.333
147
carsInLane
6 2 2 4 4 4 2 0
6 4 4 8 4 8 4 0
12 2 6 12 8 4 6 0
6 4 8 16 4 8 8 0
12 6 2 5 8 12 10 0
6 8 4 9 4 16 12 0
12 2 6 13 8 5 14 0
18 4 8 17 12 9 2 0
9 6 10 21 4 13 4 0
15 8 2 10 8 17 6 0
21 2 4 14 12 6 8 0
12 4 6 18 4 10 10 0
18 6 2 7 8 14 12 0
9 8 4 11 4 18 14 0
15 10 6 15 8 22 2 0
21 2 8 19 12 11 4 0
12 4 10 23 4 15 6 0
18 6 2 12 8 19 8 0
24 8 4 16 4 8 10 0
15 2 6 20 8 12 12 0
21 4 2 9 12 16 14 0
27 6 4 13 16 20 2 0
18 8 6 17 5 24 4 0
24 2 8 21 9 13 6 0
15 4 10 25 4 17 8 0
21 6 2 14 8 21 10 0
12 8 4 18 4 25 12 0
18 2 6 22 8 14 14 0
24 4 8 26 12 18 2 0
15 6 10 30 4 22 4 0
21 8 2 19 8 26 6 0
27 2 4 23 12 15 8 0
18 4 6 27 4 19 10 0
24 6 2 16 8 23 12 0
15 8 4 20 4 27 14 0
21 10 6 24 8 31 2 0
27 2 8 28 12 20 4 0
18 4 10 32 4 24 6 0
24 6 2 21 8 28 8 0
30 8 4 25 4 17 10 0
21 2 6 29 8 21 12 0
27 4 2 18 12 25 14 0
33 6 4 22 16 29 2 0
24 8 6 26 5 33 4 0
30 2 8 30 9 22 6 0
21 4 10 34 4 26 8 0
27 6 2 23 8 30 10 0
33 8 4 27 4 19 12 0
24 2 6 31 8 23 14 0
30 4 8 35 12 27 2 0
36 6 2 24 16 31 4 0
27 8 4 28 5 35 6 0
33 2 6 32 9 24 8 0
24 4 8 36 4 28 10 0
30 6 2 25 8 32 12 0
36 8 4 29 4 21 14 0
42 10 6 33 8 25 2 0
33 2 8 37 12 29 4 0
24 4 10 41 4 33 6 0
30 6 2 30 8 37 8 0
36 8 4 34 4 26 10 0
27 2 6 38 8 30 12 0
33 4 2 27 12 34 14 0
39 6 4 31 16 38 2 0
30 8 6 35 5 42 4 0
36 2 8 39 9 31 6 0
42 4 2 28 13 35 8 0
33 6 4 32 4 39 10 0
39 2 6 36 8 28 12 0
30 4 8 40 4 32 14 0
36 6 10 44 8 36 2 0
42 8 2 33 12 40 4 0
33 10 4 37 4 44 6 0
39 2 6 41 8 33 8 0
30 4 8 45 4 37 10 0
36 6 2 34 8 41 12 0
42 8 4 38 4 30 14 0
48 10 6 42 8 34 2 0
39 2 8 46 12 38 4 0
45 4 2 35 16 42 6 0
36 6 4 39 5 46 8 0
42 2 6 43 9 35 10 0
33 4 8 47 4 39 12 0
39 6 2 36 8 43 14 0
45 8 4 40 12 47 2 0
51 10 6 44 4 36 4 0
42 2 8 48 8 40 6 0
48 4 2 37 12 44 8 0
39 6 4 41 4 48 10 0
45 2 6 45 8 37 12 0
36 4 8 49 4 41 14 0
42 6 10 53 8 45 2 0
48 8 2 42 12 49 4 0
54 10 4 46 4 38 6 0
45 2 6 50 8 42 8 0
51 4 2 39 12 46 10 0
42 6 4 43 4 50 12 0
48 2 6 47 8 39 14 0
54 4 8 51 12 43 2 0
45 6 10 55 4 47 4 0
51 8 2 44 8 51 6 0
*
waitingTimeCarsGone
312
0
360
324
279
0
220
188
185
0
122
100
71
0
60
39
13
0
4
*
waitingTimeCarsLeft
0
20
0
18
18
16
0
14
14
8
0
8
8
8
0
8
4
3
