8
1 2 4 4 5 4 3 1
15
101
2378
6163.335
carsInLane
1 2 4 4 5 4 3 1
2 4 8 8 5 4 6 2
3 6 4 4 10 8 9 3
4 8 8 8 5 4 12 4
5 10 4 12 10 8 3 5
6 2 8 16 15 4 6 6
7 4 4 5 20 8 9 7
8 6 8 9 10 4 12 8
9 8 4 13 15 8 3 9
1 2 8 17 20 12 6 10
2 4 12 6 25 16 9 1
3 6 16 10 15 5 12 2
4 8 5 14 20 9 3 3
5 10 9 18 10 4 6 4
6 12 4 7 15 8 9 5
7 14 8 11 5 4 12 6
1 2 12 15 10 8 15 7
2 4 4 19 15 12 3 8
3 6 8 8 20 16 6 1
4 8 12 12 10 5 9 2
5 10 4 4 15 9 12 3
6 12 8 8 5 4 15 4
7 14 4 12 10 8 3 5
8 2 8 16 15 4 6 6
9 4 4 5 20 8 9 7
1 6 8 9 10 12 12 8
2 8 12 13 5 4 15 9
3 10 16 17 10 8 3 1
4 12 5 6 15 12 6 2
5 14 9 10 5 4 9 3
1 2 13 14 10 8 12 4
2 4 4 4 15 12 15 5
3 6 8 8 5 4 18 6
4 8 4 12 10 8 6 7
5 10 8 4 15 12 9 1
6 12 12 8 5 4 12 2
7 14 4 12 10 8 3 3
8 2 8 16 15 4 6 4
9 4 4 5 20 8 9 5
1 6 8 9 10 12 12 6
2 8 12 13 5 4 15 7
3 10 4 17 10 8 3 8
4 12 8 6 15 12 6 1
5 14 12 10 5 4 9 2
6 16 4 4 10 8 12 3
7 3 8 8 15 4 15 4
8 5 4 12 20 8 3 5
1 7 8 16 10 12 6 6
2 9 4 5 15 16 9 7
3 11 8 9 5 5 12 8
4 13 4 13 10 9 3 9
5 15 8 4 15 13 6 1
6 2 12 8 20 4 9 2
1 4 16 12 10 8 12 3
2 6 5 16 15 12 3 4
3 8 9 20 5 4 6 5
4 10 4 9 10 8 9 6
5 2 8 13 15 4 12 7
6 4 4 4 20 8 15 8
7 6 8 8 10 4 18 9
8 8 12 12 15 8 6 1
9 10 4 4 20 12 9 2
1 2 8 8 25 16 12 3
2 4 12 12 15 5 15 4
3 6 4 16 20 9 3 5
4 8 8 20 10 4 6 6
5 10 4 9 15 8 9 7
6 12 8 13 5 4 12 8
7 14 12 4 10 8 15 1
8 16 4 8 15 12 3 2
9 3 8 12 20 4 6 3
1 5 12 16 10 8 9 4
2 7 4 5 15 12 12 5
3 9 8 9 5 4 15 6
4 11 4 13 10 8 3 7
5 13 8 4 15 12 6 1
6 15 12 8 5 4 9 2
7 17 4 12 10 8 3 3
8 4 8 16 15 4 6 4
9 6 4 5 20 8 9 5
1 8 8 9 10 12 12 6
2 10 12 13 5 4 15 7
3 12 4 17 10 8 3 8
4 14 8 6 15 12 6 1
5 16 12 10 5 4 9 2
6 18 4 4 10 8 12 3
7 5 8 8 15 4 15 4
8 7 4 12 20 8 3 5
1 9 8 16 10 12 6 6
2 11 4 5 15 16 9 7
3 13 8 9 5 5 12 8
4 15 4 13 10 9 3 9
5 17 8 4 15 13 6 1
6 4 12 8 20 4 9 2
1 6 16 12 10 8 12 3
2 8 5 16 15 12 3 4
3 10 9 20 5 4 6 5
4 12 4 9 10 8 9 6
5 2 8 13 15 4 12 7
6 4 4 4 20 8 15 8
7 6 8 8 10 4 18 9
*
waitingTimeCarsGone
579
0
696
532
308
0
122
54
41
0
29
16
1
*
waitingTimeCarsLeft
0
23
0
16
3
1
0
1
1
1
