1
6 2 2 4 4 4 2 0
15
101
2095
18782.35
6329.334
329
carsInLane
6 2 2 4 4 4 2 0
6 4 4 8 4 8 4 0
12 2 6 12 8 4 6 0
18 4 2 16 12 8 2 0
24 6 4 5 16 12 4 0
15 8 6 9 5 16 6 0
21 2 8 13 9 5 8 0
27 4 2 17 13 9 2 0
33 6 4 6 17 13 4 0
24 8 6 10 6 17 6 0
30 2 8 14 10 6 8 0
36 4 2 18 14 10 2 0
42 6 4 7 18 14 4 0
33 8 6 11 7 18 6 0
39 2 8 15 11 7 8 0
45 4 2 19 15 11 2 0
51 6 4 8 19 15 4 0
42 8 6 12 8 19 6 0
48 2 8 16 12 8 8 0
54 4 2 20 16 12 2 0
60 6 4 9 20 16 4 0
51 8 6 13 9 20 6 0
57 2 8 17 13 9 8 0
63 4 2 21 17 13 2 0
69 6 4 10 21 17 4 0
60 8 6 14 10 21 6 0
66 2 8 18 14 10 8 0
72 4 2 22 18 14 2 0
78 6 4 11 22 18 4 0
69 8 6 15 11 22 6 0
75 2 8 19 15 11 8 0
81 4 2 23 19 15 2 0
87 6 4 12 23 19 4 0
78 8 6 16 12 23 6 0
84 2 8 20 16 12 8 0
90 4 2 24 20 16 2 0
96 6 4 13 24 20 4 0
87 8 6 17 13 24 6 0
93 2 8 21 17 13 8 0
99 4 2 25 21 17 2 0
105 6 4 14 25 21 4 0
96 8 6 18 14 25 6 0
102 2 8 22 18 14 8 0
108 4 2 26 22 18 2 0
114 6 4 15 26 22 4 0
105 8 6 19 15 26 6 0
111 2 8 23 19 15 8 0
117 4 2 27 23 19 2 0
123 6 4 16 27 23 4 0
114 8 6 20 16 27 6 0
120 2 8 24 20 16 8 0
126 4 2 28 24 20 2 0
132 6 4 17 28 24 4 0
123 8 6 21 17 28 6 0
129 2 8 25 21 17 8 0
135 4 2 29 25 21 2 0
141 6 4 18 29 25 4 0
132 8 6 22 18 29 6 0
138 2 8 26 22 18 8 0
144 4 2 30 26 22 2 0
150 6 4 19 30 26 4 0
141 8 6 23 19 30 6 0
147 2 8 27 23 19 8 0
153 4 2 31 27 23 2 0
159 6 4 20 31 27 4 0
150 8 6 24 20 31 6 0
156 2 8 28 24 20 8 0
162 4 2 32 28 24 2 0
168 6 4 21 32 28 4 0
159 8 6 25 21 32 6 0
165 2 8 29 25 21 8 0
171 4 2 33 29 25 2 0
177 6 4 22 33 29 4 0
168 8 6 26 22 33 6 0
174 2 8 30 26 22 8 0
180 4 2 34 30 26 2 0
186 6 4 23 34 30 4 0
177 8 6 27 23 34 6 0
183 2 8 31 27 23 8 0
189 4 2 35 31 27 2 0
195 6 4 24 35 31 4 0
186 8 6 28 24 35 6 0
192 2 8 32 28 24 8 0
198 4 2 36 32 28 2 0
204 6 4 25 36 32 4 0
195 8 6 29 25 36 6 0
201 2 8 33 29 25 8 0
207 4 2 37 33 29 2 0
213 6 4 26 37 33 4 0
204 8 6 30 26 37 6 0
210 2 8 34 30 26 8 0
216 4 2 38 34 30 2 0
222 6 4 27 38 34 4 0
213 8 6 31 27 38 6 0
219 2 8 35 31 27 8 0
225 4 2 39 35 31 2 0
231 6 4 28 39 35 4 0
222 8 6 32 28 39 6 0
228 2 8 36 32 28 8 0
234 4 2 40 36 32 2 0
240 6 4 29 40 36 4 0
*
waitingTimeCarsGone
182
0
223
268
318
0
189
189
180
0
131
83
38
0
9
9
12
0
9
9
12
0
9
9
12
0
9
9
12
0
9
9
12
0
9
9
12
0
9
9
12
0
9
9
12
0
9
9
12
0
9
9
6
*
waitingTimeCarsLeft
0
24
0
24
20
18
0
18
18
15
0
11
10
6
0
6
6
6
0
6
6
6
0
6
6
6
0
6
6
6
0
6
6
6
0
6
6
6
0
6
6
6
0
6
6
6
0
6
6
6
0
3
