5
4 1 3 4 4 0 5 3
15
101
2331
9400.998
370.6667
93
12.33333
carsInLane
4 1 3 4 4 0 5 3
4 2 6 8 4 0 10 6
8 3 3 12 8 0 5 9
12 4 6 4 12 0 10 3
4 5 9 8 4 0 15 6
8 6 3 12 8 0 5 9
12 1 6 16 12 0 10 12
16 2 9 5 16 0 15 3
5 3 12 9 5 0 20 6
9 4 3 13 9 0 10 9
13 5 6 4 13 0 15 3
4 6 9 8 4 0 20 6
8 1 12 12 8 0 25 9
12 2 3 16 12 0 15 12
16 3 6 5 16 0 20 3
5 4 9 9 5 0 25 6
9 5 3 13 9 0 15 9
13 6 6 17 13 0 5 3
17 1 9 21 17 0 10 6
6 2 12 25 6 0 15 9
10 3 3 14 10 0 20 12
14 4 6 18 14 0 10 3
4 5 9 22 4 0 15 6
8 6 3 11 8 0 20 9
12 1 6 15 12 0 25 12
16 2 9 19 16 0 15 3
5 3 12 23 5 0 20 6
9 4 3 12 9 0 25 9
13 5 6 16 13 0 15 3
4 6 9 20 4 0 20 6
8 1 12 24 8 0 25 9
12 2 3 28 12 0 15 12
16 3 6 17 16 0 20 3
5 4 9 21 5 0 25 6
9 5 3 25 9 0 15 9
13 6 6 14 13 0 20 3
17 1 9 18 17 0 25 6
6 2 12 22 6 0 30 9
10 3 3 26 10 0 20 12
14 4 6 15 14 0 25 3
18 5 3 19 18 0 15 6
7 6 6 23 7 0 20 9
11 1 9 27 11 0 25 12
15 2 12 16 15 0 30 3
19 3 3 20 19 0 20 6
8 4 6 24 8 0 25 9
12 5 9 28 12 0 15 3
16 6 3 17 16 0 20 6
20 1 6 21 20 0 25 9
9 2 9 25 9 0 30 12
13 3 12 29 13 0 20 3
17 4 3 18 17 0 25 6
6 5 6 22 6 0 30 9
10 6 9 26 10 0 20 3
14 1 12 30 14 0 25 6
18 2 3 19 18 0 30 9
22 3 6 23 22 0 20 3
11 4 9 27 11 0 25 6
15 5 3 16 15 0 30 9
19 6 6 20 19 0 20 3
23 1 9 24 23 0 25 6
12 2 12 28 12 0 30 9
16 3 3 32 16 0 20 12
20 4 6 21 20 0 25 3
9 5 9 25 9 0 30 6
13 6 3 29 13 0 20 9
17 1 6 33 17 0 25 12
21 2 9 22 21 0 30 3
10 3 12 26 10 0 35 6
14 4 3 30 14 0 25 9
18 5 6 19 18 0 30 3
7 6 9 23 7 0 35 6
11 1 12 27 11 0 40 9
15 2 3 31 15 0 30 12
19 3 6 20 19 0 35 3
23 4 3 24 23 0 25 6
12 5 6 28 12 0 30 9
16 6 9 32 16 0 20 3
20 1 12 36 20 0 25 6
24 2 3 25 24 0 30 9
13 3 6 29 13 0 35 12
17 4 9 33 17 0 25 3
21 5 3 22 21 0 30 6
10 6 6 26 10 0 35 9
14 1 9 30 14 0 40 12
18 2 12 34 18 0 30 3
22 3 3 23 22 0 35 6
11 4 6 27 11 0 40 9
15 5 9 31 15 0 30 3
19 6 3 20 19 0 35 6
23 1 6 24 23 0 40 9
27 2 9 28 27 0 30 3
16 3 12 32 16 0 35 6
20 4 3 36 20 0 25 9
24 5 6 25 24 0 30 3
13 6 9 29 13 0 35 6
17 1 12 33 17 0 40 9
21 2 3 37 21 0 30 12
25 3 6 26 25 0 35 3
14 4 9 30 14 0 40 6
18 5 3 34 18 0 30 9
*
waitingTimeCarsGone
299
0
368
462
432
0
302
248
128
0
73
18
1
*
waitingTimeCarsLeft
0
21
0
18
18
18
0
13
5
