2
4 1 3 4 4 0 5 3
15
101
2196
15530.65
2954.666
228
36
carsInLane
4 1 3 4 4 0 5 3
4 2 6 8 4 0 10 6
8 3 3 12 8 0 5 9
12 1 6 16 12 0 10 12
16 2 9 5 16 0 15 3
5 3 12 9 5 0 20 6
9 4 3 13 9 0 10 9
13 1 6 17 13 0 15 12
17 2 9 6 17 0 20 3
6 3 12 10 6 0 25 6
10 4 3 14 10 0 15 9
14 1 6 18 14 0 20 12
18 2 9 7 18 0 25 3
7 3 12 11 7 0 30 6
11 4 3 15 11 0 20 9
15 1 6 19 15 0 25 12
19 2 9 8 19 0 30 3
8 3 12 12 8 0 35 6
12 4 3 16 12 0 25 9
16 1 6 20 16 0 30 12
20 2 9 9 20 0 35 3
9 3 12 13 9 0 40 6
13 4 3 17 13 0 30 9
17 1 6 21 17 0 35 12
21 2 9 10 21 0 40 3
10 3 12 14 10 0 45 6
14 4 3 18 14 0 35 9
18 1 6 22 18 0 40 12
22 2 9 11 22 0 45 3
11 3 12 15 11 0 50 6
15 4 3 19 15 0 40 9
19 1 6 23 19 0 45 12
23 2 9 12 23 0 50 3
12 3 12 16 12 0 55 6
16 4 3 20 16 0 45 9
20 1 6 24 20 0 50 12
24 2 9 13 24 0 55 3
13 3 12 17 13 0 60 6
17 4 3 21 17 0 50 9
21 1 6 25 21 0 55 12
25 2 9 14 25 0 60 3
14 3 12 18 14 0 65 6
18 4 3 22 18 0 55 9
22 1 6 26 22 0 60 12
26 2 9 15 26 0 65 3
15 3 12 19 15 0 70 6
19 4 3 23 19 0 60 9
23 1 6 27 23 0 65 12
27 2 9 16 27 0 70 3
16 3 12 20 16 0 75 6
20 4 3 24 20 0 65 9
24 1 6 28 24 0 70 12
28 2 9 17 28 0 75 3
17 3 12 21 17 0 80 6
21 4 3 25 21 0 70 9
25 1 6 29 25 0 75 12
29 2 9 18 29 0 80 3
18 3 12 22 18 0 85 6
22 4 3 26 22 0 75 9
26 1 6 30 26 0 80 12
30 2 9 19 30 0 85 3
19 3 12 23 19 0 90 6
23 4 3 27 23 0 80 9
27 1 6 31 27 0 85 12
31 2 9 20 31 0 90 3
20 3 12 24 20 0 95 6
24 4 3 28 24 0 85 9
28 1 6 32 28 0 90 12
32 2 9 21 32 0 95 3
21 3 12 25 21 0 100 6
25 4 3 29 25 0 90 9
29 1 6 33 29 0 95 12
33 2 9 22 33 0 100 3
22 3 12 26 22 0 105 6
26 4 3 30 26 0 95 9
30 1 6 34 30 0 100 12
34 2 9 23 34 0 105 3
23 3 12 27 23 0 110 6
27 4 3 31 27 0 100 9
31 1 6 35 31 0 105 12
35 2 9 24 35 0 110 3
24 3 12 28 24 0 115 6
28 4 3 32 28 0 105 9
32 1 6 36 32 0 110 12
36 2 9 25 36 0 115 3
25 3 12 29 25 0 120 6
29 4 3 33 29 0 110 9
33 1 6 37 33 0 115 12
37 2 9 26 37 0 120 3
26 3 12 30 26 0 125 6
30 4 3 34 30 0 115 9
34 1 6 38 34 0 120 12
38 2 9 27 38 0 125 3
27 3 12 31 27 0 130 6
31 4 3 35 31 0 120 9
35 1 6 39 35 0 125 12
39 2 9 28 39 0 130 3
28 3 12 32 28 0 135 6
32 4 3 36 32 0 125 9
36 1 6 40 36 0 130 12
40 2 9 29 40 0 135 3
*
waitingTimeCarsGone
206
0
251
296
348
0
195
195
186
0
141
93
45
0
15
15
15
0
15
15
15
0
15
15
15
0
15
15
15
0
15
15
15
0
10
5
*
waitingTimeCarsLeft
0
24
0
21
20
17
0
17
17
11
0
6
5
5
0
5
5
5
0
5
5
5
0
5
5
5
0
5
5
5
0
5
5
5
0
5
5
