10
6 2 2 4 4 4 2 0
15
101
2284
11745.33
838.6666
140
carsInLane
6 2 2 4 4 4 2 0
6 4 4 8 4 8 4 0
12 2 6 12 8 4 6 0
6 4 8 16 4 8 8 0
12 6 2 5 8 12 10 0
6 8 4 9 4 16 12 0
12 2 6 13 8 5 14 0
6 4 8 17 4 9 16 0
12 6 2 6 8 13 18 0
18 8 4 10 4 4 20 0
9 2 6 14 8 8 22 0
15 4 8 18 12 12 9 0
6 6 10 22 4 16 11 0
12 8 2 11 8 20 13 0
18 2 4 15 12 9 15 0
9 4 6 19 4 13 17 0
15 6 2 8 8 17 19 0
21 8 4 12 4 6 21 0
12 2 6 16 8 10 23 0
18 4 2 20 12 14 10 0
9 6 4 24 4 18 12 0
15 8 2 13 8 22 14 0
21 10 4 17 12 26 2 0
27 12 6 21 4 15 4 0
18 2 8 25 8 19 6 0
24 4 2 14 12 23 8 0
15 6 4 18 4 27 10 0
21 2 6 22 8 16 12 0
12 4 8 26 4 20 14 0
18 6 2 15 8 24 16 0
24 8 4 19 4 13 18 0
15 2 6 23 8 17 20 0
21 4 2 12 12 21 22 0
27 6 4 16 16 25 9 0
18 8 6 20 5 29 11 0
24 2 8 24 9 18 13 0
15 4 10 28 4 22 15 0
21 6 2 17 8 26 17 0
27 8 4 21 4 15 19 0
18 2 6 25 8 19 21 0
24 4 2 14 12 23 23 0
15 6 4 18 4 27 25 0
21 2 6 22 8 16 27 0
27 4 2 26 12 20 14 0
33 6 4 15 16 24 16 0
24 8 6 19 5 28 18 0
30 2 8 23 9 17 20 0
21 4 10 27 4 21 22 0
27 6 2 16 8 25 24 0
18 8 4 20 4 29 26 0
24 2 6 24 8 18 28 0
30 4 2 28 12 22 15 0
21 6 4 32 4 26 17 0
27 8 2 21 8 30 19 0
33 2 4 25 12 19 21 0
39 4 6 29 16 23 8 0
30 6 8 33 5 27 10 0
36 8 2 22 9 31 12 0
27 10 4 26 4 35 14 0
33 2 6 30 8 24 16 0
24 4 8 34 4 28 18 0
30 6 2 23 8 32 20 0
36 8 4 27 4 21 22 0
27 2 6 31 8 25 24 0
33 4 2 20 12 29 26 0
24 6 4 24 4 33 28 0
30 8 6 28 8 37 15 0
36 2 8 32 12 26 17 0
27 4 10 36 4 30 19 0
33 6 2 25 8 34 21 0
39 8 4 29 4 23 23 0
30 2 6 33 8 27 25 0
36 4 2 22 12 31 27 0
27 6 4 26 4 35 29 0
33 2 6 30 8 24 31 0
24 4 8 34 4 28 33 0
30 6 2 23 8 32 35 0
36 8 4 27 12 36 22 0
27 10 6 31 4 40 24 0
33 2 8 35 8 29 26 0
39 4 2 24 12 33 28 0
30 6 4 28 4 37 30 0
36 2 6 32 8 26 32 0
27 4 8 36 4 30 34 0
33 6 2 25 8 34 36 0
39 8 4 29 4 23 38 0
30 2 6 33 8 27 40 0
36 4 2 37 12 31 27 0
42 6 4 26 16 35 29 0
33 8 6 30 5 39 31 0
39 2 8 34 9 28 33 0
30 4 10 38 4 32 35 0
36 6 2 27 8 36 37 0
27 8 4 31 4 40 39 0
33 2 6 35 8 29 41 0
39 4 2 39 12 33 28 0
30 6 4 43 4 37 30 0
36 8 2 32 8 41 32 0
42 2 4 36 12 30 34 0
48 4 6 40 16 34 21 0
39 6 8 44 5 38 23 0
*
waitingTimeCarsGone
316
0
358
313
295
0
254
241
167
0
118
81
43
0
25
11
11
0
13
8
8
0
8
5
4
0
4
1
*
waitingTimeCarsLeft
0
22
0
19
18
16
0
16
16
13
0
7
6
4
0
2
1
