3
3 4 2 4 5 1 1 4
15
101
2186
15620.66
2854.666
238
36.33334
-2069.664
carsInLane
3 4 2 4 5 1 1 4
3 8 4 8 5 2 2 8
6 12 6 4 10 3 3 4
3 4 8 8 15 4 4 8
6 8 2 12 20 5 1 12
9 12 4 16 10 1 2 16
12 16 6 5 15 2 3 5
3 5 8 9 20 3 4 9
6 9 2 13 25 4 1 13
9 13 4 17 15 1 2 17
12 17 6 6 20 2 3 6
3 6 8 10 25 3 4 10
6 10 2 14 30 4 1 14
9 14 4 18 20 1 2 18
12 18 6 7 25 2 3 7
3 7 8 11 30 3 4 11
6 11 2 15 35 4 1 15
9 15 4 19 25 1 2 19
12 19 6 8 30 2 3 8
3 8 8 12 35 3 4 12
6 12 2 16 40 4 1 16
9 16 4 20 30 1 2 20
12 20 6 9 35 2 3 9
3 9 8 13 40 3 4 13
6 13 2 17 45 4 1 17
9 17 4 21 35 1 2 21
12 21 6 10 40 2 3 10
3 10 8 14 45 3 4 14
6 14 2 18 50 4 1 18
9 18 4 22 40 1 2 22
12 22 6 11 45 2 3 11
3 11 8 15 50 3 4 15
6 15 2 19 55 4 1 19
9 19 4 23 45 1 2 23
12 23 6 12 50 2 3 12
3 12 8 16 55 3 4 16
6 16 2 20 60 4 1 20
9 20 4 24 50 1 2 24
12 24 6 13 55 2 3 13
3 13 8 17 60 3 4 17
6 17 2 21 65 4 1 21
9 21 4 25 55 1 2 25
12 25 6 14 60 2 3 14
3 14 8 18 65 3 4 18
6 18 2 22 70 4 1 22
9 22 4 26 60 1 2 26
12 26 6 15 65 2 3 15
3 15 8 19 70 3 4 19
6 19 2 23 75 4 1 23
9 23 4 27 65 1 2 27
12 27 6 16 70 2 3 16
3 16 8 20 75 3 4 20
6 20 2 24 80 4 1 24
9 24 4 28 70 1 2 28
12 28 6 17 75 2 3 17
3 17 8 21 80 3 4 21
6 21 2 25 85 4 1 25
9 25 4 29 75 1 2 29
12 29 6 18 80 2 3 18
3 18 8 22 85 3 4 22
6 22 2 26 90 4 1 26
9 26 4 30 80 1 2 30
12 30 6 19 85 2 3 19
3 19 8 23 90 3 4 23
6 23 2 27 95 4 1 27
9 27 4 31 85 1 2 31
12 31 6 20 90 2 3 20
3 20 8 24 95 3 4 24
6 24 2 28 100 4 1 28
9 28 4 32 90 1 2 32
12 32 6 21 95 2 3 21
3 21 8 25 100 3 4 25
6 25 2 29 105 4 1 29
9 29 4 33 95 1 2 33
12 33 6 22 100 2 3 22
3 22 8 26 105 3 4 26
6 26 2 30 110 4 1 30
9 30 4 34 100 1 2 34
12 34 6 23 105 2 3 23
3 23 8 27 110 3 4 27
6 27 2 31 115 4 1 31
9 31 4 35 105 1 2 35
12 35 6 24 110 2 3 24
3 24 8 28 115 3 4 28
6 28 2 32 120 4 1 32
9 32 4 36 110 1 2 36
12 36 6 25 115 2 3 25
3 25 8 29 120 3 4 29
6 29 2 33 125 4 1 33
9 33 4 37 115 1 2 37
12 37 6 26 120 2 3 26
3 26 8 30 125 3 4 30
6 30 2 34 130 4 1 34
9 34 4 38 120 1 2 38
12 38 6 27 125 2 3 27
3 27 8 31 130 3 4 31
6 31 2 35 135 4 1 35
9 35 4 39 125 1 2 39
12 39 6 28 130 2 3 28
3 28 8 32 135 3 4 32
6 32 2 36 140 4 1 36
*
waitingTimeCarsGone
213
0
258
300
349
0
196
195
177
0
129
81
33
0
15
15
15
0
15
15
15
0
15
15
15
0
15
15
15
0
15
15
15
0
15
10
5
*
waitingTimeCarsLeft
0
23
0
20
17
17
0
17
17
17
0
17
13
5
0
5
5
5
0
5
5
5
0
5
5
5
0
5
5
5
0
5
5
5
