1
4 4 4 3 3 2 1 3
15
101
2318
9931.319
521.3334
106
carsInLane
4 4 4 3 3 2 1 3
4 4 8 6 6 4 2 6
8 8 4 9 9 6 1 9
12 12 8 3 12 8 2 3
16 16 12 6 3 2 3 6
5 5 16 9 6 4 4 9
9 9 5 12 9 6 1 12
13 13 9 3 12 8 2 3
17 17 13 6 3 2 3 6
6 6 17 9 6 4 4 9
10 10 6 12 9 6 1 12
14 14 10 3 12 8 2 3
18 18 14 6 3 2 3 6
7 7 18 9 6 4 4 9
11 11 7 12 9 6 1 12
15 15 11 3 12 8 2 3
19 19 15 6 3 2 3 6
8 8 19 9 6 4 4 9
12 12 8 12 9 6 1 12
16 16 12 3 12 8 2 3
20 20 16 6 3 2 3 6
9 9 20 9 6 4 4 9
13 13 9 12 9 6 1 12
17 17 13 3 12 8 2 3
21 21 17 6 3 2 3 6
10 10 21 9 6 4 4 9
14 14 10 12 9 6 1 12
18 18 14 3 12 8 2 3
22 22 18 6 3 2 3 6
11 11 22 9 6 4 4 9
15 15 11 12 9 6 1 12
19 19 15 3 12 8 2 3
23 23 19 6 3 2 3 6
12 12 23 9 6 4 4 9
16 16 12 12 9 6 1 12
20 20 16 3 12 8 2 3
24 24 20 6 3 2 3 6
13 13 24 9 6 4 4 9
17 17 13 12 9 6 1 12
21 21 17 3 12 8 2 3
25 25 21 6 3 2 3 6
14 14 25 9 6 4 4 9
18 18 14 12 9 6 1 12
22 22 18 3 12 8 2 3
26 26 22 6 3 2 3 6
15 15 26 9 6 4 4 9
19 19 15 12 9 6 1 12
23 23 19 3 12 8 2 3
27 27 23 6 3 2 3 6
16 16 27 9 6 4 4 9
20 20 16 12 9 6 1 12
24 24 20 3 12 8 2 3
28 28 24 6 3 2 3 6
17 17 28 9 6 4 4 9
21 21 17 12 9 6 1 12
25 25 21 3 12 8 2 3
29 29 25 6 3 2 3 6
18 18 29 9 6 4 4 9
22 22 18 12 9 6 1 12
26 26 22 3 12 8 2 3
30 30 26 6 3 2 3 6
19 19 30 9 6 4 4 9
23 23 19 12 9 6 1 12
27 27 23 3 12 8 2 3
31 31 27 6 3 2 3 6
20 20 31 9 6 4 4 9
24 24 20 12 9 6 1 12
28 28 24 3 12 8 2 3
32 32 28 6 3 2 3 6
21 21 32 9 6 4 4 9
25 25 21 12 9 6 1 12
29 29 25 3 12 8 2 3
33 33 29 6 3 2 3 6
22 22 33 9 6 4 4 9
26 26 22 12 9 6 1 12
30 30 26 3 12 8 2 3
34 34 30 6 3 2 3 6
23 23 34 9 6 4 4 9
27 27 23 12 9 6 1 12
31 31 27 3 12 8 2 3
35 35 31 6 3 2 3 6
24 24 35 9 6 4 4 9
28 28 24 12 9 6 1 12
32 32 28 3 12 8 2 3
36 36 32 6 3 2 3 6
25 25 36 9 6 4 4 9
29 29 25 12 9 6 1 12
33 33 29 3 12 8 2 3
37 37 33 6 3 2 3 6
26 26 37 9 6 4 4 9
30 30 26 12 9 6 1 12
34 34 30 3 12 8 2 3
38 38 34 6 3 2 3 6
27 27 38 9 6 4 4 9
31 31 27 12 9 6 1 12
35 35 31 3 12 8 2 3
39 39 35 6 3 2 3 6
28 28 39 9 6 4 4 9
32 32 28 12 9 6 1 12
36 36 32 3 12 8 2 3
40 40 36 6 3 2 3 6
*
waitingTimeCarsGone
330
0
370
413
455
0
180
180
168
0
122
74
26
*
waitingTimeCarsLeft
0
24
0
19
13
12
0
12
12
6
0
4
4
