5
4 6 2 3 2 3 2 2
15
101
2385
5836.335
carsInLane
4 6 2 3 2 3 2 2
4 6 4 6 4 6 4 4
8 6 6 9 6 3 6 6
12 12 8 3 8 6 8 2
4 6 10 6 10 9 10 4
8 12 2 9 12 12 2 6
12 18 4 12 2 3 4 8
4 9 6 15 4 6 6 10
8 15 8 3 6 9 8 2
12 6 10 6 8 3 10 4
4 12 12 9 2 6 12 6
8 18 2 12 4 9 2 8
12 9 4 15 6 3 4 10
16 15 6 3 8 6 6 2
5 6 8 6 10 9 8 4
9 12 10 9 2 3 10 6
4 6 12 12 4 6 12 8
8 12 2 15 6 9 2 10
12 18 4 3 8 12 4 2
16 9 6 6 10 3 6 4
5 15 8 9 2 6 8 6
9 6 10 12 4 3 10 8
13 12 2 3 6 6 12 10
17 18 4 6 8 9 2 2
6 9 6 9 10 12 4 4
10 15 8 12 2 3 6 6
4 6 10 15 4 6 8 8
8 12 2 3 6 9 10 10
12 6 4 6 8 3 12 12
16 12 6 9 10 6 2 2
5 6 8 12 12 9 4 4
9 12 10 15 2 3 6 6
13 18 2 3 4 6 8 8
4 9 4 6 6 9 10 10
8 15 6 9 8 12 2 2
12 6 8 12 10 3 4 4
4 12 10 15 2 6 6 6
8 18 2 3 4 9 8 8
12 9 4 6 6 3 10 10
4 6 6 9 8 6 12 12
8 12 8 12 10 9 2 2
12 6 10 15 12 3 4 4
4 12 12 18 2 6 6 6
8 18 2 6 4 9 8 8
12 9 4 9 6 3 10 10
4 6 6 12 8 6 12 12
8 12 8 15 10 9 2 2
12 18 2 3 12 12 4 4
16 24 4 6 2 3 6 6
5 15 6 9 4 6 8 8
9 6 8 12 6 3 10 10
13 12 10 3 8 6 12 2
17 18 2 6 10 9 2 4
6 9 4 9 12 12 4 6
10 15 6 12 2 3 6 8
4 6 8 15 4 6 8 10
8 12 10 3 6 9 10 2
12 6 12 6 8 3 12 4
16 12 2 9 10 6 2 6
5 6 4 12 12 9 4 8
9 12 6 15 2 3 6 10
13 18 8 3 4 6 8 2
4 9 10 6 6 9 10 4
8 15 2 9 8 12 2 6
12 6 4 12 10 3 4 8
4 12 6 15 2 6 6 10
8 18 8 3 4 9 8 2
12 9 10 6 6 3 10 4
4 6 12 9 8 6 12 6
8 12 2 12 10 9 2 8
12 6 4 15 12 3 4 10
4 12 6 18 2 6 6 12
8 18 8 6 4 9 8 2
12 9 10 9 6 3 10 4
4 6 12 12 8 6 12 6
8 12 2 15 10 9 2 8
12 18 4 3 12 12 4 2
16 24 6 6 2 3 6 4
5 15 8 9 4 6 8 6
9 6 10 12 6 3 10 8
13 12 2 3 8 6 12 10
17 18 4 6 10 9 2 2
6 9 6 9 12 12 4 4
10 15 8 12 2 3 6 6
4 6 10 15 4 6 8 8
8 12 2 3 6 9 10 10
12 6 4 6 8 3 12 12
16 12 6 9 10 6 2 2
5 6 8 12 12 9 4 4
9 12 10 15 2 3 6 6
13 18 2 3 4 6 8 8
4 9 4 6 6 9 10 10
8 15 6 9 8 12 2 2
12 6 8 12 10 3 4 4
4 12 10 15 2 6 6 6
8 18 2 3 4 9 8 8
12 9 4 6 6 3 10 10
4 6 6 9 8 6 12 12
8 12 8 12 10 9 2 2
12 6 10 15 12 3 4 4
4 12 12 18 2 6 6 6
*
waitingTimeCarsGone
624
0
663
534
289
0
192
83
*
waitingTimeCarsLeft
0
22
0
13
4
