2
4 4 4 3 3 2 1 3
15
101
2315
9920.985
531.9998
109
carsInLane
4 4 4 3 3 2 1 3
4 4 8 6 6 4 2 6
8 8 4 3 9 6 3 9
12 12 8 6 3 2 4 12
16 16 12 9 6 4 1 3
5 5 16 12 9 6 2 6
9 9 5 3 12 8 3 9
13 13 9 6 3 2 4 12
17 17 13 9 6 4 1 3
6 6 17 12 9 6 2 6
10 10 6 3 12 8 3 9
14 14 10 6 3 2 4 12
18 18 14 9 6 4 1 3
7 7 18 12 9 6 2 6
11 11 7 3 12 8 3 9
15 15 11 6 3 2 4 12
19 19 15 9 6 4 1 3
8 8 19 12 9 6 2 6
12 12 8 3 12 8 3 9
16 16 12 6 3 2 4 12
20 20 16 9 6 4 1 3
9 9 20 12 9 6 2 6
13 13 9 3 12 8 3 9
17 17 13 6 3 2 4 12
21 21 17 9 6 4 1 3
10 10 21 12 9 6 2 6
14 14 10 3 12 8 3 9
18 18 14 6 3 2 4 12
22 22 18 9 6 4 1 3
11 11 22 12 9 6 2 6
15 15 11 3 12 8 3 9
19 19 15 6 3 2 4 12
23 23 19 9 6 4 1 3
12 12 23 12 9 6 2 6
16 16 12 3 12 8 3 9
20 20 16 6 3 2 4 12
24 24 20 9 6 4 1 3
13 13 24 12 9 6 2 6
17 17 13 3 12 8 3 9
21 21 17 6 3 2 4 12
25 25 21 9 6 4 1 3
14 14 25 12 9 6 2 6
18 18 14 3 12 8 3 9
22 22 18 6 3 2 4 12
26 26 22 9 6 4 1 3
15 15 26 12 9 6 2 6
19 19 15 3 12 8 3 9
23 23 19 6 3 2 4 12
27 27 23 9 6 4 1 3
16 16 27 12 9 6 2 6
20 20 16 3 12 8 3 9
24 24 20 6 3 2 4 12
28 28 24 9 6 4 1 3
17 17 28 12 9 6 2 6
21 21 17 3 12 8 3 9
25 25 21 6 3 2 4 12
29 29 25 9 6 4 1 3
18 18 29 12 9 6 2 6
22 22 18 3 12 8 3 9
26 26 22 6 3 2 4 12
30 30 26 9 6 4 1 3
19 19 30 12 9 6 2 6
23 23 19 3 12 8 3 9
27 27 23 6 3 2 4 12
31 31 27 9 6 4 1 3
20 20 31 12 9 6 2 6
24 24 20 3 12 8 3 9
28 28 24 6 3 2 4 12
32 32 28 9 6 4 1 3
21 21 32 12 9 6 2 6
25 25 21 3 12 8 3 9
29 29 25 6 3 2 4 12
33 33 29 9 6 4 1 3
22 22 33 12 9 6 2 6
26 26 22 3 12 8 3 9
30 30 26 6 3 2 4 12
34 34 30 9 6 4 1 3
23 23 34 12 9 6 2 6
27 27 23 3 12 8 3 9
31 31 27 6 3 2 4 12
35 35 31 9 6 4 1 3
24 24 35 12 9 6 2 6
28 28 24 3 12 8 3 9
32 32 28 6 3 2 4 12
36 36 32 9 6 4 1 3
25 25 36 12 9 6 2 6
29 29 25 3 12 8 3 9
33 33 29 6 3 2 4 12
37 37 33 9 6 4 1 3
26 26 37 12 9 6 2 6
30 30 26 3 12 8 3 9
34 34 30 6 3 2 4 12
38 38 34 9 6 4 1 3
27 27 38 12 9 6 2 6
31 31 27 3 12 8 3 9
35 35 31 6 3 2 4 12
39 39 35 9 6 4 1 3
28 28 39 12 9 6 2 6
32 32 28 3 12 8 3 9
36 36 32 6 3 2 4 12
40 40 36 9 6 4 1 3
*
waitingTimeCarsGone
330
0
370
411
454
0
180
180
168
0
122
74
26
*
waitingTimeCarsLeft
0
24
0
20
15
12
0
12
12
6
0
4
4
