100
3 1 1 2 3 7 2 5
15
101
2285
11555
1085.334
139
44.33333
carsInLane
3 1 1 2 3 7 2 5
6 2 2 4 3 7 4 10
9 3 3 2 6 14 6 5
12 4 4 4 3 7 8 10
15 5 5 6 6 14 2 5
3 6 6 8 3 21 4 10
6 1 7 10 6 13 6 15
9 2 8 2 9 20 8 5
12 3 9 4 3 12 10 10
15 4 10 6 6 19 2 5
18 5 11 8 3 11 4 10
6 1 12 10 6 18 6 15
9 2 13 2 9 25 8 5
12 3 14 4 3 17 10 10
15 4 1 6 6 24 2 15
18 5 2 8 3 16 4 20
21 6 3 2 6 23 6 10
24 1 4 4 9 15 8 15
12 2 5 6 3 22 10 20
15 3 6 8 6 29 2 10
18 4 7 10 3 21 4 15
21 1 8 12 6 13 6 20
24 2 9 2 9 20 8 10
12 3 10 4 3 27 10 15
15 1 11 6 6 19 12 20
18 2 12 8 9 26 2 10
21 3 13 10 3 18 4 15
24 4 14 2 6 25 6 5
27 5 15 4 3 17 8 10
15 1 16 6 6 24 10 15
18 2 17 8 3 16 12 20
21 3 18 10 6 23 2 10
24 4 19 12 3 15 4 15
27 5 5 2 6 22 6 20
15 6 6 4 3 29 8 25
18 1 7 6 6 21 10 30
21 2 8 8 9 28 2 20
24 3 9 10 3 20 4 25
27 4 10 2 6 27 6 15
15 5 11 4 3 34 8 20
18 1 12 6 6 26 10 25
21 2 13 8 9 33 2 15
24 3 14 10 3 25 4 20
27 4 15 2 6 32 6 10
30 5 16 4 3 24 8 15
18 1 17 6 6 31 10 20
21 2 18 8 3 23 12 25
24 3 19 10 6 30 2 15
27 4 20 12 3 22 4 20
30 5 21 2 6 29 6 10
18 6 22 4 3 36 8 15
21 1 23 6 6 28 10 20
24 2 24 8 3 20 12 25
27 3 25 10 6 27 2 15
30 4 11 2 9 34 4 20
33 5 12 4 3 26 6 25
21 1 13 6 6 33 8 30
24 2 14 8 3 25 10 35
27 3 15 10 6 32 2 25
30 4 16 12 3 24 4 30
33 5 17 2 6 31 6 20
21 6 18 4 3 38 8 25
24 1 19 6 6 30 10 30
27 2 20 8 9 37 2 20
30 3 21 10 3 29 4 25
33 4 22 2 6 36 6 15
36 5 23 4 3 28 8 20
24 1 24 6 6 35 10 25
27 2 25 8 3 27 12 30
30 3 26 10 6 34 2 20
33 4 27 12 3 26 4 25
36 5 13 2 6 33 6 30
24 6 14 4 3 40 8 35
27 1 15 6 6 32 10 40
30 2 16 8 9 39 2 30
33 3 17 10 3 31 4 35
36 4 18 2 6 38 6 25
39 5 19 4 3 30 8 30
27 1 20 6 6 37 10 35
30 2 21 8 9 44 2 25
33 3 22 10 3 36 4 30
36 4 23 2 6 43 6 20
39 5 24 4 3 35 8 25
27 1 25 6 6 42 10 30
30 2 26 8 3 34 12 35
33 3 27 10 6 41 2 25
36 4 28 12 3 33 4 30
39 5 29 2 6 40 6 20
42 6 30 4 3 32 8 25
30 1 31 6 6 39 10 30
33 2 32 8 3 31 12 35
36 3 33 10 6 38 2 25
39 4 34 12 3 30 4 30
42 5 20 2 6 37 6 35
30 6 21 4 3 44 8 40
33 1 22 6 6 36 10 45
36 2 23 8 9 43 2 35
39 3 24 10 3 35 4 40
42 4 25 2 6 42 6 30
30 5 26 4 3 49 8 35
33 1 27 6 6 41 10 40
*
waitingTimeCarsGone
282
0
368
352
374
0
351
211
87
0
55
40
35
0
30
24
19
0
13
3
3
0
3
3
3
0
3
3
3
0
3
3
3
0
2
2
1
0
1
1
1
0
1
1
1
*
waitingTimeCarsLeft
0
22
0
21
18
16
0
16
10
4
0
4
4
4
0
4
1
1
0
1
1
1
0
1
1
1
0
1
1
1
0
1
1
1
0
1
1
