6
2 0 2 4 2 8 4 2
15
98
2083
20057.67
carsInLane
2 0 2 4 2 8 4 2
4 0 4 8 2 8 8 4
6 0 2 12 4 16 4 6
8 0 4 16 2 9 8 8
10 0 6 5 4 17 12 2
12 0 8 9 2 10 16 4
14 0 2 13 4 18 5 6
2 0 4 17 6 26 9 8
4 0 6 21 2 19 13 10
6 0 8 10 4 27 17 2
8 0 10 14 2 20 21 4
10 0 2 18 4 28 10 6
12 0 4 22 2 21 14 8
14 0 6 11 4 29 18 2
2 0 8 15 6 37 22 4
4 0 10 19 2 30 26 6
6 0 2 23 4 38 15 8
8 0 4 27 2 31 19 10
10 0 6 16 4 39 23 2
12 0 8 20 2 32 27 4
14 0 2 24 4 40 16 6
2 0 4 28 6 48 20 8
4 0 6 32 2 41 24 10
6 0 8 36 2 34 28 12
8 0 10 25 4 42 32 2
10 0 12 29 2 35 36 4
12 0 2 33 4 43 25 6
14 0 4 37 2 36 29 8
2 0 6 41 4 44 33 10
4 0 8 30 6 52 37 2
6 0 10 34 2 45 41 4
8 0 2 38 4 53 30 6
10 0 4 42 2 46 34 8
12 0 6 31 4 54 38 2
14 0 8 35 2 47 42 4
2 0 10 39 4 55 46 6
4 0 12 43 2 48 50 8
6 0 2 47 4 56 39 10
8 0 4 51 2 49 43 12
10 0 6 40 4 57 47 2
12 0 8 44 2 50 51 4
14 0 2 48 4 58 40 6
2 0 4 52 6 66 44 8
4 0 6 56 2 59 48 10
6 0 8 45 4 67 52 2
8 0 10 49 2 60 56 4
10 0 2 53 4 68 45 6
12 0 4 57 2 61 49 8
14 0 6 46 4 69 53 2
2 0 8 50 6 77 57 4
4 0 10 54 2 70 61 6
6 0 12 58 2 63 65 8
8 0 2 62 4 71 54 10
10 0 4 66 2 64 58 12
12 0 6 55 4 72 62 2
14 0 8 59 2 65 66 4
2 0 10 63 4 73 70 6
4 0 2 67 6 81 59 8
6 0 4 71 2 74 63 10
8 0 6 60 4 82 67 2
10 0 8 64 2 75 71 4
12 0 2 68 4 83 60 6
14 0 4 72 2 76 64 8
2 0 6 76 4 84 68 10
4 0 8 80 2 77 72 12
6 0 10 69 4 85 76 2
8 0 12 73 2 78 80 4
10 0 2 77 4 86 69 6
12 0 4 81 2 79 73 8
14 0 6 70 4 87 77 2
2 0 8 74 6 95 81 4
4 0 10 78 2 88 85 6
6 0 2 82 4 96 74 8
8 0 4 86 2 89 78 10
10 0 6 75 4 97 82 2
12 0 8 79 2 90 86 4
14 0 2 83 4 98 75 6
2 0 4 87 6 106 79 8
4 0 6 91 2 99 83 10
6 0 8 80 4 107 87 2
8 0 10 84 2 100 91 4
10 0 12 88 2 93 95 6
12 0 2 92 4 101 84 8
14 0 4 96 2 94 88 10
2 0 6 100 4 102 92 12
4 0 8 89 6 110 96 2
6 0 10 93 2 103 100 4
8 0 2 97 4 111 89 6
10 0 4 101 2 104 93 8
12 0 6 90 4 112 97 2
14 0 8 94 2 105 101 4
2 0 10 98 4 113 105 6
4 0 12 102 2 106 109 8
6 0 2 106 4 114 98 10
8 0 4 110 2 107 102 12
10 0 6 99 4 115 106 2
12 0 8 103 2 108 110 4
14 0 2 107 4 116 99 6
2 0 4 111 6 124 103 8
4 0 6 115 2 117 107 10
6 0 8 104 4 125 111 2
*
waitingTimeCarsGone
233
6
233
177
186
38
123
133
100
35
35
80
77
12
59
73
87
46
30
43
29
21
2
24
24
12
16
21
21
16
3
19
24
17
0
16
9
3
*
waitingTimeCarsLeft
0
22
0
20
20
18
0
16
16
16
0
16
16
16
0
16
16
16
0
14
8
8
0
8
8
8
0
8
8
8
8
0
8
8
8
0
4
3
