9
2 0 2 4 2 8 4 2
15
98
2095
19841.68
carsInLane
2 0 2 4 2 8 4 2
4 0 4 8 2 8 8 4
6 0 2 12 4 16 4 6
8 0 4 16 2 9 8 8
10 0 6 5 4 17 12 2
12 0 8 9 2 10 16 4
14 0 2 13 4 18 5 6
16 0 4 17 2 11 9 8
18 0 6 6 4 19 13 2
20 0 8 10 2 12 17 4
7 0 10 14 4 20 21 6
9 0 2 18 6 28 10 8
11 0 4 22 2 21 14 10
13 0 6 11 4 29 18 2
15 0 8 15 2 22 22 4
17 0 2 19 4 30 11 6
19 0 4 23 2 23 15 8
21 0 6 12 4 31 19 2
23 0 8 16 2 24 23 4
25 0 2 20 4 32 12 6
12 0 4 24 6 40 16 8
14 0 6 28 2 33 20 10
16 0 8 17 4 41 24 2
18 0 10 21 2 34 28 4
20 0 2 25 4 42 17 6
22 0 4 29 2 35 21 8
24 0 6 18 4 43 25 2
26 0 8 22 2 36 29 4
28 0 10 26 2 29 33 6
30 0 2 30 4 37 22 8
17 0 4 34 6 45 26 10
19 0 6 38 2 38 30 12
21 0 8 27 4 46 34 2
23 0 10 31 2 39 38 4
25 0 2 35 4 47 27 6
27 0 4 39 2 40 31 8
29 0 6 28 4 48 35 2
31 0 8 32 2 41 39 4
33 0 2 36 4 49 28 6
35 0 4 40 2 42 32 8
22 0 6 44 4 50 36 10
24 0 8 33 6 58 40 2
26 0 10 37 2 51 44 4
28 0 2 41 4 59 33 6
30 0 4 45 2 52 37 8
32 0 6 49 2 45 41 10
34 0 8 38 4 53 45 2
36 0 10 42 2 46 49 4
38 0 2 46 4 54 38 6
40 0 4 50 2 47 42 8
27 0 6 54 4 55 46 10
29 0 8 43 6 63 50 2
31 0 10 47 2 56 54 4
33 0 2 51 4 64 43 6
35 0 4 55 2 57 47 8
37 0 6 44 4 65 51 2
39 0 8 48 2 58 55 4
41 0 2 52 4 66 44 6
43 0 4 56 2 59 48 8
45 0 6 45 4 67 52 2
32 0 8 49 6 75 56 4
34 0 10 53 2 68 60 6
36 0 2 57 4 76 49 8
38 0 4 61 2 69 53 10
40 0 6 50 4 77 57 2
42 0 8 54 2 70 61 4
44 0 10 58 2 63 65 6
46 0 2 62 4 71 54 8
48 0 4 66 2 64 58 10
50 0 6 55 4 72 62 2
37 0 8 59 6 80 66 4
39 0 10 63 2 73 70 6
41 0 2 67 4 81 59 8
43 0 4 71 2 74 63 10
45 0 6 60 4 82 67 2
47 0 8 64 2 75 71 4
49 0 2 68 4 83 60 6
51 0 4 72 2 76 64 8
53 0 6 61 4 84 68 2
55 0 8 65 2 77 72 4
42 0 10 69 4 85 76 6
44 0 12 73 2 78 80 8
46 0 2 77 4 86 69 10
48 0 4 81 2 79 73 12
50 0 6 70 4 87 77 2
52 0 8 74 2 80 81 4
54 0 2 78 4 88 70 6
56 0 4 82 2 81 74 8
58 0 6 71 4 89 78 2
60 0 8 75 2 82 82 4
47 0 10 79 4 90 86 6
49 0 2 83 6 98 75 8
51 0 4 87 2 91 79 10
53 0 6 76 4 99 83 2
55 0 8 80 2 92 87 4
57 0 2 84 4 100 76 6
59 0 4 88 2 93 80 8
61 0 6 77 4 101 84 2
63 0 8 81 2 94 88 4
65 0 2 85 4 102 77 6
52 0 4 89 6 110 81 8
*
waitingTimeCarsGone
224
6
226
176
181
32
130
112
95
36
57
103
123
25
74
73
61
25
18
37
31
28
5
35
40
14
28
30
22
5
1
6
6
4
2
6
5
2
2
4
2
0
2
1
*
waitingTimeCarsLeft
0
22
0
22
20
20
0
18
18
18
0
18
18
18
0
18
17
10
0
10
10
10
0
10
10
10
0
10
7
6
0
3
2
2
0
2
