7
3 4 2 4 5 1 1 4
15
101
2359
8495.674
198.6666
65
11
131.7591
carsInLane
3 4 2 4 5 1 1 4
3 8 4 8 5 2 2 8
6 12 6 4 10 3 3 4
3 4 8 8 15 4 4 8
6 8 10 12 5 1 5 12
9 12 12 4 10 2 6 4
3 4 14 8 15 3 7 8
6 8 2 4 20 4 8 12
9 12 4 8 25 5 1 4
3 16 6 12 15 6 2 8
6 5 8 16 20 1 3 12
9 9 10 5 25 2 4 4
3 13 12 9 15 3 5 8
6 17 2 4 20 4 6 12
3 21 4 8 10 5 7 16
6 10 6 12 15 1 8 20
9 14 8 16 20 2 1 9
3 18 10 20 10 3 2 13
6 22 12 9 15 4 3 4
3 11 14 13 20 5 4 8
6 15 2 4 25 6 5 12
3 19 4 8 15 7 6 16
6 8 6 12 20 1 7 20
9 12 8 4 25 2 8 9
12 16 2 8 30 3 1 13
3 20 4 12 20 4 2 17
6 24 6 4 25 5 3 6
3 28 8 8 15 6 4 10
6 17 10 12 20 1 5 14
3 21 12 16 10 2 6 18
6 25 14 5 15 3 7 7
3 14 16 9 20 4 8 11
6 18 3 13 25 5 1 15
3 22 5 17 15 6 2 19
6 26 7 6 20 7 3 8
9 15 9 10 25 1 4 12
3 19 11 14 15 2 5 16
6 23 13 4 20 3 6 5
3 12 15 8 25 4 7 9
6 16 17 12 15 1 8 13
9 20 4 16 20 2 1 17
12 24 6 5 25 3 2 6
3 28 8 9 15 4 3 10
6 17 10 13 20 1 4 14
9 21 12 4 25 2 5 4
3 25 14 8 15 3 6 8
6 14 16 12 20 1 7 12
9 18 3 4 25 2 8 16
12 22 5 8 30 3 1 5
3 26 7 12 20 4 2 9
6 15 9 16 25 1 3 13
3 19 11 20 15 2 4 17
6 23 13 9 20 3 5 6
3 12 15 13 25 4 6 10
6 16 17 17 15 1 7 14
9 20 4 21 20 2 1 18
12 24 6 10 25 3 2 7
3 28 8 14 15 4 3 11
6 17 10 18 20 1 4 15
9 21 12 7 25 2 5 4
3 25 14 11 15 3 6 8
6 14 16 15 20 1 7 12
9 18 3 4 25 2 8 16
12 22 5 8 30 3 1 5
3 26 7 12 20 4 2 9
6 15 9 16 25 1 3 13
3 19 11 20 15 2 4 17
6 23 13 9 20 3 5 6
3 12 15 13 25 4 6 10
6 16 17 17 15 1 7 14
9 20 4 21 20 2 1 18
12 24 6 10 25 3 2 7
3 28 8 14 15 4 3 11
6 17 10 18 20 1 4 15
9 21 12 7 25 2 5 4
3 25 14 11 15 3 6 8
6 14 16 15 20 1 7 12
9 18 3 4 25 2 8 16
12 22 5 8 30 3 1 5
3 26 7 12 20 4 2 9
6 15 9 16 25 1 3 13
3 19 11 20 15 2 4 17
6 23 13 9 20 3 5 6
3 12 15 13 25 4 6 10
6 16 17 17 15 1 7 14
9 20 4 21 20 2 1 18
12 24 6 10 25 3 2 7
3 28 8 14 15 4 3 11
6 17 10 18 20 1 4 15
9 21 12 7 25 2 5 4
3 25 14 11 15 3 6 8
6 14 16 15 20 1 7 12
9 18 3 4 25 2 8 16
12 22 5 8 30 3 1 5
3 26 7 12 20 4 2 9
6 15 9 16 25 1 3 13
3 19 11 20 15 2 4 17
6 23 13 9 20 3 5 6
3 12 15 13 25 4 6 10
6 16 17 17 15 1 7 14
9 20 4 21 20 2 1 18
*
waitingTimeCarsGone
312
0
421
525
498
0
345
150
74
0
29
5
*
waitingTimeCarsLeft
0
23
0
17
12
9
0
4
