4
3 1 1 2 3 7 2 5
15
101
2089
19149.66
5926.666
335
41.66666
carsInLane
3 1 1 2 3 7 2 5
6 2 2 4 3 7 4 10
9 3 3 2 6 14 6 5
12 4 4 4 3 7 8 10
15 5 5 6 6 14 2 5
3 1 6 8 9 21 4 10
6 2 1 2 12 28 6 15
9 3 2 4 3 20 8 20
12 4 3 6 6 27 2 10
15 5 4 8 3 19 4 15
3 1 5 10 6 26 6 20
6 2 1 2 9 33 8 25
9 3 2 4 3 25 10 30
12 4 3 6 6 32 2 20
15 5 4 8 3 24 4 25
3 1 5 10 6 31 6 30
6 2 1 2 9 38 8 35
9 3 2 4 3 30 10 40
12 4 3 6 6 37 2 30
15 5 4 8 3 29 4 35
3 1 5 10 6 36 6 40
6 2 1 2 9 43 8 45
9 3 2 4 12 50 2 35
12 4 3 6 3 42 4 40
15 1 4 8 6 34 6 45
3 2 5 10 3 41 8 50
6 3 1 2 6 48 10 55
9 4 2 4 9 55 2 45
12 5 3 6 3 47 4 50
3 1 4 8 6 54 6 55
6 2 5 2 9 61 8 45
9 3 1 4 12 68 2 50
12 4 2 6 3 60 4 55
15 1 3 8 6 52 6 60
3 2 4 10 3 59 8 65
6 3 5 2 6 66 10 55
9 4 1 4 9 73 2 60
12 5 2 6 3 65 4 65
3 1 3 8 6 72 6 70
6 2 4 2 9 79 8 60
9 3 5 4 3 71 10 65
12 4 1 6 6 78 2 70
15 5 2 8 3 70 4 75
3 1 3 10 6 77 6 80
6 2 4 2 9 84 8 70
9 3 5 4 3 76 10 75
12 4 1 6 6 83 2 80
15 5 2 8 3 75 4 85
3 1 3 10 6 82 6 90
6 2 4 2 9 89 8 80
9 3 5 4 3 81 10 85
12 4 1 6 6 88 2 90
15 5 2 2 9 95 4 80
3 1 3 4 12 102 6 85
6 2 4 6 3 94 8 90
9 3 5 8 6 101 2 80
12 4 1 2 9 108 4 85
15 5 2 4 3 100 6 90
3 1 3 6 6 107 8 95
6 2 4 8 3 99 10 100
9 3 5 10 6 106 2 90
12 4 1 2 9 113 4 95
15 5 2 4 3 105 6 100
3 1 3 6 6 112 8 105
6 2 4 8 3 104 10 110
9 3 5 10 6 111 2 100
12 4 1 2 9 118 4 105
15 5 2 4 3 110 6 110
3 1 3 6 6 117 8 115
6 2 4 8 3 109 10 120
9 3 5 10 6 116 2 110
12 4 1 2 9 123 4 115
15 5 2 4 3 115 6 120
3 1 3 6 6 122 8 125
6 2 4 8 9 129 2 115
9 3 5 10 3 121 4 120
12 4 1 2 6 128 6 125
15 5 2 4 3 120 8 130
3 1 3 6 6 127 10 135
6 2 4 8 9 134 2 125
9 3 5 10 3 126 4 130
12 4 1 2 6 133 6 135
15 5 2 4 9 140 2 125
3 1 3 6 12 147 4 130
6 2 4 8 3 139 6 135
9 3 5 2 6 146 8 125
12 4 1 4 9 153 2 130
15 5 2 6 3 145 4 135
3 1 3 8 6 152 6 140
6 2 4 10 3 144 8 145
9 3 5 2 6 151 10 135
12 4 1 4 9 158 2 140
15 5 2 6 3 150 4 145
3 1 3 8 6 157 6 150
6 2 4 10 3 149 8 155
9 3 5 2 6 156 10 145
12 4 1 4 9 163 2 150
15 5 2 6 3 155 4 155
3 1 3 8 6 162 6 160
6 2 4 2 9 169 8 150
9 3 5 4 3 161 10 155
*
waitingTimeCarsGone
323
0
321
278
246
0
183
32
28
0
27
31
38
0
49
33
19
0
29
42
57
0
45
45
18
0
23
35
41
0
31
19
21
0
15
20
5
0
10
10
10
0
5
*
waitingTimeCarsLeft
0
21
0
18
16
12
0
12
12
12
0
12
12
12
0
12
12
12
0
12
12
12
0
12
12
12
0
12
12
12
0
12
5
5
0
5
5
5
0
5
5
5
