8
2 0 2 4 2 8 4 2
15
97
2097
19866.67
carsInLane
2 0 2 4 2 8 4 2
4 0 4 8 2 8 8 4
6 0 2 12 4 16 4 6
8 0 4 16 2 9 8 8
10 0 6 5 4 17 12 2
12 0 8 9 2 10 16 4
14 0 2 13 4 18 5 6
16 0 4 17 2 11 9 8
18 0 6 6 4 19 13 2
5 0 8 10 6 27 17 4
7 0 10 14 2 20 21 6
9 0 2 18 4 28 10 8
11 0 4 22 2 21 14 10
13 0 6 11 4 29 18 2
15 0 8 15 2 22 22 4
17 0 2 19 4 30 11 6
19 0 4 23 2 23 15 8
21 0 6 12 4 31 19 2
8 0 8 16 6 39 23 4
10 0 10 20 2 32 27 6
12 0 2 24 4 40 16 8
14 0 4 28 2 33 20 10
16 0 6 17 4 41 24 2
18 0 8 21 2 34 28 4
20 0 2 25 4 42 17 6
22 0 4 29 2 35 21 8
24 0 6 18 4 43 25 2
11 0 8 22 6 51 29 4
13 0 10 26 2 44 33 6
15 0 12 30 2 37 37 8
17 0 2 34 4 45 26 10
19 0 4 38 2 38 30 12
21 0 6 27 4 46 34 2
23 0 8 31 2 39 38 4
25 0 2 35 4 47 27 6
27 0 4 39 2 40 31 8
14 0 6 43 4 48 35 10
16 0 8 32 6 56 39 2
18 0 10 36 2 49 43 4
20 0 2 40 4 57 32 6
22 0 4 44 2 50 36 8
24 0 6 33 4 58 40 2
26 0 8 37 2 51 44 4
28 0 10 41 2 44 48 6
30 0 2 45 4 52 37 8
17 0 4 49 6 60 41 10
19 0 6 53 2 53 45 12
21 0 8 42 4 61 49 2
23 0 10 46 2 54 53 4
25 0 2 50 4 62 42 6
27 0 4 54 2 55 46 8
29 0 6 43 4 63 50 2
31 0 8 47 2 56 54 4
33 0 2 51 4 64 43 6
20 0 4 55 6 72 47 8
22 0 6 59 2 65 51 10
24 0 8 48 4 73 55 2
26 0 10 52 2 66 59 4
28 0 2 56 4 74 48 6
30 0 4 60 2 67 52 8
32 0 6 64 2 60 56 10
34 0 8 53 4 68 60 2
36 0 10 57 2 61 64 4
23 0 12 61 4 69 68 6
25 0 2 65 6 77 57 8
27 0 4 69 2 70 61 10
29 0 6 58 4 78 65 2
31 0 8 62 2 71 69 4
33 0 2 66 4 79 58 6
35 0 4 70 2 72 62 8
37 0 6 59 4 80 66 2
39 0 8 63 2 73 70 4
26 0 10 67 4 81 74 6
28 0 12 71 2 74 78 8
30 0 2 75 4 82 67 10
32 0 4 79 2 75 71 12
34 0 6 68 4 83 75 2
36 0 8 72 2 76 79 4
38 0 2 76 4 84 68 6
40 0 4 80 2 77 72 8
42 0 6 69 4 85 76 2
29 0 8 73 6 93 80 4
31 0 10 77 2 86 84 6
33 0 2 81 4 94 73 8
35 0 4 85 2 87 77 10
37 0 6 74 4 95 81 2
39 0 8 78 2 88 85 4
41 0 2 82 4 96 74 6
43 0 4 86 2 89 78 8
45 0 6 75 4 97 82 2
32 0 8 79 6 105 86 4
34 0 10 83 2 98 90 6
36 0 2 87 4 106 79 8
38 0 4 91 2 99 83 10
40 0 6 80 4 107 87 2
42 0 8 84 2 100 91 4
44 0 10 88 2 93 95 6
46 0 2 92 4 101 84 8
48 0 4 96 2 94 88 10
35 0 6 100 4 102 92 12
37 0 8 89 6 110 96 2
*
waitingTimeCarsGone
218
8
217
167
176
44
113
113
104
49
46
117
101
36
50
96
78
37
11
36
31
30
11
38
41
11
32
34
23
10
6
9
4
*
waitingTimeCarsLeft
0
22
0
20
20
20
0
18
18
18
18
0
18
18
18
0
17
10
10
0
10
10
10
0
10
9
8
0
8
8
5
0
4
