10
3 4 2 4 5 1 1 4
15
101
2360
7818.669
260
64
13.66667
-2343.494
carsInLane
3 4 2 4 5 1 1 4
3 8 4 8 5 2 2 8
6 12 6 4 10 3 3 4
3 4 8 8 15 4 4 8
6 8 10 12 5 1 5 12
9 12 12 4 10 2 6 4
3 4 14 8 15 3 7 8
6 8 2 4 20 4 8 12
3 12 4 8 10 5 9 16
6 16 6 12 15 6 1 5
9 5 8 16 20 1 2 9
3 9 10 20 10 2 3 13
6 13 12 9 15 3 4 4
3 17 14 13 5 4 5 8
6 21 2 4 10 5 6 12
3 10 4 8 15 6 7 16
6 14 6 4 20 7 8 5
9 18 8 8 10 1 9 9
3 7 10 12 15 2 10 13
6 11 12 4 20 3 11 4
9 15 2 8 25 4 1 8
3 19 4 12 15 5 2 12
6 8 6 16 20 1 3 16
9 12 8 5 25 2 4 5
3 16 10 9 15 3 5 9
6 5 12 13 20 1 6 13
3 9 14 17 10 2 7 17
6 13 16 6 15 3 8 6
9 17 3 10 20 4 1 10
3 21 5 14 10 5 2 14
6 25 7 4 15 6 3 4
9 14 9 8 20 1 4 8
3 18 11 12 10 2 5 12
6 22 13 4 15 3 6 4
3 11 15 8 20 4 7 8
6 15 17 12 10 1 8 12
9 19 4 4 15 2 9 16
3 8 6 8 20 3 10 20
6 12 8 12 25 4 1 9
3 16 10 16 15 5 2 13
6 20 12 5 20 6 3 4
3 24 14 9 10 7 4 8
6 13 16 13 15 1 5 12
9 17 3 4 20 2 6 16
3 21 5 8 10 3 7 20
6 25 7 4 15 4 8 9
3 14 9 8 20 5 9 13
6 18 11 12 10 1 10 17
9 22 13 4 15 2 11 6
12 26 2 8 20 3 1 10
3 15 4 12 25 4 2 14
6 19 6 16 15 1 3 18
9 23 8 5 20 2 4 7
3 12 10 9 25 3 5 11
3 16 12 13 15 4 6 15
6 20 14 4 20 5 7 4
3 24 16 8 10 6 8 8
6 13 18 12 15 1 9 12
9 17 5 4 20 2 10 16
3 21 7 8 10 3 11 20
6 25 9 12 15 4 1 9
3 14 11 16 20 5 2 13
6 18 13 5 25 6 3 4
3 22 15 9 15 7 4 8
6 11 17 13 20 1 5 12
9 15 4 4 25 2 6 16
3 19 6 8 15 3 7 20
6 23 8 4 20 4 8 9
3 12 10 8 25 5 9 13
6 16 12 12 15 1 10 17
9 20 14 4 20 2 11 6
12 24 2 8 25 3 1 10
3 28 4 12 15 4 2 14
6 17 6 16 20 1 3 18
9 21 8 5 25 2 4 7
3 25 10 9 15 3 5 11
6 14 12 13 20 1 6 15
9 18 14 4 25 2 7 4
3 22 16 8 15 3 8 8
6 11 18 12 20 1 9 12
9 15 5 4 25 2 10 16
3 19 7 8 15 3 11 20
6 23 9 12 20 4 1 9
3 12 11 16 25 5 2 13
6 16 13 20 15 1 3 17
9 20 15 9 20 2 4 6
3 24 17 13 10 3 5 10
6 28 4 4 15 4 6 14
3 17 6 8 20 5 7 18
6 21 8 4 25 6 8 7
3 25 10 8 15 7 9 11
6 14 12 12 20 1 10 15
9 18 14 4 25 2 11 4
12 22 2 8 30 3 1 8
3 26 4 12 20 4 2 12
6 15 6 16 25 1 3 16
9 19 8 5 30 2 4 5
3 23 10 9 20 3 5 9
6 12 12 13 25 1 6 13
3 16 14 17 15 2 7 17
6 20 16 6 20 3 8 6
*
waitingTimeCarsGone
372
0
513
560
440
0
256
115
53
0
23
15
7
0
6
*
waitingTimeCarsLeft
0
21
0
12
8
7
0
7
3
3
0
3
