carsInLane
10 10 10 10 10 10 10 10
10 20 20 20 10 20 20 20
20 20 30 30 20 20 30 30
20 30 40 40 20 30 40 40
30 30 50 50 30 30 50 50
30 40 60 60 30 40 60 60
40 40 70 70 40 40 70 70
40 50 80 80 40 50 80 80
50 50 90 90 50 50 90 90
50 60 100 100 50 60 100 100
60 60 110 110 60 60 110 110
60 70 120 120 60 70 120 120
70 70 130 130 70 70 130 130
70 80 140 140 70 80 140 140
80 80 150 150 80 80 150 150
80 90 160 160 80 90 160 160
90 90 170 170 90 90 170 170
90 100 180 180 90 100 180 180
100 100 190 190 100 100 190 190
100 110 200 200 100 110 200 200
110 110 210 210 110 110 210 210
110 120 220 220 110 120 220 220
120 120 230 230 120 120 230 230
120 130 240 240 120 130 240 240
130 130 250 250 130 130 250 250
130 140 260 260 130 140 260 260
140 140 270 270 140 140 270 270
140 150 280 280 140 150 280 280
150 150 290 290 150 150 290 290
150 160 300 300 150 160 300 300
160 160 310 310 160 160 310 310
160 170 320 320 160 170 320 320
170 170 330 330 170 170 330 330
170 180 340 340 170 180 340 340
180 180 350 350 180 180 350 350
180 190 360 360 180 190 360 360
190 190 370 370 190 190 370 370
190 200 380 380 190 200 380 380
200 200 390 390 200 200 390 390
200 210 400 400 200 210 400 400
210 210 410 410 210 210 410 410
210 220 420 420 210 220 420 420
220 220 430 430 220 220 430 430
220 230 440 440 220 230 440 440
230 230 450 450 230 230 450 450
230 240 460 460 230 240 460 460
240 240 470 470 240 240 470 470
240 250 480 480 240 250 480 480
250 250 490 490 250 250 490 490
250 260 500 500 250 260 500 500
260 260 510 510 260 260 510 510
260 270 520 520 260 270 520 520
270 270 530 530 270 270 530 530
270 280 540 540 270 280 540 540
280 280 550 550 280 280 550 550
280 290 560 560 280 290 560 560
290 290 570 570 290 290 570 570
290 300 580 580 290 300 580 580
300 300 590 590 300 300 590 590
300 310 600 600 300 310 600 600
310 310 610 610 310 310 610 610
310 320 620 620 310 320 620 620
320 320 630 630 320 320 630 630
320 330 640 640 320 330 640 640
330 330 650 650 330 330 650 650
330 340 660 660 330 340 660 660
340 340 670 670 340 340 670 670
340 350 680 680 340 350 680 680
350 350 690 690 350 350 690 690
350 360 700 700 350 360 700 700
360 360 710 710 360 360 710 710
360 370 720 720 360 370 720 720
370 370 730 730 370 370 730 730
370 380 740 740 370 380 740 740
380 380 750 750 380 380 750 750
380 390 760 760 380 390 760 760
390 390 770 770 390 390 770 770
390 400 780 780 390 400 780 780
400 400 790 790 400 400 790 790
400 410 800 800 400 410 800 800
410 410 810 810 410 410 810 810
410 420 820 820 410 420 820 820
420 420 830 830 420 420 830 830
420 430 840 840 420 430 840 840
430 430 850 850 430 430 850 850
430 440 860 860 430 440 860 860
440 440 870 870 440 440 870 870
440 450 880 880 440 450 880 880
450 450 890 890 450 450 890 890
450 460 900 900 450 460 900 900
460 460 910 910 460 460 910 910
460 470 920 920 460 470 920 920
470 470 930 930 470 470 930 930
470 480 940 940 470 480 940 940
480 480 950 950 480 480 950 950
480 490 960 960 480 490 960 960
490 490 970 970 490 490 970 970
490 500 980 980 490 500 980 980
500 500 990 990 500 500 990 990
500 510 1000 1000 500 510 1000 1000
510 510 1010 1010 510 510 1010 1010

waitingTimeCarsGone
20
0
40
0
40
40
40
0
40
0
40
40
40
0
40
0
40
40
40
0
40
0
40
40
40
0
40
0
40
40
40
0
40
0
40
40
40
0
40
0
40
40
40
0
40
0
40
40
40
0
40
0
40
40
40
0
40
0
40
40
40
0
40
0
40
40
40
0
40
0
40
40
40
0
40
0
40

waitingTimeCarsLeft
0
0
80
80
80
0
80
0
80
80
80
0
80
0
80
80
80
0
80
0
80
80
80
0
80
0
80
80
80
0
80
0
80
80
80
0
80
0
80
80
80
0
80
0
80
80
80
0
80
0
80
80
80
0
80
0
80
80
80
0
80
0
80
80
80
0
80
0
80
80
80
0
80
0
80
80
60
0
40
0
40
40
40
0
40
0
40
40
40
0
40
0
40
40
40
0
40
0
40
40
40
0
40
0
40
40
40
0
40
0
40
40
40
0
40
0
40
40
40
0
40
0
40
40
40
0
40
0
40
40
40
0
40
0
40
40
40
0
40
0
40
40
40
0
40
0
40
40
40
0
40
0
40
