carsInLane
10 10 10 10 10 10 10 10
10 20 20 20 10 20 20 20
20 20 30 30 20 20 30 30
30 30 30 40 30 30 30 40
30 40 40 50 30 40 40 50
40 40 50 60 40 40 50 60
50 50 50 70 50 50 50 70
50 60 60 80 50 60 60 80
60 60 70 90 60 60 70 90
70 70 70 100 70 70 70 100
70 80 80 110 70 80 80 110
80 80 90 120 80 80 90 120
90 90 90 130 90 90 90 130
90 100 100 140 90 100 100 140
100 100 110 150 100 100 110 150
110 110 110 160 110 110 110 160
110 120 120 170 110 120 120 170
120 120 130 180 120 120 130 180
130 130 130 190 130 130 130 190
130 140 140 200 130 140 140 200
140 140 150 210 140 140 150 210
150 150 150 220 150 150 150 220
150 160 160 230 150 160 160 230
160 160 170 240 160 160 170 240
170 170 170 250 170 170 170 250
170 180 180 260 170 180 180 260
180 180 190 270 180 180 190 270
190 190 190 280 190 190 190 280
190 200 200 290 190 200 200 290
200 200 210 300 200 200 210 300
210 210 210 310 210 210 210 310
210 220 220 320 210 220 220 320
220 220 230 330 220 220 230 330
230 230 230 340 230 230 230 340
230 240 240 350 230 240 240 350
240 240 250 360 240 240 250 360
250 250 250 370 250 250 250 370
250 260 260 380 250 260 260 380
260 260 270 390 260 260 270 390
270 270 270 400 270 270 270 400
270 280 280 410 270 280 280 410
280 280 290 420 280 280 290 420
290 290 290 430 290 290 290 430
290 300 300 440 290 300 300 440
300 300 310 450 300 300 310 450
310 310 310 460 310 310 310 460
310 320 320 470 310 320 320 470
320 320 330 480 320 320 330 480
330 330 330 490 330 330 330 490
330 340 340 500 330 340 340 500
340 340 350 510 340 340 350 510
350 350 350 520 350 350 350 520
350 360 360 530 350 360 360 530
360 360 370 540 360 360 370 540
370 370 370 550 370 370 370 550
370 380 380 560 370 380 380 560
380 380 390 570 380 380 390 570
390 390 390 580 390 390 390 580
390 400 400 590 390 400 400 590
400 400 410 600 400 400 410 600
410 410 410 610 410 410 410 610
410 420 420 620 410 420 420 620
420 420 430 630 420 420 430 630
430 430 430 640 430 430 430 640
430 440 440 650 430 440 440 650
440 440 450 660 440 440 450 660
450 450 450 670 450 450 450 670
450 460 460 680 450 460 460 680
460 460 470 690 460 460 470 690
470 470 470 700 470 470 470 700
470 480 480 710 470 480 480 710
480 480 490 720 480 480 490 720
490 490 490 730 490 490 490 730
490 500 500 740 490 500 500 740
500 500 510 750 500 500 510 750
510 510 510 760 510 510 510 760
510 520 520 770 510 520 520 770
520 520 530 780 520 520 530 780
530 530 530 790 530 530 530 790
530 540 540 800 530 540 540 800
540 540 550 810 540 540 550 810
550 550 550 820 550 550 550 820
550 560 560 830 550 560 560 830
560 560 570 840 560 560 570 840
570 570 570 850 570 570 570 850
570 580 580 860 570 580 580 860
580 580 590 870 580 580 590 870
590 590 590 880 590 590 590 880
590 600 600 890 590 600 600 890
600 600 610 900 600 600 610 900
610 610 610 910 610 610 610 910
610 620 620 920 610 620 620 920
620 620 630 930 620 620 630 930
630 630 630 940 630 630 630 940
630 640 640 950 630 640 640 950
640 640 650 960 640 640 650 960
650 650 650 970 650 650 650 970
650 660 660 980 650 660 660 980
660 660 670 990 660 660 670 990
670 670 670 1000 670 670 670 1000
670 680 680 1010 670 680 680 1010

waitingTimeCarsGone
20
0
20
0
40
20
40
0
20
0
40
20
40
0
20
0
40
20
40
0
20
0
40
20
40
0
20
0
40
20
40
0
20
0
40
20
40
0
20
0
40
20
40
0
20
0
40
20
40
0
20
0
40
20
40
0
20
0
40
20
40
0
20
0
40
20
40
0
20
0
40
20
40
0
20
0
40
20
40
0
20
0
40
20
40
0
20
0
40
20
40
0
20
0
40
20
40
0
20
0
40
20

waitingTimeCarsLeft
0
0
80
80
80
0
80
0
80
80
80
0
80
0
80
80
80
0
80
0
80
80
80
0
80
0
80
80
80
0
80
0
80
80
80
0
80
0
80
80
80
0
80
0
80
80
80
0
80
0
80
80
80
0
80
0
80
80
80
0
80
0
80
80
80
0
80
0
80
80
80
0
80
0
80
80
80
0
80
0
80
80
80
0
80
0
80
80
80
0
80
0
80
80
80
0
80
0
80
80
80
0
40
0
20
20
20
0
20
0
20
20
20
0
20
0
20
20
20
0
20
0
20
20
20
0
20
0
20
20
20
0
20
0
20
20
20
0
20
0
20
20
20
0
20
0
20
20
20
0
20
0
20
