carsInLane
0 10 10 10 0 10 10 10
0 10 20 20 0 10 20 20
0 20 30 30 0 20 30 30
0 20 40 40 0 20 40 40
0 30 50 50 0 30 50 50
0 30 60 60 0 30 60 60
0 40 70 70 0 40 70 70
0 40 80 80 0 40 80 80
0 50 90 90 0 50 90 90
0 50 100 100 0 50 100 100
0 60 110 110 0 60 110 110
0 60 120 120 0 60 120 120
0 70 130 130 0 70 130 130
0 70 140 140 0 70 140 140
0 80 150 150 0 80 150 150
0 80 160 160 0 80 160 160
0 90 170 170 0 90 170 170
0 90 180 180 0 90 180 180
0 100 190 190 0 100 190 190
0 100 200 200 0 100 200 200
0 110 210 210 0 110 210 210
0 110 220 220 0 110 220 220
0 120 230 230 0 120 230 230
0 120 240 240 0 120 240 240
0 130 250 250 0 130 250 250
0 130 260 260 0 130 260 260
0 140 270 270 0 140 270 270
0 140 280 280 0 140 280 280
0 150 290 290 0 150 290 290
0 150 300 300 0 150 300 300
0 160 310 310 0 160 310 310
0 160 320 320 0 160 320 320
0 170 330 330 0 170 330 330
0 170 340 340 0 170 340 340
0 180 350 350 0 180 350 350
0 180 360 360 0 180 360 360
0 190 370 370 0 190 370 370
0 190 380 380 0 190 380 380
0 200 390 390 0 200 390 390
0 200 400 400 0 200 400 400
0 210 410 410 0 210 410 410
0 210 420 420 0 210 420 420
0 220 430 430 0 220 430 430
0 220 440 440 0 220 440 440
0 230 450 450 0 230 450 450
0 230 460 460 0 230 460 460
0 240 470 470 0 240 470 470
0 240 480 480 0 240 480 480
0 250 490 490 0 250 490 490
0 250 500 500 0 250 500 500
0 260 510 510 0 260 510 510
0 260 520 520 0 260 520 520
0 270 530 530 0 270 530 530
0 270 540 540 0 270 540 540
0 280 550 550 0 280 550 550
0 280 560 560 0 280 560 560
0 290 570 570 0 290 570 570
0 290 580 580 0 290 580 580
0 300 590 590 0 300 590 590
0 300 600 600 0 300 600 600
0 310 610 610 0 310 610 610
0 310 620 620 0 310 620 620
0 320 630 630 0 320 630 630
0 320 640 640 0 320 640 640
0 330 650 650 0 330 650 650
0 330 660 660 0 330 660 660
0 340 670 670 0 340 670 670
0 340 680 680 0 340 680 680
0 350 690 690 0 350 690 690
0 350 700 700 0 350 700 700
0 360 710 710 0 360 710 710
0 360 720 720 0 360 720 720
0 370 730 730 0 370 730 730
0 370 740 740 0 370 740 740
0 380 750 750 0 380 750 750
0 380 760 760 0 380 760 760
0 390 770 770 0 390 770 770
0 390 780 780 0 390 780 780
0 400 790 790 0 400 790 790
0 400 800 800 0 400 800 800
0 410 810 810 0 410 810 810
0 410 820 820 0 410 820 820
0 420 830 830 0 420 830 830
0 420 840 840 0 420 840 840
0 430 850 850 0 430 850 850
0 430 860 860 0 430 860 860
0 440 870 870 0 440 870 870
0 440 880 880 0 440 880 880
0 450 890 890 0 450 890 890
0 450 900 900 0 450 900 900
0 460 910 910 0 460 910 910
0 460 920 920 0 460 920 920
0 470 930 930 0 470 930 930
0 470 940 940 0 470 940 940
0 480 950 950 0 480 950 950
0 480 960 960 0 480 960 960
0 490 970 970 0 490 970 970
0 490 980 980 0 490 980 980
0 500 990 990 0 500 990 990
0 500 1000 1000 0 500 1000 1000
0 510 1010 1010 0 510 1010 1010
0 510 1020 1020 0 510 1020 1020
0 520 1030 1030 0 520 1030 1030
0 520 1040 1040 0 520 1040 1040
0 530 1050 1050 0 530 1050 1050
0 530 1060 1060 0 530 1060 1060
0 540 1070 1070 0 540 1070 1070
0 540 1080 1080 0 540 1080 1080
0 550 1090 1090 0 550 1090 1090
0 550 1100 1100 0 550 1100 1100
0 560 1110 1110 0 560 1110 1110
0 560 1120 1120 0 560 1120 1120
0 570 1130 1130 0 570 1130 1130
0 570 1140 1140 0 570 1140 1140
0 580 1150 1150 0 580 1150 1150
0 580 1160 1160 0 580 1160 1160
0 590 1170 1170 0 590 1170 1170
0 590 1180 1180 0 590 1180 1180
0 600 1190 1190 0 600 1190 1190
0 600 1200 1200 0 600 1200 1200
0 610 1210 1210 0 610 1210 1210
0 610 1220 1220 0 610 1220 1220
0 620 1230 1230 0 620 1230 1230
0 620 1240 1240 0 620 1240 1240
0 630 1250 1250 0 630 1250 1250
0 630 1260 1260 0 630 1260 1260
0 640 1270 1270 0 640 1270 1270
0 640 1280 1280 0 640 1280 1280
0 650 1290 1290 0 650 1290 1290
0 650 1300 1300 0 650 1300 1300
0 660 1310 1310 0 660 1310 1310
0 660 1320 1320 0 660 1320 1320
0 670 1330 1330 0 670 1330 1330
0 670 1340 1340 0 670 1340 1340
0 680 1350 1350 0 680 1350 1350
0 680 1360 1360 0 680 1360 1360
0 690 1370 1370 0 690 1370 1370
0 690 1380 1380 0 690 1380 1380
0 700 1390 1390 0 700 1390 1390
0 700 1400 1400 0 700 1400 1400
0 710 1410 1410 0 710 1410 1410
0 710 1420 1420 0 710 1420 1420
0 720 1430 1430 0 720 1430 1430
0 720 1440 1440 0 720 1440 1440
0 730 1450 1450 0 730 1450 1450
0 730 1460 1460 0 730 1460 1460
0 740 1470 1470 0 740 1470 1470
0 740 1480 1480 0 740 1480 1480
0 750 1490 1490 0 750 1490 1490
0 750 1500 1500 0 750 1500 1500
0 760 1510 1510 0 760 1510 1510
0 760 1520 1520 0 760 1520 1520
0 770 1530 1530 0 770 1530 1530
0 770 1540 1540 0 770 1540 1540
0 780 1550 1550 0 780 1550 1550
0 780 1560 1560 0 780 1560 1560
0 790 1570 1570 0 790 1570 1570
0 790 1580 1580 0 790 1580 1580
0 800 1590 1590 0 800 1590 1590
0 800 1600 1600 0 800 1600 1600
0 810 1610 1610 0 810 1610 1610
0 810 1620 1620 0 810 1620 1620
0 820 1630 1630 0 820 1630 1630
0 820 1640 1640 0 820 1640 1640
0 830 1650 1650 0 830 1650 1650
0 830 1660 1660 0 830 1660 1660
0 840 1670 1670 0 840 1670 1670
0 840 1680 1680 0 840 1680 1680
0 850 1690 1690 0 850 1690 1690
0 850 1700 1700 0 850 1700 1700
0 860 1710 1710 0 860 1710 1710
0 860 1720 1720 0 860 1720 1720
0 870 1730 1730 0 870 1730 1730
0 870 1740 1740 0 870 1740 1740
0 880 1750 1750 0 880 1750 1750
0 880 1760 1760 0 880 1760 1760
0 890 1770 1770 0 890 1770 1770
0 890 1780 1780 0 890 1780 1780
0 900 1790 1790 0 900 1790 1790
0 900 1800 1800 0 900 1800 1800
0 910 1810 1810 0 910 1810 1810
0 910 1820 1820 0 910 1820 1820
0 920 1830 1830 0 920 1830 1830
0 920 1840 1840 0 920 1840 1840
0 930 1850 1850 0 930 1850 1850
0 930 1860 1860 0 930 1860 1860
0 940 1870 1870 0 940 1870 1870
0 940 1880 1880 0 940 1880 1880
0 950 1890 1890 0 950 1890 1890
0 950 1900 1900 0 950 1900 1900
0 960 1910 1910 0 960 1910 1910
0 960 1920 1920 0 960 1920 1920
0 970 1930 1930 0 970 1930 1930
0 970 1940 1940 0 970 1940 1940
0 980 1950 1950 0 980 1950 1950
0 980 1960 1960 0 980 1960 1960
0 990 1970 1970 0 990 1970 1970
0 990 1980 1980 0 990 1980 1980
0 1000 1990 1990 0 1000 1990 1990
0 1000 2000 2000 0 1000 2000 2000
0 1010 2010 2010 0 1010 2010 2010
0 1010 2020 2020 0 1010 2020 2020
0 1020 2030 2030 0 1020 2030 2030
0 1020 2040 2040 0 1020 2040 2040
0 1030 2050 2050 0 1030 2050 2050
0 1030 2060 2060 0 1030 2060 2060
0 1040 2070 2070 0 1040 2070 2070
0 1040 2080 2080 0 1040 2080 2080
0 1050 2090 2090 0 1050 2090 2090
0 1050 2100 2100 0 1050 2100 2100
0 1060 2110 2110 0 1060 2110 2110
0 1060 2120 2120 0 1060 2120 2120
0 1070 2130 2130 0 1070 2130 2130
0 1070 2140 2140 0 1070 2140 2140
0 1080 2150 2150 0 1080 2150 2150
0 1080 2160 2160 0 1080 2160 2160
0 1090 2170 2170 0 1090 2170 2170
0 1090 2180 2180 0 1090 2180 2180
0 1100 2190 2190 0 1100 2190 2190
0 1100 2200 2200 0 1100 2200 2200
0 1110 2210 2210 0 1110 2210 2210
0 1110 2220 2220 0 1110 2220 2220
0 1120 2230 2230 0 1120 2230 2230
0 1120 2240 2240 0 1120 2240 2240
0 1130 2250 2250 0 1130 2250 2250
0 1130 2260 2260 0 1130 2260 2260
0 1140 2270 2270 0 1140 2270 2270
0 1140 2280 2280 0 1140 2280 2280
0 1150 2290 2290 0 1150 2290 2290
0 1150 2300 2300 0 1150 2300 2300
0 1160 2310 2310 0 1160 2310 2310
0 1160 2320 2320 0 1160 2320 2320
0 1170 2330 2330 0 1170 2330 2330
0 1170 2340 2340 0 1170 2340 2340
0 1180 2350 2350 0 1180 2350 2350
0 1180 2360 2360 0 1180 2360 2360
0 1190 2370 2370 0 1190 2370 2370
0 1190 2380 2380 0 1190 2380 2380
0 1200 2390 2390 0 1200 2390 2390
0 1200 2400 2400 0 1200 2400 2400
0 1210 2410 2410 0 1210 2410 2410
0 1210 2420 2420 0 1210 2420 2420
0 1220 2430 2430 0 1220 2430 2430
0 1220 2440 2440 0 1220 2440 2440
0 1230 2450 2450 0 1230 2450 2450
0 1230 2460 2460 0 1230 2460 2460
0 1240 2470 2470 0 1240 2470 2470
0 1240 2480 2480 0 1240 2480 2480
0 1250 2490 2490 0 1250 2490 2490
0 1250 2500 2500 0 1250 2500 2500
0 1260 2510 2510 0 1260 2510 2510
0 1260 2520 2520 0 1260 2520 2520
0 1270 2530 2530 0 1270 2530 2530
0 1270 2540 2540 0 1270 2540 2540
0 1280 2550 2550 0 1280 2550 2550
0 1280 2560 2560 0 1280 2560 2560
0 1290 2570 2570 0 1290 2570 2570
0 1290 2580 2580 0 1290 2580 2580
0 1300 2590 2590 0 1300 2590 2590
0 1300 2600 2600 0 1300 2600 2600
0 1310 2610 2610 0 1310 2610 2610
0 1310 2620 2620 0 1310 2620 2620
0 1320 2630 2630 0 1320 2630 2630
0 1320 2640 2640 0 1320 2640 2640
0 1330 2650 2650 0 1330 2650 2650
0 1330 2660 2660 0 1330 2660 2660
0 1340 2670 2670 0 1340 2670 2670
0 1340 2680 2680 0 1340 2680 2680
0 1350 2690 2690 0 1350 2690 2690
0 1350 2700 2700 0 1350 2700 2700
0 1360 2710 2710 0 1360 2710 2710
0 1360 2720 2720 0 1360 2720 2720
0 1370 2730 2730 0 1370 2730 2730
0 1370 2740 2740 0 1370 2740 2740
0 1380 2750 2750 0 1380 2750 2750
0 1380 2760 2760 0 1380 2760 2760
0 1390 2770 2770 0 1390 2770 2770
0 1390 2780 2780 0 1390 2780 2780
0 1400 2790 2790 0 1400 2790 2790
0 1400 2800 2800 0 1400 2800 2800
0 1410 2810 2810 0 1410 2810 2810
0 1410 2820 2820 0 1410 2820 2820
0 1420 2830 2830 0 1420 2830 2830
0 1420 2840 2840 0 1420 2840 2840
0 1430 2850 2850 0 1430 2850 2850
0 1430 2860 2860 0 1430 2860 2860
0 1440 2870 2870 0 1440 2870 2870
0 1440 2880 2880 0 1440 2880 2880
0 1450 2890 2890 0 1450 2890 2890
0 1450 2900 2900 0 1450 2900 2900
0 1460 2910 2910 0 1460 2910 2910
0 1460 2920 2920 0 1460 2920 2920
0 1470 2930 2930 0 1470 2930 2930
0 1470 2940 2940 0 1470 2940 2940
0 1480 2950 2950 0 1480 2950 2950
0 1480 2960 2960 0 1480 2960 2960
0 1490 2970 2970 0 1490 2970 2970
0 1490 2980 2980 0 1490 2980 2980
0 1500 2990 2990 0 1500 2990 2990
0 1500 3000 3000 0 1500 3000 3000
0 1510 3010 3010 0 1510 3010 3010
0 1510 3020 3020 0 1510 3020 3020
0 1520 3030 3030 0 1520 3030 3030
0 1520 3040 3040 0 1520 3040 3040
0 1530 3050 3050 0 1530 3050 3050
0 1530 3060 3060 0 1530 3060 3060
0 1540 3070 3070 0 1540 3070 3070
0 1540 3080 3080 0 1540 3080 3080
0 1550 3090 3090 0 1550 3090 3090
0 1550 3100 3100 0 1550 3100 3100
0 1560 3110 3110 0 1560 3110 3110
0 1560 3120 3120 0 1560 3120 3120
0 1570 3130 3130 0 1570 3130 3130
0 1570 3140 3140 0 1570 3140 3140
0 1580 3150 3150 0 1580 3150 3150
0 1580 3160 3160 0 1580 3160 3160
0 1590 3170 3170 0 1590 3170 3170
0 1590 3180 3180 0 1590 3180 3180
0 1600 3190 3190 0 1600 3190 3190
0 1600 3200 3200 0 1600 3200 3200
0 1610 3210 3210 0 1610 3210 3210
0 1610 3220 3220 0 1610 3220 3220
0 1620 3230 3230 0 1620 3230 3230
0 1620 3240 3240 0 1620 3240 3240
0 1630 3250 3250 0 1630 3250 3250
0 1630 3260 3260 0 1630 3260 3260
0 1640 3270 3270 0 1640 3270 3270
0 1640 3280 3280 0 1640 3280 3280
0 1650 3290 3290 0 1650 3290 3290
0 1650 3300 3300 0 1650 3300 3300
0 1660 3310 3310 0 1660 3310 3310
0 1660 3320 3320 0 1660 3320 3320
0 1670 3330 3330 0 1670 3330 3330
0 1670 3340 3340 0 1670 3340 3340
0 1680 3350 3350 0 1680 3350 3350
0 1680 3360 3360 0 1680 3360 3360
0 1690 3370 3370 0 1690 3370 3370
0 1690 3380 3380 0 1690 3380 3380
0 1700 3390 3390 0 1700 3390 3390
0 1700 3400 3400 0 1700 3400 3400
0 1710 3410 3410 0 1710 3410 3410
0 1710 3420 3420 0 1710 3420 3420
0 1720 3430 3430 0 1720 3430 3430
0 1720 3440 3440 0 1720 3440 3440
0 1730 3450 3450 0 1730 3450 3450
0 1730 3460 3460 0 1730 3460 3460
0 1740 3470 3470 0 1740 3470 3470
0 1740 3480 3480 0 1740 3480 3480
0 1750 3490 3490 0 1750 3490 3490
0 1750 3500 3500 0 1750 3500 3500
0 1760 3510 3510 0 1760 3510 3510
0 1760 3520 3520 0 1760 3520 3520
0 1770 3530 3530 0 1770 3530 3530
0 1770 3540 3540 0 1770 3540 3540
0 1780 3550 3550 0 1780 3550 3550
0 1780 3560 3560 0 1780 3560 3560
0 1790 3570 3570 0 1790 3570 3570
0 1790 3580 3580 0 1790 3580 3580
0 1800 3590 3590 0 1800 3590 3590
0 1800 3600 3600 0 1800 3600 3600
0 1810 3610 3610 0 1810 3610 3610
0 1810 3620 3620 0 1810 3620 3620
0 1820 3630 3630 0 1820 3630 3630
0 1820 3640 3640 0 1820 3640 3640
0 1830 3650 3650 0 1830 3650 3650
0 1830 3660 3660 0 1830 3660 3660
0 1840 3670 3670 0 1840 3670 3670
0 1840 3680 3680 0 1840 3680 3680
0 1850 3690 3690 0 1850 3690 3690
0 1850 3700 3700 0 1850 3700 3700
0 1860 3710 3710 0 1860 3710 3710
0 1860 3720 3720 0 1860 3720 3720
0 1870 3730 3730 0 1870 3730 3730
0 1870 3740 3740 0 1870 3740 3740
0 1880 3750 3750 0 1880 3750 3750
0 1880 3760 3760 0 1880 3760 3760
0 1890 3770 3770 0 1890 3770 3770
0 1890 3780 3780 0 1890 3780 3780
0 1900 3790 3790 0 1900 3790 3790
0 1900 3800 3800 0 1900 3800 3800
0 1910 3810 3810 0 1910 3810 3810
0 1910 3820 3820 0 1910 3820 3820
0 1920 3830 3830 0 1920 3830 3830
0 1920 3840 3840 0 1920 3840 3840
0 1930 3850 3850 0 1930 3850 3850
0 1930 3860 3860 0 1930 3860 3860
0 1940 3870 3870 0 1940 3870 3870
0 1940 3880 3880 0 1940 3880 3880
0 1950 3890 3890 0 1950 3890 3890
0 1950 3900 3900 0 1950 3900 3900
0 1960 3910 3910 0 1960 3910 3910
0 1960 3920 3920 0 1960 3920 3920
0 1970 3930 3930 0 1970 3930 3930
0 1970 3940 3940 0 1970 3940 3940
0 1980 3950 3950 0 1980 3950 3950
0 1980 3960 3960 0 1980 3960 3960
0 1990 3970 3970 0 1990 3970 3970
0 1990 3980 3980 0 1990 3980 3980
0 2000 3990 3990 0 2000 3990 3990
0 2000 4000 4000 0 2000 4000 4000
0 2010 4010 4010 0 2010 4010 4010
0 2010 4020 4020 0 2010 4020 4020
0 2020 4030 4030 0 2020 4030 4030
0 2020 4040 4040 0 2020 4040 4040
0 2030 4050 4050 0 2030 4050 4050
0 2030 4060 4060 0 2030 4060 4060
0 2040 4070 4070 0 2040 4070 4070
0 2040 4080 4080 0 2040 4080 4080
0 2050 4090 4090 0 2050 4090 4090
0 2050 4100 4100 0 2050 4100 4100
0 2060 4110 4110 0 2060 4110 4110
0 2060 4120 4120 0 2060 4120 4120
0 2070 4130 4130 0 2070 4130 4130
0 2070 4140 4140 0 2070 4140 4140
0 2080 4150 4150 0 2080 4150 4150
0 2080 4160 4160 0 2080 4160 4160
0 2090 4170 4170 0 2090 4170 4170
0 2090 4180 4180 0 2090 4180 4180
0 2100 4190 4190 0 2100 4190 4190
0 2100 4200 4200 0 2100 4200 4200
0 2110 4210 4210 0 2110 4210 4210
0 2110 4220 4220 0 2110 4220 4220
0 2120 4230 4230 0 2120 4230 4230
0 2120 4240 4240 0 2120 4240 4240
0 2130 4250 4250 0 2130 4250 4250
0 2130 4260 4260 0 2130 4260 4260
0 2140 4270 4270 0 2140 4270 4270
0 2140 4280 4280 0 2140 4280 4280
0 2150 4290 4290 0 2150 4290 4290
0 2150 4300 4300 0 2150 4300 4300
0 2160 4310 4310 0 2160 4310 4310
0 2160 4320 4320 0 2160 4320 4320
0 2170 4330 4330 0 2170 4330 4330
0 2170 4340 4340 0 2170 4340 4340
0 2180 4350 4350 0 2180 4350 4350
0 2180 4360 4360 0 2180 4360 4360
0 2190 4370 4370 0 2190 4370 4370
0 2190 4380 4380 0 2190 4380 4380
0 2200 4390 4390 0 2200 4390 4390
0 2200 4400 4400 0 2200 4400 4400
0 2210 4410 4410 0 2210 4410 4410
0 2210 4420 4420 0 2210 4420 4420
0 2220 4430 4430 0 2220 4430 4430
0 2220 4440 4440 0 2220 4440 4440
0 2230 4450 4450 0 2230 4450 4450
0 2230 4460 4460 0 2230 4460 4460
0 2240 4470 4470 0 2240 4470 4470
0 2240 4480 4480 0 2240 4480 4480
0 2250 4490 4490 0 2250 4490 4490
0 2250 4500 4500 0 2250 4500 4500
0 2260 4510 4510 0 2260 4510 4510
0 2260 4520 4520 0 2260 4520 4520
0 2270 4530 4530 0 2270 4530 4530
0 2270 4540 4540 0 2270 4540 4540
0 2280 4550 4550 0 2280 4550 4550
0 2280 4560 4560 0 2280 4560 4560
0 2290 4570 4570 0 2290 4570 4570
0 2290 4580 4580 0 2290 4580 4580
0 2300 4590 4590 0 2300 4590 4590
0 2300 4600 4600 0 2300 4600 4600
0 2310 4610 4610 0 2310 4610 4610
0 2310 4620 4620 0 2310 4620 4620
0 2320 4630 4630 0 2320 4630 4630
0 2320 4640 4640 0 2320 4640 4640
0 2330 4650 4650 0 2330 4650 4650
0 2330 4660 4660 0 2330 4660 4660
0 2340 4670 4670 0 2340 4670 4670
0 2340 4680 4680 0 2340 4680 4680
0 2350 4690 4690 0 2350 4690 4690
0 2350 4700 4700 0 2350 4700 4700
0 2360 4710 4710 0 2360 4710 4710
0 2360 4720 4720 0 2360 4720 4720
0 2370 4730 4730 0 2370 4730 4730
0 2370 4740 4740 0 2370 4740 4740
0 2380 4750 4750 0 2380 4750 4750
0 2380 4760 4760 0 2380 4760 4760
0 2390 4770 4770 0 2390 4770 4770
0 2390 4780 4780 0 2390 4780 4780
0 2400 4790 4790 0 2400 4790 4790
0 2400 4800 4800 0 2400 4800 4800
0 2410 4810 4810 0 2410 4810 4810
0 2410 4820 4820 0 2410 4820 4820
0 2420 4830 4830 0 2420 4830 4830
0 2420 4840 4840 0 2420 4840 4840
0 2430 4850 4850 0 2430 4850 4850
0 2430 4860 4860 0 2430 4860 4860
0 2440 4870 4870 0 2440 4870 4870
0 2440 4880 4880 0 2440 4880 4880
0 2450 4890 4890 0 2450 4890 4890
0 2450 4900 4900 0 2450 4900 4900
0 2460 4910 4910 0 2460 4910 4910
0 2460 4920 4920 0 2460 4920 4920
0 2470 4930 4930 0 2470 4930 4930
0 2470 4940 4940 0 2470 4940 4940
0 2480 4950 4950 0 2480 4950 4950
0 2480 4960 4960 0 2480 4960 4960
0 2490 4970 4970 0 2490 4970 4970
0 2490 4980 4980 0 2490 4980 4980
0 2500 4990 4990 0 2500 4990 4990
0 2500 5000 5000 0 2500 5000 5000
0 2510 5010 5010 0 2510 5010 5010
0 2510 5020 5020 0 2510 5020 5020
0 2520 5030 5030 0 2520 5030 5030
0 2520 5040 5040 0 2520 5040 5040
0 2530 5050 5050 0 2530 5050 5050
0 2530 5060 5060 0 2530 5060 5060
0 2540 5070 5070 0 2540 5070 5070
0 2540 5080 5080 0 2540 5080 5080
0 2550 5090 5090 0 2550 5090 5090
0 2550 5100 5100 0 2550 5100 5100
0 2560 5110 5110 0 2560 5110 5110
0 2560 5120 5120 0 2560 5120 5120
0 2570 5130 5130 0 2570 5130 5130
0 2570 5140 5140 0 2570 5140 5140
0 2580 5150 5150 0 2580 5150 5150
0 2580 5160 5160 0 2580 5160 5160
0 2590 5170 5170 0 2590 5170 5170
0 2590 5180 5180 0 2590 5180 5180
0 2600 5190 5190 0 2600 5190 5190
0 2600 5200 5200 0 2600 5200 5200
0 2610 5210 5210 0 2610 5210 5210
0 2610 5220 5220 0 2610 5220 5220
0 2620 5230 5230 0 2620 5230 5230
0 2620 5240 5240 0 2620 5240 5240
0 2630 5250 5250 0 2630 5250 5250
0 2630 5260 5260 0 2630 5260 5260
0 2640 5270 5270 0 2640 5270 5270
0 2640 5280 5280 0 2640 5280 5280
0 2650 5290 5290 0 2650 5290 5290
0 2650 5300 5300 0 2650 5300 5300
0 2660 5310 5310 0 2660 5310 5310
0 2660 5320 5320 0 2660 5320 5320
0 2670 5330 5330 0 2670 5330 5330
0 2670 5340 5340 0 2670 5340 5340
0 2680 5350 5350 0 2680 5350 5350
0 2680 5360 5360 0 2680 5360 5360
0 2690 5370 5370 0 2690 5370 5370
0 2690 5380 5380 0 2690 5380 5380
0 2700 5390 5390 0 2700 5390 5390
0 2700 5400 5400 0 2700 5400 5400
0 2710 5410 5410 0 2710 5410 5410
0 2710 5420 5420 0 2710 5420 5420
0 2720 5430 5430 0 2720 5430 5430
0 2720 5440 5440 0 2720 5440 5440
0 2730 5450 5450 0 2730 5450 5450
0 2730 5460 5460 0 2730 5460 5460
0 2740 5470 5470 0 2740 5470 5470
0 2740 5480 5480 0 2740 5480 5480
0 2750 5490 5490 0 2750 5490 5490
0 2750 5500 5500 0 2750 5500 5500
0 2760 5510 5510 0 2760 5510 5510
0 2760 5520 5520 0 2760 5520 5520
0 2770 5530 5530 0 2770 5530 5530
0 2770 5540 5540 0 2770 5540 5540
0 2780 5550 5550 0 2780 5550 5550
0 2780 5560 5560 0 2780 5560 5560
0 2790 5570 5570 0 2790 5570 5570
0 2790 5580 5580 0 2790 5580 5580
0 2800 5590 5590 0 2800 5590 5590
0 2800 5600 5600 0 2800 5600 5600
0 2810 5610 5610 0 2810 5610 5610
0 2810 5620 5620 0 2810 5620 5620
0 2820 5630 5630 0 2820 5630 5630
0 2820 5640 5640 0 2820 5640 5640
0 2830 5650 5650 0 2830 5650 5650
0 2830 5660 5660 0 2830 5660 5660
0 2840 5670 5670 0 2840 5670 5670
0 2840 5680 5680 0 2840 5680 5680
0 2850 5690 5690 0 2850 5690 5690
0 2850 5700 5700 0 2850 5700 5700
0 2860 5710 5710 0 2860 5710 5710
0 2860 5720 5720 0 2860 5720 5720
0 2870 5730 5730 0 2870 5730 5730
0 2870 5740 5740 0 2870 5740 5740
0 2880 5750 5750 0 2880 5750 5750
0 2880 5760 5760 0 2880 5760 5760
0 2890 5770 5770 0 2890 5770 5770
0 2890 5780 5780 0 2890 5780 5780
0 2900 5790 5790 0 2900 5790 5790
0 2900 5800 5800 0 2900 5800 5800
0 2910 5810 5810 0 2910 5810 5810
0 2910 5820 5820 0 2910 5820 5820
0 2920 5830 5830 0 2920 5830 5830
0 2920 5840 5840 0 2920 5840 5840
0 2930 5850 5850 0 2930 5850 5850
0 2930 5860 5860 0 2930 5860 5860
0 2940 5870 5870 0 2940 5870 5870
0 2940 5880 5880 0 2940 5880 5880
0 2950 5890 5890 0 2950 5890 5890
0 2950 5900 5900 0 2950 5900 5900
0 2960 5910 5910 0 2960 5910 5910
0 2960 5920 5920 0 2960 5920 5920
0 2970 5930 5930 0 2970 5930 5930
0 2970 5940 5940 0 2970 5940 5940
0 2980 5950 5950 0 2980 5950 5950
0 2980 5960 5960 0 2980 5960 5960
0 2990 5970 5970 0 2990 5970 5970
0 2990 5980 5980 0 2990 5980 5980
0 3000 5990 5990 0 3000 5990 5990
0 3000 6000 6000 0 3000 6000 6000
0 3010 6010 6010 0 3010 6010 6010
0 3010 6020 6020 0 3010 6020 6020
0 3020 6030 6030 0 3020 6030 6030
0 3020 6040 6040 0 3020 6040 6040
0 3030 6050 6050 0 3030 6050 6050
0 3030 6060 6060 0 3030 6060 6060
0 3040 6070 6070 0 3040 6070 6070
0 3040 6080 6080 0 3040 6080 6080
0 3050 6090 6090 0 3050 6090 6090
0 3050 6100 6100 0 3050 6100 6100
0 3060 6110 6110 0 3060 6110 6110
0 3060 6120 6120 0 3060 6120 6120
0 3070 6130 6130 0 3070 6130 6130
0 3070 6140 6140 0 3070 6140 6140
0 3080 6150 6150 0 3080 6150 6150
0 3080 6160 6160 0 3080 6160 6160
0 3090 6170 6170 0 3090 6170 6170
0 3090 6180 6180 0 3090 6180 6180
0 3100 6190 6190 0 3100 6190 6190
0 3100 6200 6200 0 3100 6200 6200
0 3110 6210 6210 0 3110 6210 6210
0 3110 6220 6220 0 3110 6220 6220
0 3120 6230 6230 0 3120 6230 6230
0 3120 6240 6240 0 3120 6240 6240
0 3130 6250 6250 0 3130 6250 6250
0 3130 6260 6260 0 3130 6260 6260
0 3140 6270 6270 0 3140 6270 6270
0 3140 6280 6280 0 3140 6280 6280
0 3150 6290 6290 0 3150 6290 6290
0 3150 6300 6300 0 3150 6300 6300
0 3160 6310 6310 0 3160 6310 6310
0 3160 6320 6320 0 3160 6320 6320
0 3170 6330 6330 0 3170 6330 6330
0 3170 6340 6340 0 3170 6340 6340
0 3180 6350 6350 0 3180 6350 6350
0 3180 6360 6360 0 3180 6360 6360
0 3190 6370 6370 0 3190 6370 6370
0 3190 6380 6380 0 3190 6380 6380
0 3200 6390 6390 0 3200 6390 6390
0 3200 6400 6400 0 3200 6400 6400
0 3210 6410 6410 0 3210 6410 6410
0 3210 6420 6420 0 3210 6420 6420
0 3220 6430 6430 0 3220 6430 6430
0 3220 6440 6440 0 3220 6440 6440
0 3230 6450 6450 0 3230 6450 6450
0 3230 6460 6460 0 3230 6460 6460
0 3240 6470 6470 0 3240 6470 6470
0 3240 6480 6480 0 3240 6480 6480
0 3250 6490 6490 0 3250 6490 6490
0 3250 6500 6500 0 3250 6500 6500
0 3260 6510 6510 0 3260 6510 6510
0 3260 6520 6520 0 3260 6520 6520
0 3270 6530 6530 0 3270 6530 6530
0 3270 6540 6540 0 3270 6540 6540
0 3280 6550 6550 0 3280 6550 6550
0 3280 6560 6560 0 3280 6560 6560
0 3290 6570 6570 0 3290 6570 6570
0 3290 6580 6580 0 3290 6580 6580
0 3300 6590 6590 0 3300 6590 6590
0 3300 6600 6600 0 3300 6600 6600
0 3310 6610 6610 0 3310 6610 6610
0 3310 6620 6620 0 3310 6620 6620
0 3320 6630 6630 0 3320 6630 6630
0 3320 6640 6640 0 3320 6640 6640
0 3330 6650 6650 0 3330 6650 6650
0 3330 6660 6660 0 3330 6660 6660
0 3340 6670 6670 0 3340 6670 6670
0 3340 6680 6680 0 3340 6680 6680
0 3350 6690 6690 0 3350 6690 6690
0 3350 6700 6700 0 3350 6700 6700
0 3360 6710 6710 0 3360 6710 6710
0 3360 6720 6720 0 3360 6720 6720
0 3370 6730 6730 0 3370 6730 6730
0 3370 6740 6740 0 3370 6740 6740
0 3380 6750 6750 0 3380 6750 6750
0 3380 6760 6760 0 3380 6760 6760
0 3390 6770 6770 0 3390 6770 6770
0 3390 6780 6780 0 3390 6780 6780
0 3400 6790 6790 0 3400 6790 6790
0 3400 6800 6800 0 3400 6800 6800
0 3410 6810 6810 0 3410 6810 6810
0 3410 6820 6820 0 3410 6820 6820
0 3420 6830 6830 0 3420 6830 6830
0 3420 6840 6840 0 3420 6840 6840
0 3430 6850 6850 0 3430 6850 6850
0 3430 6860 6860 0 3430 6860 6860
0 3440 6870 6870 0 3440 6870 6870
0 3440 6880 6880 0 3440 6880 6880
0 3450 6890 6890 0 3450 6890 6890
0 3450 6900 6900 0 3450 6900 6900
0 3460 6910 6910 0 3460 6910 6910
0 3460 6920 6920 0 3460 6920 6920
0 3470 6930 6930 0 3470 6930 6930
0 3470 6940 6940 0 3470 6940 6940
0 3480 6950 6950 0 3480 6950 6950
0 3480 6960 6960 0 3480 6960 6960
0 3490 6970 6970 0 3490 6970 6970
0 3490 6980 6980 0 3490 6980 6980
0 3500 6990 6990 0 3500 6990 6990
0 3500 7000 7000 0 3500 7000 7000
0 3510 7010 7010 0 3510 7010 7010
0 3510 7020 7020 0 3510 7020 7020
0 3520 7030 7030 0 3520 7030 7030
0 3520 7040 7040 0 3520 7040 7040
0 3530 7050 7050 0 3530 7050 7050
0 3530 7060 7060 0 3530 7060 7060
0 3540 7070 7070 0 3540 7070 7070
0 3540 7080 7080 0 3540 7080 7080
0 3550 7090 7090 0 3550 7090 7090
0 3550 7100 7100 0 3550 7100 7100
0 3560 7110 7110 0 3560 7110 7110
0 3560 7120 7120 0 3560 7120 7120
0 3570 7130 7130 0 3570 7130 7130
0 3570 7140 7140 0 3570 7140 7140
0 3580 7150 7150 0 3580 7150 7150
0 3580 7160 7160 0 3580 7160 7160
0 3590 7170 7170 0 3590 7170 7170
0 3590 7180 7180 0 3590 7180 7180
0 3600 7190 7190 0 3600 7190 7190
0 3600 7200 7200 0 3600 7200 7200
0 3610 7210 7210 0 3610 7210 7210
0 3610 7220 7220 0 3610 7220 7220
0 3620 7230 7230 0 3620 7230 7230
0 3620 7240 7240 0 3620 7240 7240
0 3630 7250 7250 0 3630 7250 7250
0 3630 7260 7260 0 3630 7260 7260
0 3640 7270 7270 0 3640 7270 7270
0 3640 7280 7280 0 3640 7280 7280
0 3650 7290 7290 0 3650 7290 7290
0 3650 7300 7300 0 3650 7300 7300
0 3660 7310 7310 0 3660 7310 7310
0 3660 7320 7320 0 3660 7320 7320
0 3670 7330 7330 0 3670 7330 7330
0 3670 7340 7340 0 3670 7340 7340
0 3680 7350 7350 0 3680 7350 7350
0 3680 7360 7360 0 3680 7360 7360
0 3690 7370 7370 0 3690 7370 7370
0 3690 7380 7380 0 3690 7380 7380
0 3700 7390 7390 0 3700 7390 7390
0 3700 7400 7400 0 3700 7400 7400
0 3710 7410 7410 0 3710 7410 7410
0 3710 7420 7420 0 3710 7420 7420
0 3720 7430 7430 0 3720 7430 7430
0 3720 7440 7440 0 3720 7440 7440
0 3730 7450 7450 0 3730 7450 7450
0 3730 7460 7460 0 3730 7460 7460
0 3740 7470 7470 0 3740 7470 7470
0 3740 7480 7480 0 3740 7480 7480
0 3750 7490 7490 0 3750 7490 7490
0 3750 7500 7500 0 3750 7500 7500
0 3760 7510 7510 0 3760 7510 7510
0 3760 7520 7520 0 3760 7520 7520
0 3770 7530 7530 0 3770 7530 7530
0 3770 7540 7540 0 3770 7540 7540
0 3780 7550 7550 0 3780 7550 7550
0 3780 7560 7560 0 3780 7560 7560
0 3790 7570 7570 0 3790 7570 7570
0 3790 7580 7580 0 3790 7580 7580
0 3800 7590 7590 0 3800 7590 7590
0 3800 7600 7600 0 3800 7600 7600
0 3810 7610 7610 0 3810 7610 7610
0 3810 7620 7620 0 3810 7620 7620
0 3820 7630 7630 0 3820 7630 7630
0 3820 7640 7640 0 3820 7640 7640
0 3830 7650 7650 0 3830 7650 7650
0 3830 7660 7660 0 3830 7660 7660
0 3840 7670 7670 0 3840 7670 7670
0 3840 7680 7680 0 3840 7680 7680
0 3850 7690 7690 0 3850 7690 7690
0 3850 7700 7700 0 3850 7700 7700
0 3860 7710 7710 0 3860 7710 7710
0 3860 7720 7720 0 3860 7720 7720
0 3870 7730 7730 0 3870 7730 7730
0 3870 7740 7740 0 3870 7740 7740
0 3880 7750 7750 0 3880 7750 7750
0 3880 7760 7760 0 3880 7760 7760
0 3890 7770 7770 0 3890 7770 7770
0 3890 7780 7780 0 3890 7780 7780
0 3900 7790 7790 0 3900 7790 7790
0 3900 7800 7800 0 3900 7800 7800
0 3910 7810 7810 0 3910 7810 7810
0 3910 7820 7820 0 3910 7820 7820
0 3920 7830 7830 0 3920 7830 7830
0 3920 7840 7840 0 3920 7840 7840
0 3930 7850 7850 0 3930 7850 7850
0 3930 7860 7860 0 3930 7860 7860
0 3940 7870 7870 0 3940 7870 7870
0 3940 7880 7880 0 3940 7880 7880
0 3950 7890 7890 0 3950 7890 7890
0 3950 7900 7900 0 3950 7900 7900
0 3960 7910 7910 0 3960 7910 7910
0 3960 7920 7920 0 3960 7920 7920
0 3970 7930 7930 0 3970 7930 7930
0 3970 7940 7940 0 3970 7940 7940
0 3980 7950 7950 0 3980 7950 7950
0 3980 7960 7960 0 3980 7960 7960
0 3990 7970 7970 0 3990 7970 7970
0 3990 7980 7980 0 3990 7980 7980
0 4000 7990 7990 0 4000 7990 7990
0 4000 8000 8000 0 4000 8000 8000
0 4010 8010 8010 0 4010 8010 8010
0 4010 8020 8020 0 4010 8020 8020
0 4020 8030 8030 0 4020 8030 8030
0 4020 8040 8040 0 4020 8040 8040
0 4030 8050 8050 0 4030 8050 8050
0 4030 8060 8060 0 4030 8060 8060
0 4040 8070 8070 0 4040 8070 8070
0 4040 8080 8080 0 4040 8080 8080
0 4050 8090 8090 0 4050 8090 8090
0 4050 8100 8100 0 4050 8100 8100
0 4060 8110 8110 0 4060 8110 8110
0 4060 8120 8120 0 4060 8120 8120
0 4070 8130 8130 0 4070 8130 8130
0 4070 8140 8140 0 4070 8140 8140
0 4080 8150 8150 0 4080 8150 8150
0 4080 8160 8160 0 4080 8160 8160
0 4090 8170 8170 0 4090 8170 8170
0 4090 8180 8180 0 4090 8180 8180
0 4100 8190 8190 0 4100 8190 8190
0 4100 8200 8200 0 4100 8200 8200
0 4110 8210 8210 0 4110 8210 8210
0 4110 8220 8220 0 4110 8220 8220
0 4120 8230 8230 0 4120 8230 8230
0 4120 8240 8240 0 4120 8240 8240
0 4130 8250 8250 0 4130 8250 8250
0 4130 8260 8260 0 4130 8260 8260
0 4140 8270 8270 0 4140 8270 8270
0 4140 8280 8280 0 4140 8280 8280
0 4150 8290 8290 0 4150 8290 8290
0 4150 8300 8300 0 4150 8300 8300
0 4160 8310 8310 0 4160 8310 8310
0 4160 8320 8320 0 4160 8320 8320
0 4170 8330 8330 0 4170 8330 8330
0 4170 8340 8340 0 4170 8340 8340
0 4180 8350 8350 0 4180 8350 8350
0 4180 8360 8360 0 4180 8360 8360
0 4190 8370 8370 0 4190 8370 8370
0 4190 8380 8380 0 4190 8380 8380
0 4200 8390 8390 0 4200 8390 8390
0 4200 8400 8400 0 4200 8400 8400
0 4210 8410 8410 0 4210 8410 8410
0 4210 8420 8420 0 4210 8420 8420
0 4220 8430 8430 0 4220 8430 8430
0 4220 8440 8440 0 4220 8440 8440
0 4230 8450 8450 0 4230 8450 8450
0 4230 8460 8460 0 4230 8460 8460
0 4240 8470 8470 0 4240 8470 8470
0 4240 8480 8480 0 4240 8480 8480
0 4250 8490 8490 0 4250 8490 8490
0 4250 8500 8500 0 4250 8500 8500
0 4260 8510 8510 0 4260 8510 8510
0 4260 8520 8520 0 4260 8520 8520
0 4270 8530 8530 0 4270 8530 8530
0 4270 8540 8540 0 4270 8540 8540
0 4280 8550 8550 0 4280 8550 8550
0 4280 8560 8560 0 4280 8560 8560
0 4290 8570 8570 0 4290 8570 8570
0 4290 8580 8580 0 4290 8580 8580
0 4300 8590 8590 0 4300 8590 8590
0 4300 8600 8600 0 4300 8600 8600
0 4310 8610 8610 0 4310 8610 8610
0 4310 8620 8620 0 4310 8620 8620
0 4320 8630 8630 0 4320 8630 8630
0 4320 8640 8640 0 4320 8640 8640
0 4330 8650 8650 0 4330 8650 8650
0 4330 8660 8660 0 4330 8660 8660
0 4340 8670 8670 0 4340 8670 8670
0 4340 8680 8680 0 4340 8680 8680
0 4350 8690 8690 0 4350 8690 8690
0 4350 8700 8700 0 4350 8700 8700
0 4360 8710 8710 0 4360 8710 8710
0 4360 8720 8720 0 4360 8720 8720
0 4370 8730 8730 0 4370 8730 8730
0 4370 8740 8740 0 4370 8740 8740
0 4380 8750 8750 0 4380 8750 8750
0 4380 8760 8760 0 4380 8760 8760
0 4390 8770 8770 0 4390 8770 8770
0 4390 8780 8780 0 4390 8780 8780
0 4400 8790 8790 0 4400 8790 8790
0 4400 8800 8800 0 4400 8800 8800
0 4410 8810 8810 0 4410 8810 8810
0 4410 8820 8820 0 4410 8820 8820
0 4420 8830 8830 0 4420 8830 8830
0 4420 8840 8840 0 4420 8840 8840
0 4430 8850 8850 0 4430 8850 8850
0 4430 8860 8860 0 4430 8860 8860
0 4440 8870 8870 0 4440 8870 8870
0 4440 8880 8880 0 4440 8880 8880
0 4450 8890 8890 0 4450 8890 8890
0 4450 8900 8900 0 4450 8900 8900
0 4460 8910 8910 0 4460 8910 8910
0 4460 8920 8920 0 4460 8920 8920
0 4470 8930 8930 0 4470 8930 8930
0 4470 8940 8940 0 4470 8940 8940
0 4480 8950 8950 0 4480 8950 8950
0 4480 8960 8960 0 4480 8960 8960
0 4490 8970 8970 0 4490 8970 8970
0 4490 8980 8980 0 4490 8980 8980
0 4500 8990 8990 0 4500 8990 8990
0 4500 9000 9000 0 4500 9000 9000
0 4510 9010 9010 0 4510 9010 9010
0 4510 9020 9020 0 4510 9020 9020
0 4520 9030 9030 0 4520 9030 9030
0 4520 9040 9040 0 4520 9040 9040
0 4530 9050 9050 0 4530 9050 9050
0 4530 9060 9060 0 4530 9060 9060
0 4540 9070 9070 0 4540 9070 9070
0 4540 9080 9080 0 4540 9080 9080
0 4550 9090 9090 0 4550 9090 9090
0 4550 9100 9100 0 4550 9100 9100
0 4560 9110 9110 0 4560 9110 9110
0 4560 9120 9120 0 4560 9120 9120
0 4570 9130 9130 0 4570 9130 9130
0 4570 9140 9140 0 4570 9140 9140
0 4580 9150 9150 0 4580 9150 9150
0 4580 9160 9160 0 4580 9160 9160
0 4590 9170 9170 0 4590 9170 9170
0 4590 9180 9180 0 4590 9180 9180
0 4600 9190 9190 0 4600 9190 9190
0 4600 9200 9200 0 4600 9200 9200
0 4610 9210 9210 0 4610 9210 9210
0 4610 9220 9220 0 4610 9220 9220
0 4620 9230 9230 0 4620 9230 9230
0 4620 9240 9240 0 4620 9240 9240
0 4630 9250 9250 0 4630 9250 9250
0 4630 9260 9260 0 4630 9260 9260
0 4640 9270 9270 0 4640 9270 9270
0 4640 9280 9280 0 4640 9280 9280
0 4650 9290 9290 0 4650 9290 9290
0 4650 9300 9300 0 4650 9300 9300
0 4660 9310 9310 0 4660 9310 9310
0 4660 9320 9320 0 4660 9320 9320
0 4670 9330 9330 0 4670 9330 9330
0 4670 9340 9340 0 4670 9340 9340
0 4680 9350 9350 0 4680 9350 9350
0 4680 9360 9360 0 4680 9360 9360
0 4690 9370 9370 0 4690 9370 9370
0 4690 9380 9380 0 4690 9380 9380
0 4700 9390 9390 0 4700 9390 9390
0 4700 9400 9400 0 4700 9400 9400
0 4710 9410 9410 0 4710 9410 9410
0 4710 9420 9420 0 4710 9420 9420
0 4720 9430 9430 0 4720 9430 9430
0 4720 9440 9440 0 4720 9440 9440
0 4730 9450 9450 0 4730 9450 9450
0 4730 9460 9460 0 4730 9460 9460
0 4740 9470 9470 0 4740 9470 9470
0 4740 9480 9480 0 4740 9480 9480
0 4750 9490 9490 0 4750 9490 9490
0 4750 9500 9500 0 4750 9500 9500
0 4760 9510 9510 0 4760 9510 9510
0 4760 9520 9520 0 4760 9520 9520
0 4770 9530 9530 0 4770 9530 9530
0 4770 9540 9540 0 4770 9540 9540
0 4780 9550 9550 0 4780 9550 9550
0 4780 9560 9560 0 4780 9560 9560
0 4790 9570 9570 0 4790 9570 9570
0 4790 9580 9580 0 4790 9580 9580
0 4800 9590 9590 0 4800 9590 9590
0 4800 9600 9600 0 4800 9600 9600
0 4810 9610 9610 0 4810 9610 9610
0 4810 9620 9620 0 4810 9620 9620
0 4820 9630 9630 0 4820 9630 9630
0 4820 9640 9640 0 4820 9640 9640
0 4830 9650 9650 0 4830 9650 9650
0 4830 9660 9660 0 4830 9660 9660
0 4840 9670 9670 0 4840 9670 9670
0 4840 9680 9680 0 4840 9680 9680
0 4850 9690 9690 0 4850 9690 9690
0 4850 9700 9700 0 4850 9700 9700
0 4860 9710 9710 0 4860 9710 9710
0 4860 9720 9720 0 4860 9720 9720
0 4870 9730 9730 0 4870 9730 9730
0 4870 9740 9740 0 4870 9740 9740
0 4880 9750 9750 0 4880 9750 9750
0 4880 9760 9760 0 4880 9760 9760
0 4890 9770 9770 0 4890 9770 9770
0 4890 9780 9780 0 4890 9780 9780
0 4900 9790 9790 0 4900 9790 9790
0 4900 9800 9800 0 4900 9800 9800
0 4910 9810 9810 0 4910 9810 9810
0 4910 9820 9820 0 4910 9820 9820
0 4920 9830 9830 0 4920 9830 9830
0 4920 9840 9840 0 4920 9840 9840
0 4930 9850 9850 0 4930 9850 9850
0 4930 9860 9860 0 4930 9860 9860
0 4940 9870 9870 0 4940 9870 9870
0 4940 9880 9880 0 4940 9880 9880
0 4950 9890 9890 0 4950 9890 9890
0 4950 9900 9900 0 4950 9900 9900
0 4960 9910 9910 0 4960 9910 9910
0 4960 9920 9920 0 4960 9920 9920
0 4970 9930 9930 0 4970 9930 9930
0 4970 9940 9940 0 4970 9940 9940
0 4980 9950 9950 0 4980 9950 9950
0 4980 9960 9960 0 4980 9960 9960
0 4990 9970 9970 0 4990 9970 9970
0 4990 9980 9980 0 4990 9980 9980
0 5000 9990 9990 0 5000 9990 9990
0 5000 10000 10000 0 5000 10000 10000
0 5010 10010 10010 0 5010 10010 10010

waitingTimeCarsGone
20
0
20
0
20
20
20
0
20
0
20
20
20
0
20
0
20
20
20
0
20
0
20
20
20
0
20
0
20
20
20
0
20
0
20
20
20
0
20
0
20
20
20
0
20
0
20
20
20
0
20
0
20
20
20
0
20
0
20
20
20
0
20
0
20
20
20
0
20
0
20
20
20
0
20
0
20
20
20
0
20
0
20
20
20
0
20
0
20
20
20
0
20
0
20
20
20
0
20
0
20
20
20
0
20
0
20
20
20
0
20
0
20
20
20
0
20
0
20
20
20
0
20
0
20
20
20
0
20
0
20
20
20
0
20
0
20
20
20
0
20
0
20
20
20
0
20
0
20
20
20
0
20
0
20
20
20
0
20
0
20
20
20
0
20
0
20
20
20
0
20
0
20
20
20
0
20
0
20
20
20
0
20
0
20
20
20
0
20
0
20
20
20
0
20
0
20
20
20
0
20
0
20
20
20
0
20
0
20
20
20
0
20
0
20
20
20
0
20
0
20
20
20
0
20
0
20
20
20
0
20
0
20
20
20
0
20
0
20
20
20
0
20
0
20
20
20
0
20
0
20
20
20
0
20
0
20
20
20
0
20
0
20
20
20
0
20
0
20
20
20
0
20
0
20
20
20
0
20
0
20
20
20
0
20
0
20
20
20
0
20
0
20
20
20
0
20
0
20
20
20
0
20
0
20
20
20
0
20
0
20
20
20
0
20
0
20
20
20
0
20
0
20
20
20
0
20
0
20
20
20
0
20
0
20
20
20
0
20
0
20
20
20
0
20
0
20
20
20
0
20
0
20
20
20
0
20
0
20
20
20
0
20
0
20
20
20
0
20
0
20
20
20
0
20
0
20
20
20
0
20
0
20
20
20
0
20
0
20
20
20
0
20
0
20
20
20
0
20
0
20
20
20
0
20
0
20
20
20
0
20
0
20
20
20
0
20
0
20
20
20
0
20
0
20
20
20
0
20
0
20
20
20
0
20
0
20
20
20
0
20
0
20
20
20
0
20
0
20
20
20
0
20
0
20
20
20
0
20
0
20
20
20
0
20
0
20
20
20
0
20
0
20
20
20
0
20
0
20
20
20
0
20
0
20
20
20
0
20
0
20
20
20
0
20
0
20
20
20
0
20
0
20
20
20
0
20
0
20
20
20
0
20
0
20
20
20
0
20
0
20
20
20
0
20
0
20
20
20
0
20
0
20
20
20
0
20
0
20
20
20
0
20
0
20
20
20
0
20
0
20
20
20
0
20
0
20
20
20
0
20
0
20
20
20
0
20
0
20
20
20
0
20
0
20
20
20
0
20
0
20
20
20
0
20
0
20
20
20
0
20
0
20
20
20
0
20
0
20
20
20
0
20
0
20
20
20
0
20
0
20
20
20
0
20
0
20
20
20
0
20
0
20
20
20
0
20
0
20
20
20
0
20
0
20
20
20
0
20
0
20
20
20
0
20
0
20
20
20
0
20
0
20
20
20
0
20
0
20
20
20
0
20
0
20
20
20
0
20
0
20
20
20
0
20
0
20
20
20
0
20
0
20
20
20
0
20
0
20
20
20
0
20
0
20
20
20
0
20
0
20
20
20
0
20
0
20
20
20
0
20
0
20
20
20
0
20
0
20
20
20
0
20
0
20
20
20
0
20
0
20
20
20
0
20
0
20
20
20
0
20
0
20
20
20
0
20
0
20
20
20

waitingTimeCarsLeft
0
0
60
60
60
0
60
0
60
60
60
0
60
0
60
60
60
0
60
0
60
60
60
0
60
0
60
60
60
0
60
0
60
60
60
0
60
0
60
60
60
0
60
0
60
60
60
0
60
0
60
60
60
0
60
0
60
60
60
0
60
0
60
60
60
0
60
0
60
60
60
0
60
0
60
60
60
0
60
0
60
60
60
0
60
0
60
60
60
0
60
0
60
60
60
0
60
0
60
60
60
0
60
0
60
60
60
0
60
0
60
60
60
0
60
0
60
60
60
0
60
0
60
60
60
0
60
0
60
60
60
0
60
0
60
60
60
0
60
0
60
60
60
0
60
0
60
60
60
0
60
0
60
60
60
0
60
0
60
60
60
0
60
0
60
60
60
0
60
0
60
60
60
0
60
0
60
60
60
0
60
0
60
60
60
0
60
0
60
60
60
0
60
0
60
60
60
0
60
0
60
60
60
0
60
0
60
60
60
0
60
0
60
60
60
0
60
0
60
60
60
0
60
0
60
60
60
0
60
0
60
60
60
0
60
0
60
60
60
0
60
0
60
60
60
0
60
0
60
60
60
0
60
0
60
60
60
0
60
0
60
60
60
0
60
0
60
60
60
0
60
0
60
60
60
0
60
0
60
60
60
0
60
0
60
60
60
0
60
0
60
60
60
0
60
0
60
60
60
0
60
0
60
60
60
0
60
0
60
60
60
0
60
0
60
60
60
0
60
0
60
60
60
0
60
0
60
60
60
0
60
0
60
60
60
0
60
0
60
60
60
0
60
0
60
60
60
0
60
0
60
60
60
0
60
0
60
60
60
0
60
0
60
60
60
0
60
0
60
60
60
0
60
0
60
60
60
0
60
0
60
60
60
0
60
0
60
60
60
0
60
0
60
60
60
0
60
0
60
60
60
0
60
0
60
60
60
0
60
0
60
60
60
0
60
0
60
60
60
0
60
0
60
60
60
0
60
0
60
60
60
0
60
0
60
60
60
0
60
0
60
60
60
0
60
0
60
60
60
0
60
0
60
60
60
0
60
0
60
60
60
0
60
0
60
60
60
0
60
0
60
60
60
0
60
0
60
60
60
0
60
0
60
60
60
0
60
0
60
60
60
0
60
0
60
60
60
0
60
0
60
60
60
0
60
0
60
60
60
0
60
0
60
60
60
0
60
0
60
60
60
0
60
0
60
60
60
0
60
0
60
60
60
0
60
0
60
60
60
0
60
0
60
60
60
0
60
0
60
60
60
0
60
0
60
60
60
0
60
0
60
60
60
0
60
0
60
60
60
0
60
0
60
60
60
0
60
0
60
60
60
0
60
0
60
60
60
0
60
0
60
60
60
0
60
0
60
60
60
0
60
0
60
60
60
0
60
0
60
60
60
0
60
0
60
60
60
0
60
0
60
60
60
0
60
0
60
60
60
0
60
0
60
60
60
0
60
0
60
60
60
0
60
0
60
60
60
0
60
0
60
60
60
0
60
0
60
60
60
0
60
0
60
60
60
0
60
0
60
60
60
0
60
0
60
60
60
0
60
0
60
60
60
0
60
0
60
60
60
0
60
0
60
60
60
0
60
0
60
60
60
0
60
0
60
60
60
0
60
0
60
60
60
0
60
0
60
60
60
0
60
0
60
60
60
0
60
0
60
60
60
0
60
0
60
60
60
0
60
0
60
60
60
0
60
0
60
60
60
0
60
0
40
40
40
0
40
0
40
40
40
0
40
0
40
40
40
0
40
0
40
40
40
0
40
0
40
40
40
0
40
0
40
40
40
0
40
0
40
40
40
0
40
0
40
40
40
0
40
0
40
40
40
0
40
0
40
40
40
0
40
0
40
40
40
0
40
0
40
40
40
0
40
0
40
40
40
0
40
0
40
40
40
0
40
0
40
40
40
0
40
0
40
40
40
0
40
0
40
40
40
0
40
0
40
40
40
0
40
0
40
40
40
0
40
0
40
40
40
0
40
0
40
40
40
0
40
0
40
40
40
0
40
0
40
40
40
0
40
0
40
40
40
0
40
0
40
40
40
0
40
0
40
40
40
0
40
0
40
40
40
0
40
0
40
40
40
0
40
0
40
40
40
0
40
0
40
40
40
0
40
0
40
40
40
0
40
0
40
40
40
0
40
0
40
40
40
0
40
0
40
40
40
0
40
0
40
40
40
0
40
0
40
40
40
0
40
0
40
40
40
0
40
0
40
40
40
0
40
0
40
40
40
0
40
0
40
40
40
0
40
0
40
40
40
0
40
0
40
40
40
0
40
0
40
40
40
0
40
0
40
40
40
0
40
0
40
40
40
0
40
0
40
40
40
0
40
0
40
40
40
0
40
0
40
40
40
0
40
0
40
40
40
0
40
0
40
40
40
0
40
0
40
40
40
0
40
0
40
40
40
0
40
0
40
40
40
0
40
0
40
40
40
0
40
0
40
40
40
0
40
0
40
40
40
0
40
0
40
40
40
0
40
0
40
40
40
0
40
0
40
40
40
0
40
0
40
40
40
0
40
0
40
40
40
0
40
0
40
40
40
0
40
0
40
40
40
0
40
0
40
40
40
0
40
0
40
40
40
0
40
0
40
40
40
0
40
0
40
40
40
0
40
0
40
40
40
0
40
0
40
40
40
0
40
0
40
40
40
0
40
0
40
40
40
0
40
0
40
40
40
0
40
0
40
40
40
0
40
0
40
40
40
0
40
0
40
40
40
0
40
0
40
40
40
0
40
0
40
40
40
0
40
0
40
40
40
0
40
0
40
40
40
0
40
0
40
40
40
0
40
0
40
40
40
0
40
0
40
40
40
0
40
0
40
40
40
0
40
0
40
40
40
0
40
0
40
40
40
0
40
0
40
40
40
0
40
0
40
40
40
0
40
0
40
40
40
0
40
0
40
40
40
0
40
0
40
40
40
0
40
0
40
40
40
0
40
0
40
40
40
0
40
0
40
40
40
0
40
0
40
40
40
0
40
0
40
40
40
0
40
0
40
40
40
0
40
0
40
40
40
0
40
0
40
40
40
0
40
0
40
40
40
0
40
0
40
40
40
0
40
0
40
40
40
0
40
0
40
40
40
0
40
0
40
40
40
0
40
0
40
40
40
0
40
0
40
40
40
0
40
0
40
40
40
0
40
0
40
40
40
0
40
0
40
40
40
0
40
0
40
40
40
0
40
0
40
40
40
0
40
0
40
40
40
0
40
0
40
40
40
0
40
0
40
40
40
0
40
0
40
40
40
0
40
0
40
40
40
0
40
0
40
40
40
0
40
0
40
40
40
0
40
0
40
40
40
0
40
0
40
40
40
0
40
0
40
40
40
0
40
0
40
40
40
0
40
0
40
40
40
0
40
0
40
40
40
0
40
0
40
40
40
0
40
0
40
40
40
0
40
0
40
