carsInLane
0 10 10 10 0 10 10 10
0 10 20 20 0 10 20 20
0 20 30 30 0 20 30 30
0 20 40 40 0 20 40 40
0 30 50 50 0 30 50 50
0 30 60 60 0 30 60 60
0 40 70 70 0 40 70 70
0 40 80 80 0 40 80 80
0 50 90 90 0 50 90 90
0 50 100 100 0 50 100 100
0 60 110 110 0 60 110 110
0 60 120 120 0 60 120 120
0 70 130 130 0 70 130 130
0 70 140 140 0 70 140 140
0 80 150 150 0 80 150 150
0 80 160 160 0 80 160 160
0 90 170 170 0 90 170 170
0 90 180 180 0 90 180 180
0 100 190 190 0 100 190 190
0 100 200 200 0 100 200 200
0 110 210 210 0 110 210 210
0 110 220 220 0 110 220 220
0 120 230 230 0 120 230 230
0 120 240 240 0 120 240 240
0 130 250 250 0 130 250 250
0 130 260 260 0 130 260 260
0 140 270 270 0 140 270 270
0 140 280 280 0 140 280 280
0 150 290 290 0 150 290 290
0 150 300 300 0 150 300 300
0 160 310 310 0 160 310 310
0 160 320 320 0 160 320 320
0 170 330 330 0 170 330 330
0 170 340 340 0 170 340 340
0 180 350 350 0 180 350 350
0 180 360 360 0 180 360 360
0 190 370 370 0 190 370 370
0 190 380 380 0 190 380 380
0 200 390 390 0 200 390 390
0 200 400 400 0 200 400 400
0 210 410 410 0 210 410 410
0 210 420 420 0 210 420 420
0 220 430 430 0 220 430 430
0 220 440 440 0 220 440 440
0 230 450 450 0 230 450 450
0 230 460 460 0 230 460 460
0 240 470 470 0 240 470 470
0 240 480 480 0 240 480 480
0 250 490 490 0 250 490 490
0 250 500 500 0 250 500 500
0 260 510 510 0 260 510 510
0 260 520 520 0 260 520 520
0 270 530 530 0 270 530 530
0 270 540 540 0 270 540 540
0 280 550 550 0 280 550 550
0 280 560 560 0 280 560 560
0 290 570 570 0 290 570 570
0 290 580 580 0 290 580 580
0 300 590 590 0 300 590 590
0 300 600 600 0 300 600 600
0 310 610 610 0 310 610 610
0 310 620 620 0 310 620 620
0 320 630 630 0 320 630 630
0 320 640 640 0 320 640 640
0 330 650 650 0 330 650 650
0 330 660 660 0 330 660 660
0 340 670 670 0 340 670 670
0 340 680 680 0 340 680 680
0 350 690 690 0 350 690 690
0 350 700 700 0 350 700 700
0 360 710 710 0 360 710 710
0 360 720 720 0 360 720 720
0 370 730 730 0 370 730 730
0 370 740 740 0 370 740 740
0 380 750 750 0 380 750 750
0 380 760 760 0 380 760 760
0 390 770 770 0 390 770 770
0 390 780 780 0 390 780 780
0 400 790 790 0 400 790 790
0 400 800 800 0 400 800 800
0 410 810 810 0 410 810 810
0 410 820 820 0 410 820 820
0 420 830 830 0 420 830 830
0 420 840 840 0 420 840 840
0 430 850 850 0 430 850 850
0 430 860 860 0 430 860 860
0 440 870 870 0 440 870 870
0 440 880 880 0 440 880 880
0 450 890 890 0 450 890 890
0 450 900 900 0 450 900 900
0 460 910 910 0 460 910 910
0 460 920 920 0 460 920 920
0 470 930 930 0 470 930 930
0 470 940 940 0 470 940 940
0 480 950 950 0 480 950 950
0 480 960 960 0 480 960 960
0 490 970 970 0 490 970 970
0 490 980 980 0 490 980 980
0 500 990 990 0 500 990 990
0 500 1000 1000 0 500 1000 1000
0 510 1010 1010 0 510 1010 1010

waitingTimeCarsGone
20
0
20
0
20
20
20
0
20
0
20
20
20
0
20
0
20
20
20
0
20
0
20
20
20
0
20
0
20
20
20
0
20
0
20
20
20
0
20
0
20
20
20
0
20
0
20
20
20
0
20
0
20
20
20
0
20
0
20
20
20
0
20
0
20
20
20
0
20
0
20
20
20
0
20
0
20

waitingTimeCarsLeft
0
0
60
60
60
0
60
0
60
60
60
0
60
0
60
60
60
0
60
0
60
60
60
0
60
0
60
60
60
0
60
0
60
60
60
0
60
0
60
60
60
0
60
0
60
60
60
0
60
0
60
60
60
0
60
0
60
60
60
0
60
0
60
60
60
0
60
0
60
60
60
0
60
0
60
60
40
0
40
0
40
40
40
0
40
0
40
40
40
0
40
0
40
40
40
0
40
0
40
40
40
0
40
0
40
40
40
0
40
0
40
40
40
0
40
0
40
40
40
0
40
0
40
40
40
0
40
0
40
40
40
0
40
0
40
40
40
0
40
0
40
40
40
0
40
0
40
40
40
0
40
0
40
