carsInLane
4 3 1 3 7 3 2 3
4 6 2 6 7 6 4 6
8 3 3 9 14 3 6 9
4 6 4 12 7 6 8 12
8 9 5 3 14 9 10 3
4 12 6 6 7 12 12 6
8 15 1 9 14 15 2 9
12 3 2 12 21 3 4 12
4 6 3 15 13 6 6 15
8 9 4 3 20 9 8 3
4 12 5 6 12 12 10 6
8 3 6 9 19 3 12 9
12 6 1 12 26 6 2 12
4 9 2 15 18 9 4 15
8 12 3 3 25 12 6 3
4 15 4 6 17 15 8 6
8 3 5 9 24 3 10 9
4 6 6 12 16 6 12 12
8 9 1 15 23 9 2 15
4 12 2 18 15 12 4 18
8 15 3 6 22 15 6 6
4 18 4 9 14 18 8 9
8 6 5 12 21 6 10 12
4 9 6 15 13 9 12 15
8 12 1 18 20 12 2 18
12 15 2 6 27 15 4 6
4 18 3 9 19 18 6 9
8 6 4 12 26 6 8 12
4 9 5 15 18 9 10 15
8 12 6 3 25 12 12 3
12 15 1 6 32 15 2 6
4 18 2 9 24 18 4 9
8 6 3 12 31 6 6 12
4 9 4 15 23 9 8 15
8 12 5 3 30 12 10 3
4 15 6 6 22 15 12 6
8 18 1 9 29 18 2 9
4 21 2 12 21 21 4 12
8 9 3 15 28 9 6 15
4 12 4 18 20 12 8 18
8 15 5 6 27 15 10 6
4 18 6 9 19 18 12 9
8 21 1 12 26 21 2 12
12 9 2 15 33 9 4 15
4 12 3 18 25 12 6 18
8 15 4 6 32 15 8 6
4 18 5 9 24 18 10 9
8 6 6 12 31 6 12 12
12 9 1 15 38 9 2 15
4 12 2 18 30 12 4 18
8 15 3 6 37 15 6 6
4 18 4 9 29 18 8 9
8 6 5 12 36 6 10 12
4 9 6 15 28 9 12 15
8 12 1 18 35 12 2 18
4 15 2 21 27 15 4 21
8 18 3 9 34 18 6 9
4 21 4 12 26 21 8 12
8 9 5 15 33 9 10 15
4 12 6 18 25 12 12 18
8 15 1 21 32 15 2 21
12 18 2 9 39 18 4 9
4 21 3 12 31 21 6 12
8 9 4 15 38 9 8 15
4 12 5 18 30 12 10 18
8 15 6 6 37 15 12 6
12 18 1 9 44 18 2 9
4 21 2 12 36 21 4 12
8 9 3 15 43 9 6 15
4 12 4 18 35 12 8 18
4 15 5 21 27 15 10 21
8 18 6 9 34 18 12 9
12 21 1 12 41 21 2 12
4 24 2 15 33 24 4 15
8 12 3 18 40 12 6 18
4 15 4 21 32 15 8 21
8 18 5 9 39 18 10 9
4 21 6 12 31 21 12 12
8 24 1 15 38 24 2 15
12 12 2 18 45 12 4 18
4 15 3 21 37 15 6 21
8 18 4 9 44 18 8 9
4 21 5 12 36 21 10 12
8 9 6 15 43 9 12 15
12 12 1 18 50 12 2 18
4 15 2 21 42 15 4 21
4 18 3 24 34 18 6 24
8 21 4 12 41 21 8 12
4 24 5 15 33 24 10 15
8 12 6 18 40 12 12 18
12 15 1 21 47 15 2 21
4 18 2 24 39 18 4 24
8 21 3 12 46 21 6 12
4 24 4 15 38 24 8 15
8 12 5 18 45 12 10 18
4 15 6 21 37 15 12 21
8 18 1 24 44 18 2 24
4 21 2 27 36 21 4 27
8 24 3 15 43 24 6 15
4 27 4 18 35 27 8 18
8 15 5 21 42 15 10 21

waitingTimeCarsGone
311
0
408
395
413
58
376
346
144
24
25
12

waitingTimeCarsLeft
0
22
0
22
22
21
0
15
6
6
