carsInLane
4 3 4 1 5 2 7 3
8 6 4 2 10 4 7 6
4 9 8 3 5 6 14 9
8 12 4 4 10 8 11 12
12 5 8 5 15 2 18 15
6 8 12 6 10 4 25 18
10 11 6 7 15 6 22 21
14 14 4 8 20 8 19 24
8 17 8 9 15 10 26 27
12 20 12 1 20 12 33 20
16 23 6 2 25 14 30 23
10 26 10 3 20 16 37 26
14 29 4 4 25 18 34 29
18 22 8 5 30 10 41 32
22 25 4 6 35 12 38 35
16 28 8 7 30 14 45 38
20 31 4 8 35 16 42 41
14 34 8 9 30 18 49 44
18 37 4 10 35 20 46 47
22 30 8 11 40 12 53 50
16 33 12 12 35 14 60 53
20 36 6 13 40 16 57 56
24 39 10 4 45 18 64 49
28 42 4 5 50 20 61 52
22 45 8 6 45 22 68 55
26 48 4 7 50 24 65 58
20 51 8 8 45 26 72 61
24 54 4 9 50 28 69 64
28 47 8 10 55 20 76 67
32 50 4 11 60 22 73 70
26 53 8 12 55 24 80 73
30 56 4 13 60 26 77 76
24 59 8 14 55 28 84 79
28 62 12 5 60 30 91 72
32 65 6 6 65 32 88 75
26 68 10 7 60 34 95 78
30 71 4 8 65 36 92 81
34 64 8 9 70 28 99 84
38 67 4 10 75 30 96 87
32 70 8 11 70 32 103 90
36 73 4 12 75 34 100 93
30 76 8 13 70 36 107 96
34 79 4 14 75 38 104 99
38 72 8 15 80 30 111 102
42 75 4 16 85 32 108 105
36 78 8 17 80 34 115 108
40 81 12 8 85 36 122 101
44 84 6 9 90 38 119 104
38 87 10 10 85 40 126 107
42 90 4 11 90 42 123 110
36 93 8 12 85 44 130 113
40 96 4 13 90 46 127 116
44 89 8 14 95 38 134 119
48 92 4 15 100 40 131 122
42 95 8 16 95 42 138 125
46 98 4 17 100 44 135 128
40 101 8 18 95 46 142 131
44 104 4 19 100 48 139 134
48 107 8 10 105 50 146 127
52 100 12 11 110 42 153 130
56 103 6 12 115 44 150 133
50 106 10 13 110 46 157 136
54 109 4 14 115 48 154 139
48 112 8 15 110 50 161 142
52 115 4 16 115 52 158 145
46 118 8 17 110 54 165 148
50 121 4 18 115 56 162 151
54 114 8 19 120 48 169 154
58 117 4 20 125 50 166 157
52 120 8 21 120 52 173 160
56 123 4 22 125 54 170 163
60 126 8 13 130 56 177 156
54 129 12 14 125 58 184 159
58 132 6 15 130 60 181 162
62 125 10 16 135 52 188 165
66 128 4 17 140 54 185 168
60 131 8 18 135 56 192 171
64 134 4 19 140 58 189 174
58 137 8 20 135 60 196 177
62 140 4 21 140 62 193 180
56 143 8 22 135 64 200 183
60 146 4 23 140 66 197 186
64 139 8 24 145 58 204 189
68 142 12 15 150 60 211 182
72 145 6 16 155 62 208 185
66 148 10 17 150 64 215 188
70 151 4 18 155 66 212 191
64 154 8 19 150 68 219 194
68 157 4 20 155 70 216 197
72 150 8 21 160 62 223 200
66 153 12 22 155 64 230 203
70 156 6 23 160 66 227 206
74 159 4 24 165 68 224 209
68 162 8 25 160 70 231 212
72 165 4 26 165 72 228 215
76 168 8 17 170 74 235 208
70 171 12 18 165 76 242 211
74 174 6 19 170 78 239 214
78 167 10 20 175 70 246 217
82 170 4 21 180 72 243 220
76 173 8 22 175 74 250 223

waitingTimeCarsGone
189
215
99
46
44
56
57
45
59
60
52
46
46
55
54
44
60
60
47
32
17
41
42
35
28
27
39
35
11
30
35
33
33
21
26
13
2
5
5
3
2
5
6
6
2
2
3
3
2
3
3
6
4
3
2
3
3
3
0
1
3
3
3
0
0
0
0
0
2
3
3
2

waitingTimeCarsLeft
29
29
25
25
25
25
25
25
25
25
25
25
25
25
25
25
25
25
25
21
21
21
20
20
20
20
20
20
20
20
20
20
20
20
20
13
8
6
6
6
6
6
6
6
6
6
6
6
6
6
6
6
6
6
6
6
6
5
3
3
3
3
3
3
3
3
3
3
3
3
3
3
3
3
1
