carsInLane
4 3 1 3 7 3 2 3
4 6 2 6 7 6 4 6
8 3 3 9 14 3 6 9
4 6 4 12 11 6 8 12
8 9 5 5 18 9 10 5
4 12 6 8 15 12 12 8
8 5 7 11 22 5 14 11
4 8 8 14 19 8 16 14
8 11 9 7 26 11 18 7
4 14 10 10 23 14 20 10
8 17 1 13 30 17 12 13
4 20 2 16 27 20 14 16
8 13 3 19 34 13 16 19
4 16 4 22 31 16 18 22
8 19 5 15 38 19 20 15
4 22 6 18 35 22 22 18
8 15 7 21 42 15 24 21
4 18 8 24 39 18 26 24
8 21 9 17 46 21 28 17
4 24 10 20 43 24 30 20
8 17 11 23 50 17 32 23
12 20 2 26 57 20 24 26
6 23 3 29 54 23 26 29
4 26 4 32 51 26 28 32
8 29 5 25 58 29 30 25
4 32 6 28 55 32 32 28
8 25 7 31 62 25 34 31
4 28 8 34 59 28 36 34
8 31 9 27 66 31 38 27
4 34 10 30 63 34 40 30
8 27 11 33 70 27 42 33
4 30 12 36 67 30 44 36
8 33 3 39 74 33 36 39
4 36 4 42 71 36 38 42
8 39 5 35 78 39 40 35
4 42 6 38 75 42 42 38
8 35 7 41 82 35 44 41
4 38 8 44 79 38 46 44
8 41 9 37 86 41 48 37
4 44 10 40 83 44 50 40
8 37 11 43 90 37 52 43
4 40 12 46 87 40 54 46
8 43 13 39 94 43 56 39
12 46 4 42 101 46 48 42
6 49 5 45 98 49 50 45
4 52 6 48 95 52 52 48
8 45 7 51 102 45 54 51
4 48 8 54 99 48 56 54
8 51 9 47 106 51 58 47
4 54 10 50 103 54 60 50
8 47 11 53 110 47 62 53
4 50 12 56 107 50 64 56
8 53 13 49 114 53 66 49
4 56 14 52 111 56 68 52
8 59 5 55 118 59 60 55
4 62 6 58 115 62 62 58
8 55 7 61 122 55 64 61
4 58 8 64 119 58 66 64
8 61 9 57 126 61 68 57
4 64 10 60 123 64 70 60
8 57 11 63 130 57 72 63
4 60 12 66 127 60 74 66
8 63 13 59 134 63 76 59
4 66 14 62 131 66 78 62
4 69 15 65 128 69 80 65
8 72 6 68 135 72 72 68
12 65 7 71 142 65 74 71
6 68 8 74 139 68 76 74
10 71 9 67 146 71 78 67
4 74 10 70 143 74 80 70
8 67 11 73 150 67 82 73
4 70 12 76 147 70 84 76
8 73 13 69 154 73 86 69
4 76 14 72 151 76 88 72
4 79 15 75 148 79 90 75
8 72 16 78 155 72 92 78
12 75 7 81 162 75 84 81
6 78 8 84 159 78 86 84
10 81 9 77 166 81 88 77
4 84 10 80 163 84 90 80
8 77 11 83 170 77 92 83
4 80 12 86 167 80 94 86
8 83 13 79 174 83 96 79
4 86 14 82 171 86 98 82
4 89 15 85 168 89 100 85
8 82 16 88 175 82 102 88
4 85 17 91 172 85 104 91
8 88 8 94 179 88 96 94
12 91 9 87 186 91 98 87
6 94 10 90 183 94 100 90
4 97 11 93 180 97 102 93
8 90 12 96 187 90 104 96
4 93 13 99 184 93 106 99
8 96 14 92 191 96 108 92
4 99 15 95 188 99 110 95
8 92 16 98 195 92 112 98
4 95 17 101 192 95 114 101
8 98 18 94 199 98 116 94
12 101 9 97 206 101 108 97
6 104 10 100 203 104 110 100
4 107 11 103 200 107 112 103

waitingTimeCarsGone
213
0
219
0
66
43
49
0
54
8
68
30
54
0
53
30
35
34
49
2
60
28
61
4
44
1
49
43
38
0
50
12
49
18
59
12
53
22
49
5
41
19
27
0
30
20
28
6
12
2
6
4
2
0
2
2
2
0
2
0
2
0
2
0
2
2
2
0
0
2
2
0
2
0
2
2
0
0
2
2
2
0
2
0
2

waitingTimeCarsLeft
0
0
48
0
22
0
22
22
22
0
22
0
22
22
22
0
22
21
21
0
21
0
21
21
21
0
21
21
21
0
21
0
21
21
21
0
21
0
21
21
21
0
18
14
14
0
14
0
10
8
4
0
2
0
4
0
2
0
2
2
2
0
2
0
2
2
2
0
2
0
2
2
2
0
2
0
2
2
2
0
2
0
2
