carsInLane
4 3 1 3 7 3 2 3
4 6 2 6 7 6 4 6
8 3 3 9 14 3 6 9
4 6 4 12 7 6 8 12
8 9 5 3 14 9 10 3
4 12 6 6 7 12 12 6
8 3 7 9 14 3 14 9
4 6 8 12 7 6 16 12
8 9 1 15 14 9 3 15
12 12 2 3 21 12 5 3
4 15 3 6 13 15 7 6
8 3 4 9 20 3 9 9
4 6 5 12 12 6 11 12
8 9 6 3 19 9 13 3
4 12 7 6 11 12 15 6
8 3 8 9 18 3 17 9
4 6 9 12 10 6 19 12
8 9 1 15 17 9 6 15
12 12 2 3 24 12 8 3
4 15 3 6 16 15 10 6
8 3 4 9 23 3 12 9
4 6 5 12 15 6 14 12
8 9 6 3 22 9 16 3
4 12 7 6 14 12 18 6
8 15 1 9 21 15 5 9
12 3 2 12 28 3 7 12
4 6 3 15 20 6 9 15
8 9 4 3 27 9 11 3
4 12 5 6 19 12 13 6
8 3 6 9 26 3 15 9
4 6 7 12 18 6 17 12
8 9 1 15 25 9 4 15
4 12 2 18 17 12 6 18
8 15 3 6 24 15 8 6
4 18 4 9 16 18 10 9
8 6 5 12 23 6 12 12
4 9 6 15 15 9 14 15
8 12 7 3 22 12 16 3
4 15 8 6 14 15 18 6
8 3 9 9 21 3 20 9
4 6 10 12 13 6 22 12
8 9 1 15 20 9 9 15
12 12 2 3 27 12 11 3
4 15 3 6 19 15 13 6
8 3 4 9 26 3 15 9
4 6 5 12 18 6 17 12
8 9 6 3 25 9 19 3
4 12 7 6 17 12 21 6
8 15 1 9 24 15 8 9
4 18 2 12 16 18 10 12
8 6 3 15 23 6 12 15
4 9 4 18 15 9 14 18
8 12 5 6 22 12 16 6
4 15 6 9 14 15 18 9
8 3 7 12 21 3 20 12
4 6 8 15 13 6 22 15
8 9 1 18 20 9 9 18
12 12 2 6 27 12 11 6
4 15 3 9 19 15 13 9
8 3 4 12 26 3 15 12
4 6 5 15 18 6 17 15
8 9 6 3 25 9 19 3
4 12 7 6 17 12 21 6
8 15 1 9 24 15 8 9
4 18 2 12 16 18 10 12
8 6 3 15 23 6 12 15
4 9 4 18 15 9 14 18
8 12 5 6 22 12 16 6
4 15 6 9 14 15 18 9
8 3 7 12 21 3 20 12
4 6 8 15 13 6 22 15
8 9 1 18 20 9 9 18
12 12 2 6 27 12 11 6
4 15 3 9 19 15 13 9
8 3 4 12 26 3 15 12
4 6 5 15 18 6 17 15
8 9 6 3 25 9 19 3
4 12 7 6 17 12 21 6
8 15 1 9 24 15 8 9
4 18 2 12 16 18 10 12
8 6 3 15 23 6 12 15
4 9 4 18 15 9 14 18
8 12 5 6 22 12 16 6
4 15 6 9 14 15 18 9
8 3 7 12 21 3 20 12
4 6 8 15 13 6 22 15
8 9 1 18 20 9 9 18
12 12 2 6 27 12 11 6
4 15 3 9 19 15 13 9
8 3 4 12 26 3 15 12
4 6 5 15 18 6 17 15
8 9 6 3 25 9 19 3
4 12 7 6 17 12 21 6
8 15 1 9 24 15 8 9
4 18 2 12 16 18 10 12
8 6 3 15 23 6 12 15
4 9 4 18 15 9 14 18
8 12 5 6 22 12 16 6
4 15 6 9 14 15 18 9
8 3 7 12 21 3 20 12
4 6 8 15 13 6 22 15

waitingTimeCarsGone
413
0
686
584
392
0
237
117
39
0
33
25
20
0
14

waitingTimeCarsLeft
0
25
0
20
8
7
0
6
