carsInLane
10 1 1 1 10 1 1 1
10 2 2 2 10 2 2 2
10 3 3 3 10 3 3 3
10 4 4 4 10 4 4 4
10 5 5 5 10 5 5 5
10 6 6 6 10 6 6 6
10 7 7 7 10 7 7 7
10 8 8 8 10 8 8 8
10 9 9 9 10 9 9 9
10 10 10 10 10 10 10 10
10 11 11 11 10 11 11 11
20 2 12 12 20 2 12 12
30 3 3 13 30 3 3 13
40 4 4 4 40 4 4 4
40 5 5 5 40 5 5 5
40 6 6 6 40 6 6 6
40 7 7 7 40 7 7 7
40 8 8 8 40 8 8 8
40 9 9 9 40 9 9 9
40 10 10 10 40 10 10 10
40 11 11 11 40 11 11 11
40 12 12 12 40 12 12 12
50 3 13 13 50 3 13 13
60 4 4 14 60 4 4 14
70 5 5 5 70 5 5 5
70 6 6 6 70 6 6 6
70 7 7 7 70 7 7 7
70 8 8 8 70 8 8 8
70 9 9 9 70 9 9 9
70 10 10 10 70 10 10 10
70 11 11 11 70 11 11 11
70 12 12 12 70 12 12 12
70 13 13 13 70 13 13 13
80 4 14 14 80 4 14 14
90 5 5 15 90 5 5 15
100 6 6 6 100 6 6 6
100 7 7 7 100 7 7 7
100 8 8 8 100 8 8 8
100 9 9 9 100 9 9 9
100 10 10 10 100 10 10 10
100 11 11 11 100 11 11 11
100 12 12 12 100 12 12 12
100 13 13 13 100 13 13 13
100 14 14 14 100 14 14 14
110 5 15 15 110 5 15 15
120 6 6 16 120 6 6 16
130 7 7 7 130 7 7 7
130 8 8 8 130 8 8 8
130 9 9 9 130 9 9 9
130 10 10 10 130 10 10 10
130 11 11 11 130 11 11 11
130 12 12 12 130 12 12 12
130 13 13 13 130 13 13 13
130 14 14 14 130 14 14 14
130 15 15 15 130 15 15 15
140 6 16 16 140 6 16 16
150 7 7 17 150 7 7 17
160 8 8 8 160 8 8 8
160 9 9 9 160 9 9 9
160 10 10 10 160 10 10 10
160 11 11 11 160 11 11 11
160 12 12 12 160 12 12 12
160 13 13 13 160 13 13 13
160 14 14 14 160 14 14 14
160 15 15 15 160 15 15 15
160 16 16 16 160 16 16 16
170 7 17 17 170 7 17 17
180 8 8 18 180 8 8 18
190 9 9 9 190 9 9 9
190 10 10 10 190 10 10 10
190 11 11 11 190 11 11 11
190 12 12 12 190 12 12 12
190 13 13 13 190 13 13 13
190 14 14 14 190 14 14 14
190 15 15 15 190 15 15 15
190 16 16 16 190 16 16 16
190 17 17 17 190 17 17 17
200 8 18 18 200 8 18 18
210 9 9 19 210 9 9 19
220 10 10 10 220 10 10 10
220 11 11 11 220 11 11 11
220 12 12 12 220 12 12 12
220 13 13 13 220 13 13 13
220 14 14 14 220 14 14 14
220 15 15 15 220 15 15 15
220 16 16 16 220 16 16 16
220 17 17 17 220 17 17 17
220 18 18 18 220 18 18 18
230 9 19 19 230 9 19 19
240 10 10 20 240 10 10 20
250 11 11 11 250 11 11 11
250 12 12 12 250 12 12 12
250 13 13 13 250 13 13 13
250 14 14 14 250 14 14 14
250 15 15 15 250 15 15 15
250 16 16 16 250 16 16 16
250 17 17 17 250 17 17 17
250 18 18 18 250 18 18 18
250 19 19 19 250 19 19 19
260 10 20 20 260 10 20 20
270 11 11 21 270 11 11 21

waitingTimeCarsGone
200
0
6
82
80
26
80
30
146
28
80
144
52
0
204
52
52
72
110
48
50
24
132
0
2
160
0
0
120
20
20

waitingTimeCarsLeft
0
0
26
26
26
0
52
0
52
0
52
0
26
26
20
0
20
0
40
0
40
0
40
0
40
0
20
0
20
20
20
0
40
