carsInLane
6 1 4 2 1 3 1 1
6 2 8 4 1 6 2 2
12 3 4 2 2 9 3 3
6 1 8 4 3 12 4 4
12 2 12 6 1 3 5 5
18 3 4 2 2 6 6 6
6 1 8 4 3 9 7 7
12 2 12 6 4 12 1 1
18 3 4 2 5 15 2 2
6 4 8 4 1 18 3 3
12 1 12 6 2 3 4 4
18 2 4 2 3 6 5 5
6 3 8 4 1 9 6 6
12 4 4 6 2 12 1 7
18 5 8 2 3 15 2 1
6 1 12 4 4 18 3 2
12 2 16 6 1 3 4 3
18 3 4 2 2 6 5 4
6 1 8 4 3 9 6 5
12 2 4 6 4 12 1 6
6 3 8 8 1 15 2 7
12 4 12 2 2 18 3 1
18 1 16 4 3 3 4 2
6 2 20 6 1 6 5 3
12 3 4 2 2 9 6 4
6 1 8 4 3 12 7 5
12 2 12 6 4 15 1 1
18 3 16 8 1 3 2 2
24 4 4 2 2 6 3 3
6 1 8 4 3 9 4 4
12 2 4 6 4 12 1 5
6 3 8 8 1 15 2 6
12 1 12 10 2 3 3 7
18 2 16 2 3 6 4 1
6 3 20 4 1 9 5 2
12 4 4 6 2 12 1 3
18 1 8 8 3 3 2 4
6 2 12 10 1 6 3 5
12 3 4 2 2 9 4 6
6 1 8 4 3 12 5 7
12 2 12 2 4 15 6 1
18 3 16 4 1 3 7 2
24 4 4 6 2 6 1 3
6 1 8 8 3 9 2 4
12 2 4 2 4 12 3 5
6 3 8 4 1 15 4 6
12 1 12 6 2 3 5 7
18 2 16 2 3 6 6 1
24 3 4 4 4 9 1 2
6 4 8 6 1 12 2 3
12 1 12 8 2 3 3 4

waitingTimeCarsGone
275
268
208
114
49
21
9

waitingTimeCarsLeft
0
13
9
2
1
