carsInLane
0 10 10 10 0 10 10 10
0 10 20 20 0 10 20 20
0 20 20 30 0 20 20 30
0 30 30 30 0 30 30 30
0 30 40 40 0 30 40 40
0 40 40 50 0 40 40 50
0 50 50 50 0 50 50 50
0 50 60 60 0 50 60 60
0 60 60 70 0 60 60 70
0 70 70 70 0 70 70 70
0 70 80 80 0 70 80 80
0 80 90 90 0 80 90 90
0 90 90 100 0 90 90 100
0 100 100 100 0 100 100 100
0 100 110 110 0 100 110 110
0 110 110 120 0 110 110 120
0 120 120 120 0 120 120 120
0 120 130 130 0 120 130 130
0 130 130 140 0 130 130 140
0 140 140 140 0 140 140 140
0 140 150 150 0 140 150 150
0 150 150 160 0 150 150 160
0 160 160 170 0 160 160 170
0 170 170 170 0 170 170 170
0 170 180 180 0 170 180 180
0 180 180 190 0 180 180 190
0 190 190 190 0 190 190 190
0 190 200 200 0 190 200 200
0 200 200 210 0 200 200 210
0 210 210 210 0 210 210 210
0 210 220 220 0 210 220 220
0 220 220 230 0 220 220 230
0 230 230 230 0 230 230 230
0 240 240 240 0 240 240 240
0 240 250 250 0 240 250 250
0 250 250 260 0 250 250 260
0 260 260 260 0 260 260 260
0 260 270 270 0 260 270 270
0 270 270 280 0 270 270 280
0 280 280 280 0 280 280 280
0 280 290 290 0 280 290 290
0 290 290 300 0 290 290 300
0 300 300 300 0 300 300 300
0 300 310 310 0 300 310 310
0 310 320 320 0 310 320 320
0 320 320 330 0 320 320 330
0 330 330 330 0 330 330 330
0 330 340 340 0 330 340 340
0 340 340 350 0 340 340 350
0 350 350 350 0 350 350 350
0 350 360 360 0 350 360 360
0 360 360 370 0 360 360 370
0 370 370 370 0 370 370 370
0 370 380 380 0 370 380 380
0 380 380 390 0 380 380 390
0 390 390 400 0 390 390 400
0 400 400 400 0 400 400 400
0 400 410 410 0 400 410 410
0 410 410 420 0 410 410 420
0 420 420 420 0 420 420 420
0 420 430 430 0 420 430 430
0 430 430 440 0 430 430 440
0 440 440 440 0 440 440 440
0 440 450 450 0 440 450 450
0 450 450 460 0 450 450 460
0 460 460 460 0 460 460 460
0 470 470 470 0 470 470 470
0 470 480 480 0 470 480 480
0 480 480 490 0 480 480 490
0 490 490 490 0 490 490 490
0 490 500 500 0 490 500 500
0 500 500 510 0 500 500 510
0 510 510 510 0 510 510 510
0 510 520 520 0 510 520 520
0 520 520 530 0 520 520 530
0 530 530 530 0 530 530 530
0 530 540 540 0 530 540 540
0 540 550 550 0 540 550 550
0 550 550 560 0 550 550 560
0 560 560 560 0 560 560 560
0 560 570 570 0 560 570 570
0 570 570 580 0 570 570 580
0 580 580 580 0 580 580 580
0 580 590 590 0 580 590 590
0 590 590 600 0 590 590 600
0 600 600 600 0 600 600 600
0 600 610 610 0 600 610 610
0 610 610 620 0 610 610 620
0 620 620 630 0 620 620 630
0 630 630 630 0 630 630 630
0 630 640 640 0 630 640 640
0 640 640 650 0 640 640 650
0 650 650 650 0 650 650 650
0 650 660 660 0 650 660 660
0 660 660 670 0 660 660 670
0 670 670 670 0 670 670 670
0 670 680 680 0 670 680 680
0 680 680 690 0 680 680 690
0 690 690 690 0 690 690 690
0 700 700 700 0 700 700 700
0 700 710 710 0 700 710 710

waitingTimeCarsGone
20
0
20
0
40
20
40
0
20
0
40
0
20
0
40
0
20
40
20
0
40
0
20
0
40
0
20
0
40
20
40
0
20
0
20
20
20
0
40
0
20
40
20
0
40
0
0
20
40
0
20
0
40
20
40
0
20
0
0
40
20
0
40
0
20
40
20
0
20
0
20
20
40
0
20
0
40
20
40
0
0
0
20
40
20
0
40
0
20
40
20
0
0
0
40
20
40
0
20
0
40
20
20
0
20
0
20

waitingTimeCarsLeft
0
0
60
60
60
0
60
0
60
60
60
0
60
0
60
60
60
0
60
0
60
60
60
0
60
0
60
60
60
0
60
0
60
60
60
0
60
0
60
60
60
0
60
0
60
60
60
0
60
0
60
60
60
0
60
0
60
60
60
0
60
0
60
60
60
0
60
0
60
60
60
0
60
0
60
60
60
0
60
0
60
60
60
0
60
0
60
60
60
0
60
0
60
60
60
0
60
0
60
60
60
0
60
0
60
60
20
