carsInLane
4 3 1 3 7 3 2 3
6 6 2 6 12 6 4 6
8 9 3 9 17 9 6 9
12 10 4 12 24 10 8 12
16 13 3 15 31 13 8 15
18 16 4 18 36 16 10 18
22 17 5 21 43 17 12 21
26 20 4 24 50 20 12 24
28 23 5 27 55 23 14 27
32 24 6 30 62 24 16 30
36 27 5 33 69 27 16 33
38 30 6 36 74 30 18 36
42 31 7 39 81 31 20 39
46 34 6 42 88 34 20 42
48 37 7 45 93 37 22 45
52 38 8 48 100 38 24 48
56 41 7 51 107 41 24 51
58 44 8 54 112 44 26 54
62 45 9 57 119 45 28 57
66 48 8 60 126 48 28 60
68 51 9 63 131 51 30 63
72 52 10 66 138 52 32 66
76 55 9 69 145 55 32 69
78 58 10 72 150 58 34 72
82 59 11 75 157 59 36 75
86 62 10 78 164 62 36 78
88 65 11 81 169 65 38 81
92 66 12 84 176 66 40 84
96 69 11 87 183 69 40 87
98 72 12 90 188 72 42 90
102 73 13 93 195 73 44 93
106 76 12 96 202 76 44 96
108 79 13 99 207 79 46 99
112 80 14 102 214 80 48 102
116 83 13 105 221 83 48 105
118 86 14 108 226 86 50 108
122 87 15 111 233 87 52 111
126 90 14 114 240 90 52 114
128 93 15 117 245 93 54 117
132 94 16 120 252 94 56 120
136 97 15 123 259 97 56 123
138 100 16 126 264 100 58 126
142 101 17 129 271 101 60 129
146 104 16 132 278 104 60 132
148 107 17 135 283 107 62 135
152 108 18 138 290 108 64 138
156 111 17 141 297 111 64 141
158 114 18 144 302 114 66 144
162 115 19 147 309 115 68 147
166 118 18 150 316 118 68 150
168 121 19 153 321 121 70 153
172 122 20 156 328 122 72 156
176 125 19 159 335 125 72 159
178 128 20 162 340 128 74 162
182 129 21 165 347 129 76 165
186 132 20 168 354 132 76 168
188 135 21 171 359 135 78 171
192 136 22 174 366 136 80 174
196 139 21 177 373 139 80 177
198 142 22 180 378 142 82 180
202 143 23 183 385 143 84 183
206 146 22 186 392 146 84 186
208 149 23 189 397 149 86 189
212 150 24 192 404 150 88 192
216 153 23 195 411 153 88 195
218 156 24 198 416 156 90 198
222 157 25 201 423 157 92 201
226 160 24 204 430 160 92 204
228 163 25 207 435 163 94 207
232 164 26 210 442 164 96 210
236 167 25 213 449 167 96 213
238 170 26 216 454 170 98 216
242 171 27 219 461 171 100 219
246 174 26 222 468 174 100 222
248 177 27 225 473 177 102 225
252 178 28 228 480 178 104 228
256 181 27 231 487 181 104 231
258 184 28 234 492 184 106 234
262 185 29 237 499 185 108 237
266 188 28 240 506 188 108 240
268 191 29 243 511 191 110 243
272 192 30 246 518 192 112 246
276 195 29 249 525 195 112 249
278 198 30 252 530 198 114 252
282 199 31 255 537 199 116 255
286 202 30 258 544 202 116 258
288 205 31 261 549 205 118 261
292 206 32 264 556 206 120 264
296 209 31 267 563 209 120 267
298 212 32 270 568 212 122 270
302 213 33 273 575 213 124 273
306 216 32 276 582 216 124 276
308 219 33 279 587 219 126 279
312 220 34 282 594 220 128 282
316 223 33 285 601 223 128 285
318 226 34 288 606 226 130 288
322 227 35 291 613 227 132 291
326 230 34 294 620 230 132 294
328 233 35 297 625 233 134 297
332 234 36 300 632 234 136 300
336 237 35 303 639 237 136 303

waitingTimeCarsGone
0
0
4
0
4
0
0
5
0
0
5
0
0
1
4
0
2
0
4
0
2
3
0
0
7
0
0
4
0
0
4
0
2
0
8
0
0
0
2
0
0
8
2
0
4
0
0
0
6
0
0
0
8
0
0
4
0
0
8
0
0
0
6
0
0
0
6
0
0
6
0
0
4
0
0
0
10
0
0
0
2
0
0
12
0
0
2
0
0
0
7
0
0
0
7
0
0
4
0
0
10
0
0
0
4
0
0
0
6
0
0
8
0
0
4
0
0
0
8
0
0
0
4
0
0
7
0
0
4
0
0
0
6
0
0
0
2
0
0
6
0
0
2
0
0
0
4
0
0
0
6
0
0
4
0
0
5
0
0
0
3
0
0
0
4
0
0
6
0
0
2
0
0
0
6
0
0
0
2
0
0
8
0
0
0
0
0
0
8
0
0
0
2
0
0
4
0
0
6
0
0
0
2
0
0
0
8
0
0
2
0
0
2
0
0
0
8
0
0
0
0
0
0
9
0
0
1
0
0
0
6
0
0
0
4
0
0
4
0
0
4
0
0
0
2
0
0
0
4
0
0
2
0
0
6
0
0
0
2
0
0
0
4
0
0
2
0
0
2
0
0
0
6
0
0
0
2
0
0
0
0
0
2
0
0
0
2
0
0
0
1
0
0
3
0
0
0
0
0
0
2
0
0
0
0
0
0
0
0
0
2
0
0
0
0
0
0
0
0
0
0
2

waitingTimeCarsLeft
0
0
0
0
26
0
0
26
0
0
26
0
0
0
26
0
0
0
26
0
0
26
0
0
26
0
0
0
26
0
0
0
26
0
0
26
0
0
26
0
0
0
26
0
0
0
26
0
0
26
0
0
26
0
0
0
26
0
0
0
26
0
0
26
0
0
26
0
0
0
26
0
0
0
26
0
0
26
0
0
26
0
0
0
26
0
0
0
26
0
0
26
0
0
26
0
0
0
26
0
0
0
26
0
0
26
0
0
26
0
0
0
26
0
0
0
26
0
0
26
0
0
26
0
0
0
25
0
0
0
25
0
0
25
0
0
25
0
0
0
25
0
0
0
25
0
0
25
0
0
25
0
0
0
25
0
0
0
25
0
0
25
0
0
25
0
0
0
25
0
0
0
25
0
0
25
0
0
25
0
0
0
25
0
0
0
25
0
0
25
0
0
25
0
0
0
25
0
0
0
25
0
0
25
0
0
25
0
0
0
25
0
0
0
25
0
0
25
0
0
25
0
0
0
25
0
0
0
25
0
0
25
0
0
25
0
0
0
25
0
0
0
23
0
0
23
0
0
23
0
0
0
23
0
0
0
23
0
0
23
0
0
23
0
0
0
23
0
0
0
23
0
0
23
0
0
23
0
0
0
17
0
0
0
17
0
0
17
0
0
17
0
0
0
15
0
0
0
13
0
0
13
0
0
13
0
0
0
13
0
0
0
13
0
0
13
0
0
13
0
0
0
6
0
0
0
6
0
0
6
0
0
6
0
0
0
6
0
0
0
6
0
0
6
0
0
6
0
6
0
0
6
