carsInLane
6 1 4 2 1 3 1 1
6 2 8 4 1 6 2 2
12 3 4 2 2 9 3 3
8 1 8 4 3 12 4 4
14 2 12 6 1 5 5 5
20 3 6 2 2 8 6 6
16 1 10 4 3 11 7 7
22 2 14 6 4 14 1 1
18 3 18 8 1 17 2 2
24 4 12 2 2 20 3 3
20 1 16 4 3 23 4 4
26 2 20 6 1 16 5 5
22 1 24 8 2 19 6 6
28 2 18 2 3 22 7 7
34 3 22 4 4 25 1 1
30 4 26 6 1 28 2 2
26 1 30 8 2 31 3 3
32 2 24 2 3 34 4 4
38 3 28 4 1 27 5 5
34 1 32 6 2 30 6 6
40 2 26 8 3 33 1 7
46 3 30 2 4 36 2 1
42 4 34 4 1 39 3 2
38 1 38 6 2 42 4 3
44 2 32 2 3 45 5 4
50 3 36 4 1 38 6 5
46 1 40 6 2 41 7 6
52 2 44 8 3 44 1 1
48 3 48 10 1 47 2 2
54 4 42 2 2 50 3 3
50 1 46 4 3 53 4 4
56 2 50 6 1 46 5 5
52 1 54 8 2 49 6 6
58 2 48 2 3 52 7 7
64 3 52 4 4 55 1 1
60 4 56 6 1 58 2 2
56 1 60 8 2 61 3 3
62 2 54 2 3 64 4 4
68 3 58 4 1 57 5 5
64 1 62 6 2 60 6 6
70 2 56 8 3 63 1 7
76 3 60 2 4 66 2 1
72 4 64 4 1 69 3 2
68 1 68 6 2 72 4 3
74 2 62 2 3 75 5 4
80 3 66 4 1 68 6 5
76 1 70 6 2 71 7 6
82 2 74 8 3 74 1 1
78 3 78 10 1 77 2 2
84 4 72 2 2 80 3 3
80 1 76 4 3 83 4 4

waitingTimeCarsGone
88
0
89
0
95
75
42
0
41
0
37
34
29
0
23
0
21
26
29
0
25
0
15
9
7
0
6
0
7
5
3
0
2
0
3
3
5
0
3
0
3
2

waitingTimeCarsLeft
0
0
18
17
15
0
15
0
13
13
13
0
13
0
13
13
13
0
13
0
13
9
7
0
7
0
7
7
7
0
3
0
3
3
3
0
3
0
1
