carsInLane
6 1 4 2 1 3 1 1
6 2 8 4 1 6 2 2
12 3 4 2 2 9 3 3
6 1 8 4 3 12 4 4
12 2 12 6 1 3 5 5
18 3 4 2 2 6 6 6
12 1 8 4 3 9 7 7
18 2 12 6 4 12 1 1
12 3 16 8 1 15 2 2
18 4 8 2 2 18 3 3
24 1 12 4 3 9 4 4
18 2 16 6 1 12 5 5
24 3 8 2 2 15 6 6
18 1 12 4 3 18 7 7
24 2 16 6 4 21 1 1
18 3 20 8 1 24 2 2
24 4 12 2 2 27 3 3
30 5 16 4 1 18 4 4
24 1 20 6 2 21 5 5
18 2 24 8 1 24 6 6
24 3 16 2 2 27 7 7
30 4 20 4 3 30 1 1
36 1 24 6 4 21 2 2
30 2 28 8 1 24 3 3
36 3 20 2 2 27 4 4
30 1 24 4 3 30 5 5
24 2 28 6 1 33 6 6
30 1 32 8 2 24 7 7
36 2 36 10 3 27 1 1
42 3 28 2 4 30 2 2
36 4 32 4 1 33 3 3
30 1 36 6 2 36 4 4
36 2 28 2 3 39 5 5
42 3 32 4 1 30 6 6
36 1 36 6 2 33 7 7
42 2 40 8 3 36 1 1
48 3 32 2 4 39 2 2
42 4 36 4 1 42 3 3
48 1 40 6 2 33 4 4
42 2 44 8 1 36 5 5
48 3 36 2 2 39 6 6
42 1 40 4 3 42 7 7
48 2 44 6 4 45 1 1
42 3 48 8 1 48 2 2
48 4 40 2 2 51 3 3
54 5 44 4 1 42 4 4
48 1 48 6 2 45 5 5
54 2 40 2 3 48 6 6
48 3 44 4 1 51 7 7
54 4 48 6 2 54 1 1
60 1 52 8 3 45 2 2

waitingTimeCarsGone
94
0
107
121
0
101
63
58
0
68
57
0
43
31
0
21
14
6
0
6
6
0
6
6
3

waitingTimeCarsLeft
0
18
0
17
15
0
15
13
13
0
13
13
0
7
7
0
7
7
7
0
3
3
