carsInLane
4 3 1 3 7 3 2 3
4 6 2 6 7 6 4 6
8 3 3 9 14 3 6 9
12 6 1 12 21 6 2 12
4 9 2 15 13 9 4 15
8 3 3 18 20 3 6 18
12 6 1 21 27 6 2 21
4 9 2 24 19 9 4 24
8 3 3 27 26 3 6 27
12 6 1 30 33 6 2 30
4 9 2 33 25 9 4 33
8 3 3 36 32 3 6 36
12 6 1 39 39 6 2 39
4 9 2 42 31 9 4 42
8 3 3 45 38 3 6 45
12 6 1 48 45 6 2 48
4 9 2 51 37 9 4 51
8 3 3 54 44 3 6 54
12 6 1 57 51 6 2 57
4 9 2 60 43 9 4 60
8 3 3 63 50 3 6 63
12 6 1 66 57 6 2 66
4 9 2 69 49 9 4 69
8 3 3 72 56 3 6 72
12 6 1 75 63 6 2 75
4 9 2 78 55 9 4 78
8 3 3 81 62 3 6 81
12 6 1 84 69 6 2 84
4 9 2 87 61 9 4 87
8 3 3 90 68 3 6 90
12 6 1 93 75 6 2 93
4 9 2 96 67 9 4 96
8 3 3 99 74 3 6 99
12 6 1 102 81 6 2 102
4 9 2 105 73 9 4 105
8 3 3 108 80 3 6 108
12 6 1 111 87 6 2 111
4 9 2 114 79 9 4 114
8 3 3 117 86 3 6 117
12 6 1 120 93 6 2 120
4 9 2 123 85 9 4 123
8 3 3 126 92 3 6 126
12 6 1 129 99 6 2 129
4 9 2 132 91 9 4 132
8 3 3 135 98 3 6 135
12 6 1 138 105 6 2 138
4 9 2 141 97 9 4 141
8 3 3 144 104 3 6 144
12 6 1 147 111 6 2 147
4 9 2 150 103 9 4 150
8 3 3 153 110 3 6 153
12 6 1 156 117 6 2 156
4 9 2 159 109 9 4 159
8 3 3 162 116 3 6 162
12 6 1 165 123 6 2 165
4 9 2 168 115 9 4 168
8 3 3 171 122 3 6 171
12 6 1 174 129 6 2 174
4 9 2 177 121 9 4 177
8 3 3 180 128 3 6 180
12 6 1 183 135 6 2 183
4 9 2 186 127 9 4 186
8 3 3 189 134 3 6 189
12 6 1 192 141 6 2 192
4 9 2 195 133 9 4 195
8 3 3 198 140 3 6 198
12 6 1 201 147 6 2 201
4 9 2 204 139 9 4 204
8 3 3 207 146 3 6 207
12 6 1 210 153 6 2 210
4 9 2 213 145 9 4 213
8 3 3 216 152 3 6 216
12 6 1 219 159 6 2 219
4 9 2 222 151 9 4 222
8 3 3 225 158 3 6 225
12 6 1 228 165 6 2 228
4 9 2 231 157 9 4 231
8 3 3 234 164 3 6 234
12 6 1 237 171 6 2 237
4 9 2 240 163 9 4 240
8 3 3 243 170 3 6 243
12 6 1 246 177 6 2 246
4 9 2 249 169 9 4 249
8 3 3 252 176 3 6 252
12 6 1 255 183 6 2 255
4 9 2 258 175 9 4 258
8 3 3 261 182 3 6 261
12 6 1 264 189 6 2 264
4 9 2 267 181 9 4 267
8 3 3 270 188 3 6 270
12 6 1 273 195 6 2 273
4 9 2 276 187 9 4 276
8 3 3 279 194 3 6 279
12 6 1 282 201 6 2 282
4 9 2 285 193 9 4 285
8 3 3 288 200 3 6 288
12 6 1 291 207 6 2 291
4 9 2 294 199 9 4 294
8 3 3 297 206 3 6 297
12 6 1 300 213 6 2 300
4 9 2 303 205 9 4 303

waitingTimeCarsGone
447
0
444
446
17
0
17
17
18
0
18
18
17
0
17
17
18
0
18
18
17
0
17
17
18
0
18
18
17
0
17
17
18
0
18
18
17
0
17
11
3

waitingTimeCarsLeft
0
20
0
16
13
13
0
13
13
13
0
13
13
13
0
13
13
13
0
13
13
13
0
13
13
13
0
13
13
13
0
13
13
13
0
13
13
13
0
13
8
6
0
6
6
6
0
6
6
6
0
6
6
6
0
6
6
6
0
6
6
6
0
6
6
6
0
6
6
6
0
6
6
6
0
6
6
6
0
6
6
6
0
6
6
6
0
6
6
6
0
6
6
6
0
6
6
6
0
6
6
6
0
6
6
6
0
6
6
6
0
6
6
6
0
6
6
6
0
6
6
6
0
6
6
6
0
6
6
6
0
6
6
6
0
6
