carsInLane
10 10 10 10 10 10 10 10
10 20 20 20 10 20 20 20
20 20 30 30 20 20 30 30
30 30 30 40 30 30 30 40
40 40 40 40 40 40 40 40
40 50 50 50 40 50 50 50
50 50 60 60 50 50 60 60
60 60 60 70 60 60 60 70
70 70 70 70 70 70 70 70
70 80 80 80 70 80 80 80
80 80 90 90 80 80 90 90
90 90 90 100 90 90 90 100
100 100 100 100 100 100 100 100
100 110 110 110 100 110 110 110
110 110 120 120 110 110 120 120
120 120 120 130 120 120 120 130
130 130 130 130 130 130 130 130
130 140 140 140 130 140 140 140
140 140 150 150 140 140 150 150
150 150 150 160 150 150 150 160
160 160 160 160 160 160 160 160
160 170 170 170 160 170 170 170
170 170 180 180 170 170 180 180
180 180 180 190 180 180 180 190
190 190 190 190 190 190 190 190
190 200 200 200 190 200 200 200
200 200 210 210 200 200 210 210
210 210 210 220 210 210 210 220
220 220 220 220 220 220 220 220
220 230 230 230 220 230 230 230
230 230 240 240 230 230 240 240
240 240 240 250 240 240 240 250
250 250 250 250 250 250 250 250
250 260 260 260 250 260 260 260
260 260 270 270 260 260 270 270
270 270 270 280 270 270 270 280
280 280 280 280 280 280 280 280
280 290 290 290 280 290 290 290
290 290 300 300 290 290 300 300
300 300 300 310 300 300 300 310
310 310 310 310 310 310 310 310
310 320 320 320 310 320 320 320
320 320 330 330 320 320 330 330
330 330 330 340 330 330 330 340
340 340 340 340 340 340 340 340
340 350 350 350 340 350 350 350
350 350 360 360 350 350 360 360
360 360 360 370 360 360 360 370
370 370 370 370 370 370 370 370
370 380 380 380 370 380 380 380
380 380 390 390 380 380 390 390
390 390 390 400 390 390 390 400
400 400 400 400 400 400 400 400
400 410 410 410 400 410 410 410
410 410 420 420 410 410 420 420
420 420 420 430 420 420 420 430
430 430 430 430 430 430 430 430
430 440 440 440 430 440 440 440
440 440 450 450 440 440 450 450
450 450 450 460 450 450 450 460
460 460 460 460 460 460 460 460
460 470 470 470 460 470 470 470
470 470 480 480 470 470 480 480
480 480 480 490 480 480 480 490
490 490 490 490 490 490 490 490
490 500 500 500 490 500 500 500
500 500 510 510 500 500 510 510
510 510 510 520 510 510 510 520
520 520 520 520 520 520 520 520
520 530 530 530 520 530 530 530
530 530 540 540 530 530 540 540
540 540 540 550 540 540 540 550
550 550 550 550 550 550 550 550
550 560 560 560 550 560 560 560
560 560 570 570 560 560 570 570
570 570 570 580 570 570 570 580
580 580 580 580 580 580 580 580
580 590 590 590 580 590 590 590
590 590 600 600 590 590 600 600
600 600 600 610 600 600 600 610
610 610 610 610 610 610 610 610
610 620 620 620 610 620 620 620
620 620 630 630 620 620 630 630
630 630 630 640 630 630 630 640
640 640 640 640 640 640 640 640
640 650 650 650 640 650 650 650
650 650 660 660 650 650 660 660
660 660 660 670 660 660 660 670
670 670 670 670 670 670 670 670
670 680 680 680 670 680 680 680
680 680 690 690 680 680 690 690
690 690 690 700 690 690 690 700
700 700 700 700 700 700 700 700
700 710 710 710 700 710 710 710
710 710 720 720 710 710 720 720
720 720 720 730 720 720 720 730
730 730 730 730 730 730 730 730
730 740 740 740 730 740 740 740
740 740 750 750 740 740 750 750
750 750 750 760 750 750 750 760
760 760 760 760 760 760 760 760

waitingTimeCarsGone
20
0
20
0
20
40
20
0
20
0
40
20
20
0
40
0
20
20
40
0
20
0
20
40
20
0
20
0
40
20
20
0
40
0
20
20
40
0
20
0
20
40
20
0
20
0
40
20
20
0
40
0
20
20
40
0
20
0
20
40
20
0
20
0
40
20
20
0
40
0
20
20
40
0
20
0
20
40
20
0
20
0
40
20
20
0
40
0
20
20
40
0
20
0
20
40
20
0
20
0
40
20
20
0
40
0
20
20
40
0
20
0
20
40

waitingTimeCarsLeft
0
0
80
80
80
0
80
0
80
80
80
0
80
0
80
80
80
0
80
0
80
80
80
0
80
0
80
80
80
0
80
0
80
80
80
0
80
0
80
80
80
0
80
0
80
80
80
0
80
0
80
80
80
0
80
0
80
80
80
0
80
0
80
80
80
0
80
0
80
80
80
0
80
0
80
80
80
0
80
0
80
80
80
0
80
0
80
80
80
0
80
0
80
80
80
0
80
0
80
80
80
0
80
0
80
80
80
0
80
0
80
80
80
0
60
