carsInLane
10 1 1 1 10 1 1 1
10 2 2 2 10 2 2 2
10 3 3 3 10 3 3 3
10 4 4 4 10 4 4 4
10 5 5 5 10 5 5 5
10 6 6 6 10 6 6 6
20 1 7 7 20 1 7 7
30 2 1 8 30 2 1 8
40 3 2 1 40 3 2 1
40 4 3 2 40 4 3 2
40 5 4 3 40 5 4 3
40 6 5 4 40 6 5 4
50 1 6 5 50 1 6 5
60 2 1 6 60 2 1 6
70 3 2 1 70 3 2 1
70 4 3 2 70 4 3 2
70 5 4 3 70 5 4 3
70 6 5 4 70 6 5 4
80 1 6 5 80 1 6 5
90 2 1 6 90 2 1 6
100 3 2 1 100 3 2 1
100 4 3 2 100 4 3 2
100 5 4 3 100 5 4 3
100 6 5 4 100 6 5 4
110 1 6 5 110 1 6 5
120 2 1 6 120 2 1 6
130 3 2 1 130 3 2 1
130 4 3 2 130 4 3 2
130 5 4 3 130 5 4 3
130 6 5 4 130 6 5 4
140 1 6 5 140 1 6 5
150 2 1 6 150 2 1 6
160 3 2 1 160 3 2 1
160 4 3 2 160 4 3 2
160 5 4 3 160 5 4 3
160 6 5 4 160 6 5 4
170 1 6 5 170 1 6 5
180 2 1 6 180 2 1 6
190 3 2 1 190 3 2 1
190 4 3 2 190 4 3 2
190 5 4 3 190 5 4 3
190 6 5 4 190 6 5 4
200 1 6 5 200 1 6 5
210 2 1 6 210 2 1 6
220 3 2 1 220 3 2 1
220 4 3 2 220 4 3 2
220 5 4 3 220 5 4 3
220 6 5 4 220 6 5 4
230 1 6 5 230 1 6 5
240 2 1 6 240 2 1 6
250 3 2 1 250 3 2 1
250 4 3 2 250 4 3 2
250 5 4 3 250 5 4 3
250 6 5 4 250 6 5 4
260 1 6 5 260 1 6 5
270 2 1 6 270 2 1 6
280 3 2 1 280 3 2 1
280 4 3 2 280 4 3 2
280 5 4 3 280 5 4 3
280 6 5 4 280 6 5 4
290 1 6 5 290 1 6 5
300 2 1 6 300 2 1 6
310 3 2 1 310 3 2 1
310 4 3 2 310 4 3 2
310 5 4 3 310 5 4 3
310 6 5 4 310 6 5 4
320 1 6 5 320 1 6 5
330 2 1 6 330 2 1 6
340 3 2 1 340 3 2 1
340 4 3 2 340 4 3 2
340 5 4 3 340 5 4 3
340 6 5 4 340 6 5 4
350 1 6 5 350 1 6 5
360 2 1 6 360 2 1 6
370 3 2 1 370 3 2 1
370 4 3 2 370 4 3 2
370 5 4 3 370 5 4 3
370 6 5 4 370 6 5 4
380 1 6 5 380 1 6 5
390 2 1 6 390 2 1 6
400 3 2 1 400 3 2 1
400 4 3 2 400 4 3 2
400 5 4 3 400 5 4 3
400 6 5 4 400 6 5 4
410 1 6 5 410 1 6 5
420 2 1 6 420 2 1 6
430 3 2 1 430 3 2 1
430 4 3 2 430 4 3 2
430 5 4 3 430 5 4 3
430 6 5 4 430 6 5 4
440 1 6 5 440 1 6 5
450 2 1 6 450 2 1 6
460 3 2 1 460 3 2 1
460 4 3 2 460 4 3 2
460 5 4 3 460 5 4 3
460 6 5 4 460 6 5 4
470 1 6 5 470 1 6 5
480 2 1 6 480 2 1 6
490 3 2 1 490 3 2 1
490 4 3 2 490 4 3 2
490 5 4 3 490 5 4 3

waitingTimeCarsGone
196
0
128
32
170
22
98
90
64
2
0
0
40
20
0
0
60
0
0
0
40
20
0
0
60
0
0
0
40
20
0
0
60
0
0
0
40
20
0
0
60
0
0
0
40
20
0
0
60
0
0
0
40
20
0
0
60
0
0
0
40
20
0
0
60

waitingTimeCarsLeft
0
26
26
0
26
24
22
0
20
20
20
0
20
20
20
0
20
20
20
0
20
20
20
0
20
20
20
0
20
20
20
0
20
20
20
0
20
20
20
0
20
20
20
0
20
20
20
0
20
20
20
0
20
20
20
0
20
20
20
0
20
20
20
0
20
