carsInLane
0 10 10 10 0 10 10 10
0 10 20 20 0 10 20 20
0 20 20 30 0 20 20 30
0 30 30 30 0 30 30 30
0 30 40 40 0 30 40 40
0 40 40 50 0 40 40 50
0 50 50 50 0 50 50 50
0 50 60 60 0 50 60 60
0 60 60 70 0 60 60 70
0 70 70 70 0 70 70 70
0 70 80 80 0 70 80 80
0 80 90 90 0 80 90 90
0 90 90 100 0 90 90 100
0 100 100 100 0 100 100 100
0 100 110 110 0 100 110 110
0 110 110 120 0 110 110 120
0 120 120 120 0 120 120 120
0 120 130 130 0 120 130 130
0 130 130 140 0 130 130 140
0 140 140 140 0 140 140 140
0 140 150 150 0 140 150 150
0 150 150 160 0 150 150 160
0 160 160 170 0 160 160 170
0 170 170 170 0 170 170 170
0 170 180 180 0 170 180 180
0 180 180 190 0 180 180 190
0 190 190 190 0 190 190 190
0 190 200 200 0 190 200 200
0 200 200 210 0 200 200 210
0 210 210 210 0 210 210 210
0 210 220 220 0 210 220 220
0 220 220 230 0 220 220 230
0 230 230 230 0 230 230 230
0 240 240 240 0 240 240 240
0 240 250 250 0 240 250 250
0 250 250 260 0 250 250 260
0 260 260 260 0 260 260 260
0 260 270 270 0 260 270 270
0 270 270 280 0 270 270 280
0 280 280 280 0 280 280 280
0 280 290 290 0 280 290 290
0 290 290 300 0 290 290 300
0 300 300 300 0 300 300 300
0 300 310 310 0 300 310 310
0 310 320 320 0 310 320 320
0 320 320 330 0 320 320 330
0 330 330 330 0 330 330 330
0 330 340 340 0 330 340 340
0 340 340 350 0 340 340 350
0 350 350 350 0 350 350 350
0 350 360 360 0 350 360 360
0 360 360 370 0 360 360 370
0 370 370 370 0 370 370 370
0 370 380 380 0 370 380 380
0 380 380 390 0 380 380 390
0 390 390 400 0 390 390 400
0 400 400 400 0 400 400 400
0 400 410 410 0 400 410 410
0 410 410 420 0 410 410 420
0 420 420 420 0 420 420 420
0 420 430 430 0 420 430 430
0 430 430 440 0 430 430 440
0 440 440 440 0 440 440 440
0 440 450 450 0 440 450 450
0 450 450 460 0 450 450 460
0 460 460 460 0 460 460 460
0 470 470 470 0 470 470 470
0 470 480 480 0 470 480 480
0 480 480 490 0 480 480 490
0 490 490 490 0 490 490 490
0 490 500 500 0 490 500 500
0 500 500 510 0 500 500 510
0 510 510 510 0 510 510 510
0 510 520 520 0 510 520 520
0 520 520 530 0 520 520 530
0 530 530 530 0 530 530 530
0 530 540 540 0 530 540 540
0 540 550 550 0 540 550 550
0 550 550 560 0 550 550 560
0 560 560 560 0 560 560 560
0 560 570 570 0 560 570 570
0 570 570 580 0 570 570 580
0 580 580 580 0 580 580 580
0 580 590 590 0 580 590 590
0 590 590 600 0 590 590 600
0 600 600 600 0 600 600 600
0 600 610 610 0 600 610 610
0 610 610 620 0 610 610 620
0 620 620 630 0 620 620 630
0 630 630 630 0 630 630 630
0 630 640 640 0 630 640 640
0 640 640 650 0 640 640 650
0 650 650 650 0 650 650 650
0 650 660 660 0 650 660 660
0 660 660 670 0 660 660 670
0 670 670 670 0 670 670 670
0 670 680 680 0 670 680 680
0 680 680 690 0 680 680 690
0 690 690 690 0 690 690 690
0 700 700 700 0 700 700 700
0 700 710 710 0 700 710 710
0 710 710 720 0 710 710 720
0 720 720 720 0 720 720 720
0 720 730 730 0 720 730 730
0 730 730 740 0 730 730 740
0 740 740 740 0 740 740 740
0 740 750 750 0 740 750 750
0 750 750 760 0 750 750 760
0 760 760 760 0 760 760 760
0 760 770 770 0 760 770 770
0 770 780 780 0 770 780 780
0 780 780 790 0 780 780 790
0 790 790 790 0 790 790 790
0 790 800 800 0 790 800 800
0 800 800 810 0 800 800 810
0 810 810 810 0 810 810 810
0 810 820 820 0 810 820 820
0 820 820 830 0 820 820 830
0 830 830 830 0 830 830 830
0 830 840 840 0 830 840 840
0 840 840 850 0 840 840 850
0 850 850 860 0 850 850 860
0 860 860 860 0 860 860 860
0 860 870 870 0 860 870 870
0 870 870 880 0 870 870 880
0 880 880 880 0 880 880 880
0 880 890 890 0 880 890 890
0 890 890 900 0 890 890 900
0 900 900 900 0 900 900 900
0 900 910 910 0 900 910 910
0 910 910 920 0 910 910 920
0 920 920 920 0 920 920 920
0 930 930 930 0 930 930 930
0 930 940 940 0 930 940 940
0 940 940 950 0 940 940 950
0 950 950 950 0 950 950 950
0 950 960 960 0 950 960 960
0 960 960 970 0 960 960 970
0 970 970 970 0 970 970 970
0 970 980 980 0 970 980 980
0 980 980 990 0 980 980 990
0 990 990 990 0 990 990 990
0 990 1000 1000 0 990 1000 1000
0 1000 1010 1010 0 1000 1010 1010
0 1010 1010 1020 0 1010 1010 1020
0 1020 1020 1020 0 1020 1020 1020
0 1020 1030 1030 0 1020 1030 1030
0 1030 1030 1040 0 1030 1030 1040
0 1040 1040 1040 0 1040 1040 1040
0 1040 1050 1050 0 1040 1050 1050
0 1050 1050 1060 0 1050 1050 1060
0 1060 1060 1060 0 1060 1060 1060
0 1060 1070 1070 0 1060 1070 1070
0 1070 1070 1080 0 1070 1070 1080
0 1080 1080 1090 0 1080 1080 1090
0 1090 1090 1090 0 1090 1090 1090
0 1090 1100 1100 0 1090 1100 1100
0 1100 1100 1110 0 1100 1100 1110
0 1110 1110 1110 0 1110 1110 1110
0 1110 1120 1120 0 1110 1120 1120
0 1120 1120 1130 0 1120 1120 1130
0 1130 1130 1130 0 1130 1130 1130
0 1130 1140 1140 0 1130 1140 1140
0 1140 1140 1150 0 1140 1140 1150
0 1150 1150 1150 0 1150 1150 1150
0 1160 1160 1160 0 1160 1160 1160
0 1160 1170 1170 0 1160 1170 1170
0 1170 1170 1180 0 1170 1170 1180
0 1180 1180 1180 0 1180 1180 1180
0 1180 1190 1190 0 1180 1190 1190
0 1190 1190 1200 0 1190 1190 1200
0 1200 1200 1200 0 1200 1200 1200
0 1200 1210 1210 0 1200 1210 1210
0 1210 1210 1220 0 1210 1210 1220
0 1220 1220 1220 0 1220 1220 1220
0 1220 1230 1230 0 1220 1230 1230
0 1230 1240 1240 0 1230 1240 1240
0 1240 1240 1250 0 1240 1240 1250
0 1250 1250 1250 0 1250 1250 1250
0 1250 1260 1260 0 1250 1260 1260
0 1260 1260 1270 0 1260 1260 1270
0 1270 1270 1270 0 1270 1270 1270
0 1270 1280 1280 0 1270 1280 1280
0 1280 1280 1290 0 1280 1280 1290
0 1290 1290 1290 0 1290 1290 1290
0 1290 1300 1300 0 1290 1300 1300
0 1300 1300 1310 0 1300 1300 1310
0 1310 1310 1320 0 1310 1310 1320
0 1320 1320 1320 0 1320 1320 1320
0 1320 1330 1330 0 1320 1330 1330
0 1330 1330 1340 0 1330 1330 1340
0 1340 1340 1340 0 1340 1340 1340
0 1340 1350 1350 0 1340 1350 1350
0 1350 1350 1360 0 1350 1350 1360
0 1360 1360 1360 0 1360 1360 1360
0 1360 1370 1370 0 1360 1370 1370
0 1370 1370 1380 0 1370 1370 1380
0 1380 1380 1380 0 1380 1380 1380
0 1390 1390 1390 0 1390 1390 1390
0 1390 1400 1400 0 1390 1400 1400
0 1400 1400 1410 0 1400 1400 1410
0 1410 1410 1410 0 1410 1410 1410
0 1410 1420 1420 0 1410 1420 1420
0 1420 1420 1430 0 1420 1420 1430
0 1430 1430 1430 0 1430 1430 1430
0 1430 1440 1440 0 1430 1440 1440
0 1440 1440 1450 0 1440 1440 1450
0 1450 1450 1450 0 1450 1450 1450
0 1450 1460 1460 0 1450 1460 1460
0 1460 1470 1470 0 1460 1470 1470
0 1470 1470 1480 0 1470 1470 1480
0 1480 1480 1480 0 1480 1480 1480
0 1480 1490 1490 0 1480 1490 1490
0 1490 1490 1500 0 1490 1490 1500
0 1500 1500 1500 0 1500 1500 1500
0 1500 1510 1510 0 1500 1510 1510
0 1510 1510 1520 0 1510 1510 1520
0 1520 1520 1520 0 1520 1520 1520
0 1520 1530 1530 0 1520 1530 1530
0 1530 1530 1540 0 1530 1530 1540
0 1540 1540 1550 0 1540 1540 1550
0 1550 1550 1550 0 1550 1550 1550
0 1550 1560 1560 0 1550 1560 1560
0 1560 1560 1570 0 1560 1560 1570
0 1570 1570 1570 0 1570 1570 1570
0 1570 1580 1580 0 1570 1580 1580
0 1580 1580 1590 0 1580 1580 1590
0 1590 1590 1590 0 1590 1590 1590
0 1590 1600 1600 0 1590 1600 1600
0 1600 1600 1610 0 1600 1600 1610
0 1610 1610 1610 0 1610 1610 1610
0 1620 1620 1620 0 1620 1620 1620
0 1620 1630 1630 0 1620 1630 1630
0 1630 1630 1640 0 1630 1630 1640
0 1640 1640 1640 0 1640 1640 1640
0 1640 1650 1650 0 1640 1650 1650
0 1650 1650 1660 0 1650 1650 1660
0 1660 1660 1660 0 1660 1660 1660
0 1660 1670 1670 0 1660 1670 1670
0 1670 1670 1680 0 1670 1670 1680
0 1680 1680 1680 0 1680 1680 1680
0 1680 1690 1690 0 1680 1690 1690
0 1690 1700 1700 0 1690 1700 1700
0 1700 1700 1710 0 1700 1700 1710
0 1710 1710 1710 0 1710 1710 1710
0 1710 1720 1720 0 1710 1720 1720
0 1720 1720 1730 0 1720 1720 1730
0 1730 1730 1730 0 1730 1730 1730
0 1730 1740 1740 0 1730 1740 1740
0 1740 1740 1750 0 1740 1740 1750
0 1750 1750 1750 0 1750 1750 1750
0 1750 1760 1760 0 1750 1760 1760
0 1760 1760 1770 0 1760 1760 1770
0 1770 1770 1780 0 1770 1770 1780
0 1780 1780 1780 0 1780 1780 1780
0 1780 1790 1790 0 1780 1790 1790
0 1790 1790 1800 0 1790 1790 1800
0 1800 1800 1800 0 1800 1800 1800
0 1800 1810 1810 0 1800 1810 1810
0 1810 1810 1820 0 1810 1810 1820
0 1820 1820 1820 0 1820 1820 1820
0 1820 1830 1830 0 1820 1830 1830
0 1830 1830 1840 0 1830 1830 1840
0 1840 1840 1840 0 1840 1840 1840
0 1850 1850 1850 0 1850 1850 1850
0 1850 1860 1860 0 1850 1860 1860
0 1860 1860 1870 0 1860 1860 1870
0 1870 1870 1870 0 1870 1870 1870
0 1870 1880 1880 0 1870 1880 1880
0 1880 1880 1890 0 1880 1880 1890
0 1890 1890 1890 0 1890 1890 1890
0 1890 1900 1900 0 1890 1900 1900
0 1900 1900 1910 0 1900 1900 1910
0 1910 1910 1910 0 1910 1910 1910
0 1910 1920 1920 0 1910 1920 1920
0 1920 1930 1930 0 1920 1930 1930
0 1930 1930 1940 0 1930 1930 1940
0 1940 1940 1940 0 1940 1940 1940
0 1940 1950 1950 0 1940 1950 1950
0 1950 1950 1960 0 1950 1950 1960
0 1960 1960 1960 0 1960 1960 1960
0 1960 1970 1970 0 1960 1970 1970
0 1970 1970 1980 0 1970 1970 1980
0 1980 1980 1980 0 1980 1980 1980
0 1980 1990 1990 0 1980 1990 1990
0 1990 1990 2000 0 1990 1990 2000
0 2000 2000 2010 0 2000 2000 2010
0 2010 2010 2010 0 2010 2010 2010
0 2010 2020 2020 0 2010 2020 2020
0 2020 2020 2030 0 2020 2020 2030
0 2030 2030 2030 0 2030 2030 2030
0 2030 2040 2040 0 2030 2040 2040
0 2040 2040 2050 0 2040 2040 2050
0 2050 2050 2050 0 2050 2050 2050
0 2050 2060 2060 0 2050 2060 2060
0 2060 2060 2070 0 2060 2060 2070
0 2070 2070 2070 0 2070 2070 2070
0 2080 2080 2080 0 2080 2080 2080
0 2080 2090 2090 0 2080 2090 2090
0 2090 2090 2100 0 2090 2090 2100
0 2100 2100 2100 0 2100 2100 2100
0 2100 2110 2110 0 2100 2110 2110
0 2110 2110 2120 0 2110 2110 2120
0 2120 2120 2120 0 2120 2120 2120
0 2120 2130 2130 0 2120 2130 2130
0 2130 2130 2140 0 2130 2130 2140
0 2140 2140 2140 0 2140 2140 2140
0 2140 2150 2150 0 2140 2150 2150
0 2150 2160 2160 0 2150 2160 2160
0 2160 2160 2170 0 2160 2160 2170
0 2170 2170 2170 0 2170 2170 2170
0 2170 2180 2180 0 2170 2180 2180
0 2180 2180 2190 0 2180 2180 2190
0 2190 2190 2190 0 2190 2190 2190
0 2190 2200 2200 0 2190 2200 2200
0 2200 2200 2210 0 2200 2200 2210
0 2210 2210 2210 0 2210 2210 2210
0 2210 2220 2220 0 2210 2220 2220
0 2220 2220 2230 0 2220 2220 2230
0 2230 2230 2240 0 2230 2230 2240
0 2240 2240 2240 0 2240 2240 2240
0 2240 2250 2250 0 2240 2250 2250
0 2250 2250 2260 0 2250 2250 2260
0 2260 2260 2260 0 2260 2260 2260
0 2260 2270 2270 0 2260 2270 2270
0 2270 2270 2280 0 2270 2270 2280
0 2280 2280 2280 0 2280 2280 2280
0 2280 2290 2290 0 2280 2290 2290
0 2290 2290 2300 0 2290 2290 2300
0 2300 2300 2300 0 2300 2300 2300
0 2310 2310 2310 0 2310 2310 2310
0 2310 2320 2320 0 2310 2320 2320
0 2320 2320 2330 0 2320 2320 2330
0 2330 2330 2330 0 2330 2330 2330
0 2330 2340 2340 0 2330 2340 2340
0 2340 2340 2350 0 2340 2340 2350
0 2350 2350 2350 0 2350 2350 2350
0 2350 2360 2360 0 2350 2360 2360
0 2360 2360 2370 0 2360 2360 2370
0 2370 2370 2370 0 2370 2370 2370
0 2370 2380 2380 0 2370 2380 2380
0 2380 2390 2390 0 2380 2390 2390
0 2390 2390 2400 0 2390 2390 2400
0 2400 2400 2400 0 2400 2400 2400
0 2400 2410 2410 0 2400 2410 2410
0 2410 2410 2420 0 2410 2410 2420
0 2420 2420 2420 0 2420 2420 2420
0 2420 2430 2430 0 2420 2430 2430
0 2430 2430 2440 0 2430 2430 2440
0 2440 2440 2440 0 2440 2440 2440
0 2440 2450 2450 0 2440 2450 2450
0 2450 2450 2460 0 2450 2450 2460
0 2460 2460 2470 0 2460 2460 2470
0 2470 2470 2470 0 2470 2470 2470
0 2470 2480 2480 0 2470 2480 2480
0 2480 2480 2490 0 2480 2480 2490
0 2490 2490 2490 0 2490 2490 2490
0 2490 2500 2500 0 2490 2500 2500
0 2500 2500 2510 0 2500 2500 2510
0 2510 2510 2510 0 2510 2510 2510
0 2510 2520 2520 0 2510 2520 2520
0 2520 2520 2530 0 2520 2520 2530
0 2530 2530 2530 0 2530 2530 2530
0 2540 2540 2540 0 2540 2540 2540
0 2540 2550 2550 0 2540 2550 2550
0 2550 2550 2560 0 2550 2550 2560
0 2560 2560 2560 0 2560 2560 2560
0 2560 2570 2570 0 2560 2570 2570
0 2570 2570 2580 0 2570 2570 2580
0 2580 2580 2580 0 2580 2580 2580
0 2580 2590 2590 0 2580 2590 2590
0 2590 2590 2600 0 2590 2590 2600
0 2600 2600 2600 0 2600 2600 2600
0 2600 2610 2610 0 2600 2610 2610
0 2610 2620 2620 0 2610 2620 2620
0 2620 2620 2630 0 2620 2620 2630
0 2630 2630 2630 0 2630 2630 2630
0 2630 2640 2640 0 2630 2640 2640
0 2640 2640 2650 0 2640 2640 2650
0 2650 2650 2650 0 2650 2650 2650
0 2650 2660 2660 0 2650 2660 2660
0 2660 2660 2670 0 2660 2660 2670
0 2670 2670 2670 0 2670 2670 2670
0 2670 2680 2680 0 2670 2680 2680
0 2680 2680 2690 0 2680 2680 2690
0 2690 2690 2700 0 2690 2690 2700
0 2700 2700 2700 0 2700 2700 2700
0 2700 2710 2710 0 2700 2710 2710
0 2710 2710 2720 0 2710 2710 2720
0 2720 2720 2720 0 2720 2720 2720
0 2720 2730 2730 0 2720 2730 2730
0 2730 2730 2740 0 2730 2730 2740
0 2740 2740 2740 0 2740 2740 2740
0 2740 2750 2750 0 2740 2750 2750
0 2750 2750 2760 0 2750 2750 2760
0 2760 2760 2760 0 2760 2760 2760
0 2770 2770 2770 0 2770 2770 2770
0 2770 2780 2780 0 2770 2780 2780
0 2780 2780 2790 0 2780 2780 2790
0 2790 2790 2790 0 2790 2790 2790
0 2790 2800 2800 0 2790 2800 2800
0 2800 2800 2810 0 2800 2800 2810
0 2810 2810 2810 0 2810 2810 2810
0 2810 2820 2820 0 2810 2820 2820
0 2820 2820 2830 0 2820 2820 2830
0 2830 2830 2830 0 2830 2830 2830
0 2830 2840 2840 0 2830 2840 2840
0 2840 2850 2850 0 2840 2850 2850
0 2850 2850 2860 0 2850 2850 2860
0 2860 2860 2860 0 2860 2860 2860
0 2860 2870 2870 0 2860 2870 2870
0 2870 2870 2880 0 2870 2870 2880
0 2880 2880 2880 0 2880 2880 2880
0 2880 2890 2890 0 2880 2890 2890
0 2890 2890 2900 0 2890 2890 2900
0 2900 2900 2900 0 2900 2900 2900
0 2900 2910 2910 0 2900 2910 2910
0 2910 2910 2920 0 2910 2910 2920
0 2920 2920 2930 0 2920 2920 2930
0 2930 2930 2930 0 2930 2930 2930
0 2930 2940 2940 0 2930 2940 2940
0 2940 2940 2950 0 2940 2940 2950
0 2950 2950 2950 0 2950 2950 2950
0 2950 2960 2960 0 2950 2960 2960
0 2960 2960 2970 0 2960 2960 2970
0 2970 2970 2970 0 2970 2970 2970
0 2970 2980 2980 0 2970 2980 2980
0 2980 2980 2990 0 2980 2980 2990
0 2990 2990 2990 0 2990 2990 2990
0 3000 3000 3000 0 3000 3000 3000
0 3000 3010 3010 0 3000 3010 3010
0 3010 3010 3020 0 3010 3010 3020
0 3020 3020 3020 0 3020 3020 3020
0 3020 3030 3030 0 3020 3030 3030
0 3030 3030 3040 0 3030 3030 3040
0 3040 3040 3040 0 3040 3040 3040
0 3040 3050 3050 0 3040 3050 3050
0 3050 3050 3060 0 3050 3050 3060
0 3060 3060 3060 0 3060 3060 3060
0 3060 3070 3070 0 3060 3070 3070
0 3070 3080 3080 0 3070 3080 3080
0 3080 3080 3090 0 3080 3080 3090
0 3090 3090 3090 0 3090 3090 3090
0 3090 3100 3100 0 3090 3100 3100
0 3100 3100 3110 0 3100 3100 3110
0 3110 3110 3110 0 3110 3110 3110
0 3110 3120 3120 0 3110 3120 3120
0 3120 3120 3130 0 3120 3120 3130
0 3130 3130 3130 0 3130 3130 3130
0 3130 3140 3140 0 3130 3140 3140
0 3140 3140 3150 0 3140 3140 3150
0 3150 3150 3160 0 3150 3150 3160
0 3160 3160 3160 0 3160 3160 3160
0 3160 3170 3170 0 3160 3170 3170
0 3170 3170 3180 0 3170 3170 3180
0 3180 3180 3180 0 3180 3180 3180
0 3180 3190 3190 0 3180 3190 3190
0 3190 3190 3200 0 3190 3190 3200
0 3200 3200 3200 0 3200 3200 3200
0 3200 3210 3210 0 3200 3210 3210
0 3210 3210 3220 0 3210 3210 3220
0 3220 3220 3220 0 3220 3220 3220
0 3230 3230 3230 0 3230 3230 3230
0 3230 3240 3240 0 3230 3240 3240
0 3240 3240 3250 0 3240 3240 3250
0 3250 3250 3250 0 3250 3250 3250
0 3250 3260 3260 0 3250 3260 3260
0 3260 3260 3270 0 3260 3260 3270
0 3270 3270 3270 0 3270 3270 3270
0 3270 3280 3280 0 3270 3280 3280
0 3280 3280 3290 0 3280 3280 3290
0 3290 3290 3290 0 3290 3290 3290
0 3290 3300 3300 0 3290 3300 3300
0 3300 3310 3310 0 3300 3310 3310
0 3310 3310 3320 0 3310 3310 3320
0 3320 3320 3320 0 3320 3320 3320
0 3320 3330 3330 0 3320 3330 3330
0 3330 3330 3340 0 3330 3330 3340
0 3340 3340 3340 0 3340 3340 3340
0 3340 3350 3350 0 3340 3350 3350
0 3350 3350 3360 0 3350 3350 3360
0 3360 3360 3360 0 3360 3360 3360
0 3360 3370 3370 0 3360 3370 3370
0 3370 3370 3380 0 3370 3370 3380
0 3380 3380 3390 0 3380 3380 3390
0 3390 3390 3390 0 3390 3390 3390
0 3390 3400 3400 0 3390 3400 3400
0 3400 3400 3410 0 3400 3400 3410
0 3410 3410 3410 0 3410 3410 3410
0 3410 3420 3420 0 3410 3420 3420
0 3420 3420 3430 0 3420 3420 3430
0 3430 3430 3430 0 3430 3430 3430
0 3430 3440 3440 0 3430 3440 3440
0 3440 3440 3450 0 3440 3440 3450
0 3450 3450 3450 0 3450 3450 3450
0 3460 3460 3460 0 3460 3460 3460
0 3460 3470 3470 0 3460 3470 3470
0 3470 3470 3480 0 3470 3470 3480
0 3480 3480 3480 0 3480 3480 3480
0 3480 3490 3490 0 3480 3490 3490
0 3490 3490 3500 0 3490 3490 3500
0 3500 3500 3500 0 3500 3500 3500
0 3500 3510 3510 0 3500 3510 3510
0 3510 3510 3520 0 3510 3510 3520
0 3520 3520 3520 0 3520 3520 3520
0 3520 3530 3530 0 3520 3530 3530
0 3530 3540 3540 0 3530 3540 3540
0 3540 3540 3550 0 3540 3540 3550
0 3550 3550 3550 0 3550 3550 3550
0 3550 3560 3560 0 3550 3560 3560
0 3560 3560 3570 0 3560 3560 3570
0 3570 3570 3570 0 3570 3570 3570
0 3570 3580 3580 0 3570 3580 3580
0 3580 3580 3590 0 3580 3580 3590
0 3590 3590 3590 0 3590 3590 3590
0 3590 3600 3600 0 3590 3600 3600
0 3600 3600 3610 0 3600 3600 3610
0 3610 3610 3620 0 3610 3610 3620
0 3620 3620 3620 0 3620 3620 3620
0 3620 3630 3630 0 3620 3630 3630
0 3630 3630 3640 0 3630 3630 3640
0 3640 3640 3640 0 3640 3640 3640
0 3640 3650 3650 0 3640 3650 3650
0 3650 3650 3660 0 3650 3650 3660
0 3660 3660 3660 0 3660 3660 3660
0 3660 3670 3670 0 3660 3670 3670
0 3670 3670 3680 0 3670 3670 3680
0 3680 3680 3680 0 3680 3680 3680
0 3690 3690 3690 0 3690 3690 3690
0 3690 3700 3700 0 3690 3700 3700
0 3700 3700 3710 0 3700 3700 3710
0 3710 3710 3710 0 3710 3710 3710
0 3710 3720 3720 0 3710 3720 3720
0 3720 3720 3730 0 3720 3720 3730
0 3730 3730 3730 0 3730 3730 3730
0 3730 3740 3740 0 3730 3740 3740
0 3740 3740 3750 0 3740 3740 3750
0 3750 3750 3750 0 3750 3750 3750
0 3750 3760 3760 0 3750 3760 3760
0 3760 3770 3770 0 3760 3770 3770
0 3770 3770 3780 0 3770 3770 3780
0 3780 3780 3780 0 3780 3780 3780
0 3780 3790 3790 0 3780 3790 3790
0 3790 3790 3800 0 3790 3790 3800
0 3800 3800 3800 0 3800 3800 3800
0 3800 3810 3810 0 3800 3810 3810
0 3810 3810 3820 0 3810 3810 3820
0 3820 3820 3820 0 3820 3820 3820
0 3820 3830 3830 0 3820 3830 3830
0 3830 3830 3840 0 3830 3830 3840
0 3840 3840 3850 0 3840 3840 3850
0 3850 3850 3850 0 3850 3850 3850
0 3850 3860 3860 0 3850 3860 3860
0 3860 3860 3870 0 3860 3860 3870
0 3870 3870 3870 0 3870 3870 3870
0 3870 3880 3880 0 3870 3880 3880
0 3880 3880 3890 0 3880 3880 3890
0 3890 3890 3890 0 3890 3890 3890
0 3890 3900 3900 0 3890 3900 3900
0 3900 3900 3910 0 3900 3900 3910
0 3910 3910 3910 0 3910 3910 3910
0 3920 3920 3920 0 3920 3920 3920
0 3920 3930 3930 0 3920 3930 3930
0 3930 3930 3940 0 3930 3930 3940
0 3940 3940 3940 0 3940 3940 3940
0 3940 3950 3950 0 3940 3950 3950
0 3950 3950 3960 0 3950 3950 3960
0 3960 3960 3960 0 3960 3960 3960
0 3960 3970 3970 0 3960 3970 3970
0 3970 3970 3980 0 3970 3970 3980
0 3980 3980 3980 0 3980 3980 3980
0 3980 3990 3990 0 3980 3990 3990
0 3990 4000 4000 0 3990 4000 4000
0 4000 4000 4010 0 4000 4000 4010
0 4010 4010 4010 0 4010 4010 4010
0 4010 4020 4020 0 4010 4020 4020
0 4020 4020 4030 0 4020 4020 4030
0 4030 4030 4030 0 4030 4030 4030
0 4030 4040 4040 0 4030 4040 4040
0 4040 4040 4050 0 4040 4040 4050
0 4050 4050 4050 0 4050 4050 4050
0 4050 4060 4060 0 4050 4060 4060
0 4060 4060 4070 0 4060 4060 4070
0 4070 4070 4080 0 4070 4070 4080
0 4080 4080 4080 0 4080 4080 4080
0 4080 4090 4090 0 4080 4090 4090
0 4090 4090 4100 0 4090 4090 4100
0 4100 4100 4100 0 4100 4100 4100
0 4100 4110 4110 0 4100 4110 4110
0 4110 4110 4120 0 4110 4110 4120
0 4120 4120 4120 0 4120 4120 4120
0 4120 4130 4130 0 4120 4130 4130
0 4130 4130 4140 0 4130 4130 4140
0 4140 4140 4140 0 4140 4140 4140
0 4150 4150 4150 0 4150 4150 4150
0 4150 4160 4160 0 4150 4160 4160
0 4160 4160 4170 0 4160 4160 4170
0 4170 4170 4170 0 4170 4170 4170
0 4170 4180 4180 0 4170 4180 4180
0 4180 4180 4190 0 4180 4180 4190
0 4190 4190 4190 0 4190 4190 4190
0 4190 4200 4200 0 4190 4200 4200
0 4200 4200 4210 0 4200 4200 4210
0 4210 4210 4210 0 4210 4210 4210
0 4210 4220 4220 0 4210 4220 4220
0 4220 4230 4230 0 4220 4230 4230
0 4230 4230 4240 0 4230 4230 4240
0 4240 4240 4240 0 4240 4240 4240
0 4240 4250 4250 0 4240 4250 4250
0 4250 4250 4260 0 4250 4250 4260
0 4260 4260 4260 0 4260 4260 4260
0 4260 4270 4270 0 4260 4270 4270
0 4270 4270 4280 0 4270 4270 4280
0 4280 4280 4280 0 4280 4280 4280
0 4280 4290 4290 0 4280 4290 4290
0 4290 4290 4300 0 4290 4290 4300
0 4300 4300 4310 0 4300 4300 4310
0 4310 4310 4310 0 4310 4310 4310
0 4310 4320 4320 0 4310 4320 4320
0 4320 4320 4330 0 4320 4320 4330
0 4330 4330 4330 0 4330 4330 4330
0 4330 4340 4340 0 4330 4340 4340
0 4340 4340 4350 0 4340 4340 4350
0 4350 4350 4350 0 4350 4350 4350
0 4350 4360 4360 0 4350 4360 4360
0 4360 4360 4370 0 4360 4360 4370
0 4370 4370 4370 0 4370 4370 4370
0 4380 4380 4380 0 4380 4380 4380
0 4380 4390 4390 0 4380 4390 4390
0 4390 4390 4400 0 4390 4390 4400
0 4400 4400 4400 0 4400 4400 4400
0 4400 4410 4410 0 4400 4410 4410
0 4410 4410 4420 0 4410 4410 4420
0 4420 4420 4420 0 4420 4420 4420
0 4420 4430 4430 0 4420 4430 4430
0 4430 4430 4440 0 4430 4430 4440
0 4440 4440 4440 0 4440 4440 4440
0 4440 4450 4450 0 4440 4450 4450
0 4450 4460 4460 0 4450 4460 4460
0 4460 4460 4470 0 4460 4460 4470
0 4470 4470 4470 0 4470 4470 4470
0 4470 4480 4480 0 4470 4480 4480
0 4480 4480 4490 0 4480 4480 4490
0 4490 4490 4490 0 4490 4490 4490
0 4490 4500 4500 0 4490 4500 4500
0 4500 4500 4510 0 4500 4500 4510
0 4510 4510 4510 0 4510 4510 4510
0 4510 4520 4520 0 4510 4520 4520
0 4520 4520 4530 0 4520 4520 4530
0 4530 4530 4540 0 4530 4530 4540
0 4540 4540 4540 0 4540 4540 4540
0 4540 4550 4550 0 4540 4550 4550
0 4550 4550 4560 0 4550 4550 4560
0 4560 4560 4560 0 4560 4560 4560
0 4560 4570 4570 0 4560 4570 4570
0 4570 4570 4580 0 4570 4570 4580
0 4580 4580 4580 0 4580 4580 4580
0 4580 4590 4590 0 4580 4590 4590
0 4590 4590 4600 0 4590 4590 4600
0 4600 4600 4600 0 4600 4600 4600
0 4610 4610 4610 0 4610 4610 4610
0 4610 4620 4620 0 4610 4620 4620
0 4620 4620 4630 0 4620 4620 4630
0 4630 4630 4630 0 4630 4630 4630
0 4630 4640 4640 0 4630 4640 4640
0 4640 4640 4650 0 4640 4640 4650
0 4650 4650 4650 0 4650 4650 4650
0 4650 4660 4660 0 4650 4660 4660
0 4660 4660 4670 0 4660 4660 4670
0 4670 4670 4670 0 4670 4670 4670
0 4670 4680 4680 0 4670 4680 4680
0 4680 4690 4690 0 4680 4690 4690
0 4690 4690 4700 0 4690 4690 4700
0 4700 4700 4700 0 4700 4700 4700
0 4700 4710 4710 0 4700 4710 4710
0 4710 4710 4720 0 4710 4710 4720
0 4720 4720 4720 0 4720 4720 4720
0 4720 4730 4730 0 4720 4730 4730
0 4730 4730 4740 0 4730 4730 4740
0 4740 4740 4740 0 4740 4740 4740
0 4740 4750 4750 0 4740 4750 4750
0 4750 4750 4760 0 4750 4750 4760
0 4760 4760 4770 0 4760 4760 4770
0 4770 4770 4770 0 4770 4770 4770
0 4770 4780 4780 0 4770 4780 4780
0 4780 4780 4790 0 4780 4780 4790
0 4790 4790 4790 0 4790 4790 4790
0 4790 4800 4800 0 4790 4800 4800
0 4800 4800 4810 0 4800 4800 4810
0 4810 4810 4810 0 4810 4810 4810
0 4810 4820 4820 0 4810 4820 4820
0 4820 4820 4830 0 4820 4820 4830
0 4830 4830 4830 0 4830 4830 4830
0 4840 4840 4840 0 4840 4840 4840
0 4840 4850 4850 0 4840 4850 4850
0 4850 4850 4860 0 4850 4850 4860
0 4860 4860 4860 0 4860 4860 4860
0 4860 4870 4870 0 4860 4870 4870
0 4870 4870 4880 0 4870 4870 4880
0 4880 4880 4880 0 4880 4880 4880
0 4880 4890 4890 0 4880 4890 4890
0 4890 4890 4900 0 4890 4890 4900
0 4900 4900 4900 0 4900 4900 4900
0 4900 4910 4910 0 4900 4910 4910
0 4910 4920 4920 0 4910 4920 4920
0 4920 4920 4930 0 4920 4920 4930
0 4930 4930 4930 0 4930 4930 4930
0 4930 4940 4940 0 4930 4940 4940
0 4940 4940 4950 0 4940 4940 4950
0 4950 4950 4950 0 4950 4950 4950
0 4950 4960 4960 0 4950 4960 4960
0 4960 4960 4970 0 4960 4960 4970
0 4970 4970 4970 0 4970 4970 4970
0 4970 4980 4980 0 4970 4980 4980
0 4980 4980 4990 0 4980 4980 4990
0 4990 4990 5000 0 4990 4990 5000
0 5000 5000 5000 0 5000 5000 5000
0 5000 5010 5010 0 5000 5010 5010
0 5010 5010 5020 0 5010 5010 5020
0 5020 5020 5020 0 5020 5020 5020
0 5020 5030 5030 0 5020 5030 5030
0 5030 5030 5040 0 5030 5030 5040
0 5040 5040 5040 0 5040 5040 5040
0 5040 5050 5050 0 5040 5050 5050
0 5050 5050 5060 0 5050 5050 5060
0 5060 5060 5060 0 5060 5060 5060
0 5070 5070 5070 0 5070 5070 5070
0 5070 5080 5080 0 5070 5080 5080
0 5080 5080 5090 0 5080 5080 5090
0 5090 5090 5090 0 5090 5090 5090
0 5090 5100 5100 0 5090 5100 5100
0 5100 5100 5110 0 5100 5100 5110
0 5110 5110 5110 0 5110 5110 5110
0 5110 5120 5120 0 5110 5120 5120
0 5120 5120 5130 0 5120 5120 5130
0 5130 5130 5130 0 5130 5130 5130
0 5130 5140 5140 0 5130 5140 5140
0 5140 5150 5150 0 5140 5150 5150
0 5150 5150 5160 0 5150 5150 5160
0 5160 5160 5160 0 5160 5160 5160
0 5160 5170 5170 0 5160 5170 5170
0 5170 5170 5180 0 5170 5170 5180
0 5180 5180 5180 0 5180 5180 5180
0 5180 5190 5190 0 5180 5190 5190
0 5190 5190 5200 0 5190 5190 5200
0 5200 5200 5200 0 5200 5200 5200
0 5200 5210 5210 0 5200 5210 5210
0 5210 5210 5220 0 5210 5210 5220
0 5220 5220 5230 0 5220 5220 5230
0 5230 5230 5230 0 5230 5230 5230
0 5230 5240 5240 0 5230 5240 5240
0 5240 5240 5250 0 5240 5240 5250
0 5250 5250 5250 0 5250 5250 5250
0 5250 5260 5260 0 5250 5260 5260
0 5260 5260 5270 0 5260 5260 5270
0 5270 5270 5270 0 5270 5270 5270
0 5270 5280 5280 0 5270 5280 5280
0 5280 5280 5290 0 5280 5280 5290
0 5290 5290 5290 0 5290 5290 5290
0 5300 5300 5300 0 5300 5300 5300
0 5300 5310 5310 0 5300 5310 5310
0 5310 5310 5320 0 5310 5310 5320
0 5320 5320 5320 0 5320 5320 5320
0 5320 5330 5330 0 5320 5330 5330
0 5330 5330 5340 0 5330 5330 5340
0 5340 5340 5340 0 5340 5340 5340
0 5340 5350 5350 0 5340 5350 5350
0 5350 5350 5360 0 5350 5350 5360
0 5360 5360 5360 0 5360 5360 5360
0 5360 5370 5370 0 5360 5370 5370
0 5370 5380 5380 0 5370 5380 5380
0 5380 5380 5390 0 5380 5380 5390
0 5390 5390 5390 0 5390 5390 5390
0 5390 5400 5400 0 5390 5400 5400
0 5400 5400 5410 0 5400 5400 5410
0 5410 5410 5410 0 5410 5410 5410
0 5410 5420 5420 0 5410 5420 5420
0 5420 5420 5430 0 5420 5420 5430
0 5430 5430 5430 0 5430 5430 5430
0 5430 5440 5440 0 5430 5440 5440
0 5440 5440 5450 0 5440 5440 5450
0 5450 5450 5460 0 5450 5450 5460
0 5460 5460 5460 0 5460 5460 5460
0 5460 5470 5470 0 5460 5470 5470
0 5470 5470 5480 0 5470 5470 5480
0 5480 5480 5480 0 5480 5480 5480
0 5480 5490 5490 0 5480 5490 5490
0 5490 5490 5500 0 5490 5490 5500
0 5500 5500 5500 0 5500 5500 5500
0 5500 5510 5510 0 5500 5510 5510
0 5510 5510 5520 0 5510 5510 5520
0 5520 5520 5520 0 5520 5520 5520
0 5530 5530 5530 0 5530 5530 5530
0 5530 5540 5540 0 5530 5540 5540
0 5540 5540 5550 0 5540 5540 5550
0 5550 5550 5550 0 5550 5550 5550
0 5550 5560 5560 0 5550 5560 5560
0 5560 5560 5570 0 5560 5560 5570
0 5570 5570 5570 0 5570 5570 5570
0 5570 5580 5580 0 5570 5580 5580
0 5580 5580 5590 0 5580 5580 5590
0 5590 5590 5590 0 5590 5590 5590
0 5590 5600 5600 0 5590 5600 5600
0 5600 5610 5610 0 5600 5610 5610
0 5610 5610 5620 0 5610 5610 5620
0 5620 5620 5620 0 5620 5620 5620
0 5620 5630 5630 0 5620 5630 5630
0 5630 5630 5640 0 5630 5630 5640
0 5640 5640 5640 0 5640 5640 5640
0 5640 5650 5650 0 5640 5650 5650
0 5650 5650 5660 0 5650 5650 5660
0 5660 5660 5660 0 5660 5660 5660
0 5660 5670 5670 0 5660 5670 5670
0 5670 5670 5680 0 5670 5670 5680
0 5680 5680 5690 0 5680 5680 5690
0 5690 5690 5690 0 5690 5690 5690
0 5690 5700 5700 0 5690 5700 5700
0 5700 5700 5710 0 5700 5700 5710
0 5710 5710 5710 0 5710 5710 5710
0 5710 5720 5720 0 5710 5720 5720
0 5720 5720 5730 0 5720 5720 5730
0 5730 5730 5730 0 5730 5730 5730
0 5730 5740 5740 0 5730 5740 5740
0 5740 5740 5750 0 5740 5740 5750
0 5750 5750 5750 0 5750 5750 5750
0 5760 5760 5760 0 5760 5760 5760
0 5760 5770 5770 0 5760 5770 5770
0 5770 5770 5780 0 5770 5770 5780
0 5780 5780 5780 0 5780 5780 5780
0 5780 5790 5790 0 5780 5790 5790
0 5790 5790 5800 0 5790 5790 5800
0 5800 5800 5800 0 5800 5800 5800
0 5800 5810 5810 0 5800 5810 5810
0 5810 5810 5820 0 5810 5810 5820
0 5820 5820 5820 0 5820 5820 5820
0 5820 5830 5830 0 5820 5830 5830
0 5830 5840 5840 0 5830 5840 5840
0 5840 5840 5850 0 5840 5840 5850
0 5850 5850 5850 0 5850 5850 5850
0 5850 5860 5860 0 5850 5860 5860
0 5860 5860 5870 0 5860 5860 5870
0 5870 5870 5870 0 5870 5870 5870
0 5870 5880 5880 0 5870 5880 5880
0 5880 5880 5890 0 5880 5880 5890
0 5890 5890 5890 0 5890 5890 5890
0 5890 5900 5900 0 5890 5900 5900
0 5900 5900 5910 0 5900 5900 5910
0 5910 5910 5920 0 5910 5910 5920
0 5920 5920 5920 0 5920 5920 5920
0 5920 5930 5930 0 5920 5930 5930
0 5930 5930 5940 0 5930 5930 5940
0 5940 5940 5940 0 5940 5940 5940
0 5940 5950 5950 0 5940 5950 5950
0 5950 5950 5960 0 5950 5950 5960
0 5960 5960 5960 0 5960 5960 5960
0 5960 5970 5970 0 5960 5970 5970
0 5970 5970 5980 0 5970 5970 5980
0 5980 5980 5980 0 5980 5980 5980
0 5990 5990 5990 0 5990 5990 5990
0 5990 6000 6000 0 5990 6000 6000
0 6000 6000 6010 0 6000 6000 6010
0 6010 6010 6010 0 6010 6010 6010
0 6010 6020 6020 0 6010 6020 6020
0 6020 6020 6030 0 6020 6020 6030
0 6030 6030 6030 0 6030 6030 6030
0 6030 6040 6040 0 6030 6040 6040
0 6040 6040 6050 0 6040 6040 6050
0 6050 6050 6050 0 6050 6050 6050
0 6050 6060 6060 0 6050 6060 6060
0 6060 6070 6070 0 6060 6070 6070
0 6070 6070 6080 0 6070 6070 6080
0 6080 6080 6080 0 6080 6080 6080
0 6080 6090 6090 0 6080 6090 6090
0 6090 6090 6100 0 6090 6090 6100
0 6100 6100 6100 0 6100 6100 6100
0 6100 6110 6110 0 6100 6110 6110
0 6110 6110 6120 0 6110 6110 6120
0 6120 6120 6120 0 6120 6120 6120
0 6120 6130 6130 0 6120 6130 6130
0 6130 6130 6140 0 6130 6130 6140
0 6140 6140 6150 0 6140 6140 6150
0 6150 6150 6150 0 6150 6150 6150
0 6150 6160 6160 0 6150 6160 6160
0 6160 6160 6170 0 6160 6160 6170
0 6170 6170 6170 0 6170 6170 6170
0 6170 6180 6180 0 6170 6180 6180
0 6180 6180 6190 0 6180 6180 6190
0 6190 6190 6190 0 6190 6190 6190
0 6190 6200 6200 0 6190 6200 6200
0 6200 6200 6210 0 6200 6200 6210
0 6210 6210 6210 0 6210 6210 6210
0 6220 6220 6220 0 6220 6220 6220
0 6220 6230 6230 0 6220 6230 6230
0 6230 6230 6240 0 6230 6230 6240
0 6240 6240 6240 0 6240 6240 6240
0 6240 6250 6250 0 6240 6250 6250
0 6250 6250 6260 0 6250 6250 6260
0 6260 6260 6260 0 6260 6260 6260
0 6260 6270 6270 0 6260 6270 6270
0 6270 6270 6280 0 6270 6270 6280
0 6280 6280 6280 0 6280 6280 6280
0 6280 6290 6290 0 6280 6290 6290
0 6290 6300 6300 0 6290 6300 6300
0 6300 6300 6310 0 6300 6300 6310
0 6310 6310 6310 0 6310 6310 6310
0 6310 6320 6320 0 6310 6320 6320
0 6320 6320 6330 0 6320 6320 6330
0 6330 6330 6330 0 6330 6330 6330
0 6330 6340 6340 0 6330 6340 6340
0 6340 6340 6350 0 6340 6340 6350
0 6350 6350 6350 0 6350 6350 6350
0 6350 6360 6360 0 6350 6360 6360
0 6360 6360 6370 0 6360 6360 6370
0 6370 6370 6380 0 6370 6370 6380
0 6380 6380 6380 0 6380 6380 6380
0 6380 6390 6390 0 6380 6390 6390
0 6390 6390 6400 0 6390 6390 6400
0 6400 6400 6400 0 6400 6400 6400
0 6400 6410 6410 0 6400 6410 6410
0 6410 6410 6420 0 6410 6410 6420
0 6420 6420 6420 0 6420 6420 6420
0 6420 6430 6430 0 6420 6430 6430
0 6430 6430 6440 0 6430 6430 6440
0 6440 6440 6440 0 6440 6440 6440
0 6450 6450 6450 0 6450 6450 6450
0 6450 6460 6460 0 6450 6460 6460
0 6460 6460 6470 0 6460 6460 6470
0 6470 6470 6470 0 6470 6470 6470
0 6470 6480 6480 0 6470 6480 6480
0 6480 6480 6490 0 6480 6480 6490
0 6490 6490 6490 0 6490 6490 6490
0 6490 6500 6500 0 6490 6500 6500
0 6500 6500 6510 0 6500 6500 6510
0 6510 6510 6510 0 6510 6510 6510
0 6510 6520 6520 0 6510 6520 6520
0 6520 6530 6530 0 6520 6530 6530
0 6530 6530 6540 0 6530 6530 6540
0 6540 6540 6540 0 6540 6540 6540
0 6540 6550 6550 0 6540 6550 6550
0 6550 6550 6560 0 6550 6550 6560
0 6560 6560 6560 0 6560 6560 6560
0 6560 6570 6570 0 6560 6570 6570
0 6570 6570 6580 0 6570 6570 6580
0 6580 6580 6580 0 6580 6580 6580
0 6580 6590 6590 0 6580 6590 6590
0 6590 6590 6600 0 6590 6590 6600
0 6600 6600 6610 0 6600 6600 6610
0 6610 6610 6610 0 6610 6610 6610
0 6610 6620 6620 0 6610 6620 6620
0 6620 6620 6630 0 6620 6620 6630
0 6630 6630 6630 0 6630 6630 6630
0 6630 6640 6640 0 6630 6640 6640
0 6640 6640 6650 0 6640 6640 6650
0 6650 6650 6650 0 6650 6650 6650
0 6650 6660 6660 0 6650 6660 6660
0 6660 6660 6670 0 6660 6660 6670
0 6670 6670 6670 0 6670 6670 6670
0 6680 6680 6680 0 6680 6680 6680
0 6680 6690 6690 0 6680 6690 6690
0 6690 6690 6700 0 6690 6690 6700
0 6700 6700 6700 0 6700 6700 6700
0 6700 6710 6710 0 6700 6710 6710
0 6710 6710 6720 0 6710 6710 6720
0 6720 6720 6720 0 6720 6720 6720
0 6720 6730 6730 0 6720 6730 6730
0 6730 6730 6740 0 6730 6730 6740
0 6740 6740 6740 0 6740 6740 6740
0 6740 6750 6750 0 6740 6750 6750
0 6750 6760 6760 0 6750 6760 6760
0 6760 6760 6770 0 6760 6760 6770
0 6770 6770 6770 0 6770 6770 6770
0 6770 6780 6780 0 6770 6780 6780
0 6780 6780 6790 0 6780 6780 6790
0 6790 6790 6790 0 6790 6790 6790
0 6790 6800 6800 0 6790 6800 6800
0 6800 6800 6810 0 6800 6800 6810
0 6810 6810 6810 0 6810 6810 6810
0 6810 6820 6820 0 6810 6820 6820
0 6820 6820 6830 0 6820 6820 6830
0 6830 6830 6840 0 6830 6830 6840
0 6840 6840 6840 0 6840 6840 6840
0 6840 6850 6850 0 6840 6850 6850
0 6850 6850 6860 0 6850 6850 6860
0 6860 6860 6860 0 6860 6860 6860
0 6860 6870 6870 0 6860 6870 6870
0 6870 6870 6880 0 6870 6870 6880
0 6880 6880 6880 0 6880 6880 6880
0 6880 6890 6890 0 6880 6890 6890
0 6890 6890 6900 0 6890 6890 6900
0 6900 6900 6900 0 6900 6900 6900
0 6910 6910 6910 0 6910 6910 6910
0 6910 6920 6920 0 6910 6920 6920
0 6920 6920 6930 0 6920 6920 6930
0 6930 6930 6930 0 6930 6930 6930
0 6930 6940 6940 0 6930 6940 6940
0 6940 6940 6950 0 6940 6940 6950
0 6950 6950 6950 0 6950 6950 6950
0 6950 6960 6960 0 6950 6960 6960
0 6960 6960 6970 0 6960 6960 6970
0 6970 6970 6970 0 6970 6970 6970
0 6970 6980 6980 0 6970 6980 6980

waitingTimeCarsGone
20
0
20
0
40
20
40
0
20
0
40
0
20
0
40
0
20
40
20
0
40
0
20
0
40
0
20
0
40
20
40
0
20
0
20
20
20
0
40
0
20
40
20
0
40
0
0
20
40
0
20
0
40
20
40
0
20
0
0
40
20
0
40
0
20
40
20
0
20
0
20
20
40
0
20
0
40
20
40
0
0
0
20
40
20
0
40
0
20
40
20
0
0
0
40
20
40
0
20
0
40
20
20
0
20
0
20
40
20
0
40
0
20
40
0
0
20
0
40
20
40
0
20
0
40
20
0
0
40
0
20
40
20
0
40
0
20
20
20
0
20
0
40
20
40
0
20
0
40
0
20
0
40
0
20
40
20
0
40
0
20
0
40
0
20
0
40
20
40
0
20
0
20
20
20
0
40
0
20
40
20
0
40
0
0
20
40
0
20
0
40
20
40
0
20
0
0
40
20
0
40
0
20
40
20
0
20
0
20
20
40
0
20
0
40
20
40
0
0
0
20
40
20
0
40
0
20
40
20
0
0
0
40
20
40
0
20
0
40
20
20
0
20
0
20
40
20
0
40
0
20
40
0
0
20
0
40
20
40
0
20
0
40
20
0
0
40
0
20
40
20
0
40
0
20
20
20
0
20
0
40
20
40
0
20
0
40
0
20
0
40
0
20
40
20
0
40
0
20
0
40
0
20
0
40
20
40
0
20
0
20
20
20
0
40
0
20
40
20
0
40
0
0
20
40
0
20
0
40
20
40
0
20
0
0
40
20
0
40
0
20
40
20
0
20
0
20
20
40
0
20
0
40
20
40
0
0
0
20
40
20
0
40
0
20
40
20
0
0
0
40
20
40
0
20
0
40
20
20
0
20
0
20
40
20
0
40
0
20
40
0
0
20
0
40
20
40
0
20
0
40
20
0
0
40
0
20
40
20
0
40
0
20
20
20
0
20
0
40
20
40
0
20
0
40
0
20
0
40
0
20
40
20
0
40
0
20
0
40
0
20
0
40
20
40
0
20
0
20
20
20
0
40
0
20
40
20
0
40
0
0
20
40
0
20
0
40
20
40
0
20
0
0
40
20
0
40
0
20
40
20
0
20
0
20
20
40
0
20
0
40
20
40
0
0
0
20
40
20
0
40
0
20
40
20
0
0
0
40
20
40
0
20
0
40
20
20
0
20
0
20
40
20
0
40
0
20
40
0
0
20
0
40
20
40
0
20
0
40
20
0
0
40
0
20
40
20
0
40
0
20
20
20
0
20
0
40
20
40
0
20
0
40
0
20
0
40
0
20
40
20
0
40
0
20
0
40
0
20
0
40
20
40
0
20
0
20
20
20
0
40
0
20
40
20
0
40
0
0
20
40
0
20
0
40
20
40
0
20
0
0
40
20
0
40
0
20
40
20
0
20
0
20
20
40
0
20
0
40
20
40
0
0
0
20
40
20
0
40
0
20
40
20
0
0
0
40
20
40
0
20
0
40
20
20
0
20
0
20
40
20
0
40
0
20
40
0
0
20
0
40
20
40
0
20
0
40
20
0
0
40
0
20
40
20
0
40
0
20
20
20
0
20
0
40
20
40
0
20
0
40
0
20
0
40
0
20
40
20
0
40
0
20
0
40
0
20
0
40
20
40
0
20
0
20
20
20
0
40
0
20
40
20
0
40
0
0
20
40
0
20
0
40
20
40
0
20
0
0
40
20
0
40
0
20
40
20
0
20
0
20
20
40
0
20
0
40
20
40
0
0
0
20
40
20
0
40
0
20
40
20
0
0
0
40
20
40
0
20
0
40
20
20
0
20
0
20
40
20
0
40
0
20
40
0
0
20
0
40
20
40
0
20
0
40
20
0
0
40
0
20
40
20
0
40
0
20
20
20
0
20
0
40
20
40
0
20
0
40
0
20
0
40
0
20
40
20
0
40
0
20
0
40
0
20
0
40
20
40
0
20
0
20
20
20
0
40
0
20
40
20
0
40
0
0
20
40
0
20
0
40
20
40
0
20
0
0
40
20
0
40
0
20
40
20
0
20
0
20
20
40
0
20
0
40
20
40
0
0
0
20
40
20
0
40
0
20
40
20
0
0
0
40
20
40
0
20
0
40
20
20
0
20
0
20
40
20
0
40
0
20
40
0
0
20
0
40
20
40
0
20
0
40
20
0
0
40
0
20
40
20
0
40
0
20
20
20
0
20
0
40
20
40
0
20
0
40
0
20
0
40
0
20
40
20
0
40
0
20
0
40
0
20
0
40
20
40
0
20
0
20
20
20
0
40
0
20
40
20
0
40
0
0
20
40
0
20
0
40
20
40
0
20
0
0
40
20
0
40
0
20
40
20
0
20
0
20
20
40
0
20
0
40
20
40

waitingTimeCarsLeft
0
0
60
60
60
0
60
0
60
60
60
0
60
0
60
60
60
0
60
0
60
60
60
0
60
0
60
60
60
0
60
0
60
60
60
0
60
0
60
60
60
0
60
0
60
60
60
0
60
0
60
60
60
0
60
0
60
60
60
0
60
0
60
60
60
0
60
0
60
60
60
0
60
0
60
60
60
0
60
0
60
60
60
0
60
0
60
60
60
0
60
0
60
60
60
0
60
0
60
60
60
0
60
0
60
60
60
0
60
0
60
60
60
0
60
0
60
60
60
0
60
0
60
60
60
0
60
0
60
60
60
0
60
0
60
60
60
0
60
0
60
60
60
0
60
0
60
60
60
0
60
0
60
60
60
0
60
0
60
60
60
0
60
0
60
60
60
0
60
0
60
60
60
0
60
0
60
60
60
0
60
0
60
60
60
0
60
0
60
60
60
0
60
0
60
60
60
0
60
0
60
60
60
0
60
0
60
60
60
0
60
0
60
60
60
0
60
0
60
60
60
0
60
0
60
60
60
0
60
0
60
60
60
0
60
0
60
60
60
0
60
0
60
60
60
0
60
0
60
60
60
0
60
0
60
60
60
0
60
0
60
60
60
0
60
0
60
60
60
0
60
0
60
60
60
0
60
0
60
60
60
0
60
0
60
60
60
0
60
0
60
60
60
0
60
0
60
60
60
0
60
0
60
60
60
0
60
0
60
60
60
0
60
0
60
60
60
0
60
0
60
60
60
0
60
0
60
60
60
0
60
0
60
60
60
0
60
0
60
60
60
0
60
0
60
60
60
0
60
0
60
60
60
0
60
0
60
60
60
0
60
0
60
60
60
0
60
0
60
60
60
0
60
0
60
60
60
0
60
0
60
60
60
0
60
0
60
60
60
0
60
0
60
60
60
0
60
0
60
60
60
0
60
0
60
60
60
0
60
0
60
60
60
0
60
0
60
60
60
0
60
0
60
60
60
0
60
0
60
60
60
0
60
0
60
60
60
0
60
0
60
60
60
0
60
0
60
60
60
0
60
0
60
60
60
0
60
0
60
60
60
0
60
0
60
60
60
0
60
0
60
60
60
0
60
0
60
60
60
0
60
0
60
60
60
0
60
0
60
60
60
0
60
0
60
60
60
0
60
0
60
60
60
0
60
0
60
60
60
0
60
0
60
60
60
0
60
0
60
60
60
0
60
0
60
60
60
0
60
0
60
60
60
0
60
0
60
60
60
0
60
0
60
60
60
0
60
0
60
60
60
0
60
0
60
60
60
0
60
0
60
60
60
0
60
0
60
60
60
0
60
0
60
60
60
0
60
0
60
60
60
0
60
0
60
60
60
0
60
0
60
60
60
0
60
0
60
60
60
0
60
0
60
60
60
0
60
0
60
60
60
0
60
0
60
60
60
0
60
0
60
60
60
0
60
0
60
60
60
0
60
0
60
60
60
0
60
0
60
60
60
0
60
0
60
60
60
0
60
0
60
60
60
0
60
0
60
60
60
0
60
0
60
60
60
0
60
0
60
60
60
0
60
0
60
60
60
0
60
0
60
60
60
0
60
0
60
60
60
0
60
0
60
60
60
0
60
0
60
60
60
0
60
0
60
60
60
0
60
0
60
60
60
0
60
0
60
60
60
0
60
0
60
60
60
0
60
0
60
60
60
0
60
0
60
60
60
0
60
0
60
60
60
0
60
0
60
60
60
0
60
0
60
60
60
0
60
0
60
60
60
0
60
0
60
60
60
0
60
0
60
60
60
0
60
0
60
60
60
0
60
0
60
60
60
0
60
0
60
60
60
0
60
0
60
60
60
0
60
0
60
60
60
0
60
0
60
60
60
0
60
0
60
60
60
0
60
0
60
60
60
0
60
0
60
60
60
0
60
0
60
60
60
0
60
0
60
60
60
0
60
0
60
60
60
0
60
0
60
60
60
0
60
0
60
60
60
0
60
0
60
60
60
0
60
0
60
60
60
0
60
0
60
60
60
0
60
0
60
60
60
0
60
0
60
60
60
0
60
0
60
60
60
0
60
0
60
60
60
0
60
0
60
60
60
0
60
0
60
60
60
0
60
0
60
60
60
0
60
0
60
60
60
0
60
0
60
60
60
0
60
0
60
60
60
0
60
0
60
60
60
0
60
0
60
60
60
0
60
0
60
60
60
0
60
0
60
60
60
0
60
0
60
60
60
0
60
0
60
60
60
0
60
0
60
60
60
0
60
0
60
60
60
0
60
0
60
60
60
0
60
0
60
60
60
0
60
0
60
60
60
0
60
0
60
60
60
0
60
0
60
60
60
0
60
0
60
60
60
0
60
0
60
60
60
0
60
0
60
60
60
0
60
0
60
60
60
0
60
0
60
60
60
0
60
0
60
40
