9
6 2 2 1 5 3 2 2
12
98
2190
11803,99
carsInLane
6 2 2 1 5 3 2 2
6 4 4 2 5 6 4 4
6 6 6 3 5 9 6 6
12 2 8 4 10 3 8 8
6 4 10 5 5 6 10 10
12 6 2 6 10 9 2 12
6 8 4 7 5 12 4 14
12 10 6 1 10 15 6 4
18 2 8 2 15 6 8 6
12 4 10 3 8 9 10 8
6 6 12 4 5 12 12 10
12 8 2 5 10 15 2 12
18 10 4 6 5 6 4 14
12 2 6 7 10 9 6 16
18 4 8 1 15 12 8 6
12 6 10 2 8 15 10 8
18 8 12 3 5 6 12 10
12 2 14 4 10 9 14 12
18 4 4 5 15 12 4 14
12 6 6 6 8 15 6 16
18 8 8 7 5 6 8 18
12 2 10 8 10 9 10 20
18 4 12 9 15 12 2 10
12 6 14 10 8 15 4 12
18 8 4 1 13 18 6 14
12 10 6 2 6 21 8 16
18 2 8 3 11 12 10 18
12 4 10 4 5 15 12 20
18 6 12 5 10 18 2 10
12 8 14 6 5 21 4 12
18 2 16 7 10 12 6 14
12 4 18 8 5 15 8 16
18 6 8 9 10 18 2 18
12 8 10 10 5 21 4 20
18 10 12 1 10 24 6 10
24 2 14 2 15 15 8 12
18 4 16 3 8 18 10 14
12 6 18 4 5 21 12 16
18 8 8 5 10 24 2 18
24 10 10 6 5 15 4 20
18 2 12 7 10 18 6 22
24 4 14 1 15 21 8 12
18 6 16 2 8 24 10 14
24 8 18 3 5 15 12 16
18 2 20 4 10 18 14 18
24 4 10 5 15 21 4 20
18 6 12 6 8 24 6 22
24 8 14 7 5 15 8 24
18 2 16 8 10 18 10 26
24 4 18 9 15 21 2 16
18 6 20 10 8 24 4 18
24 8 10 1 13 27 6 20
30 10 12 2 6 18 8 22
24 2 14 3 11 21 10 24
18 4 16 4 5 24 12 26
24 6 18 5 10 27 2 16
30 8 20 6 5 18 4 18
24 2 22 7 10 21 6 20
18 4 24 8 5 24 8 22
24 6 14 9 10 27 2 24
30 8 16 10 5 18 4 26
36 10 18 1 10 21 6 16
30 12 20 2 5 24 8 18
24 2 22 3 10 27 10 20
30 4 24 4 5 18 12 22
36 6 14 5 10 21 2 24
30 8 16 6 5 24 4 26
24 2 18 7 10 27 6 28
30 4 20 8 5 18 8 30
36 6 22 1 10 21 10 20
30 8 24 2 5 24 12 22
24 2 26 3 10 27 14 24
30 4 16 4 15 30 4 26
24 6 18 5 8 33 6 28
30 8 20 6 5 24 8 30
24 2 22 7 10 27 10 32
30 4 24 8 15 30 2 22
24 6 26 9 8 33 4 24
30 8 28 10 5 24 6 26
36 10 18 1 10 27 8 28
30 12 20 2 5 30 10 30
36 2 22 3 10 21 12 32
30 4 24 4 5 24 14 34
36 6 26 5 10 27 4 24
30 8 28 6 5 30 6 26
36 2 30 7 10 21 8 28
30 4 32 8 5 24 10 30
36 6 22 9 10 27 2 32
30 8 24 10 5 30 4 34
36 10 26 1 10 33 6 24
30 12 28 2 5 36 8 26
36 2 30 3 10 27 10 28
30 4 32 4 5 30 12 30
36 6 22 5 10 33 2 32
30 8 24 6 5 36 4 34
36 2 26 7 10 27 6 36
30 4 28 8 5 30 8 38
36 6 30 1 10 33 10 28
30 8 32 2 5 36 12 30
36 2 34 3 10 27 14 32
42 4 24 4 15 30 4 34
*
waitingTimeCarsGone
333
29
407
313
25
200
243
182
17
77
77
6
66
55
2
37
37
24
0
18
16
0
14
8
2
0
2
*
waitingTimeCarsLeft
0
21
0
18
14
0
14
13
7
0
7
7
0
7
7
0
4
4
2
0
2
2
0
2
2
