10
1 1 6 1 6 1 1 7
15
101
1866
28574
carsInLane
1 1 6 1 6 1 1 7
2 2 12 1 12 2 2 7
1 3 18 2 6 3 3 14
2 4 9 3 12 4 1 21
3 5 15 1 18 5 2 13
4 6 21 2 9 1 3 20
5 7 12 3 15 2 1 27
6 8 18 1 21 3 2 19
1 9 24 2 12 4 3 26
2 10 30 3 18 5 1 18
3 11 21 1 24 6 2 25
4 1 27 2 30 1 3 32
5 2 33 3 36 2 1 24
1 3 39 4 27 3 2 31
2 4 30 1 33 4 3 38
3 5 36 2 39 5 1 30
4 6 42 3 30 1 2 37
5 7 33 1 36 2 3 44
6 8 39 2 42 3 1 36
1 9 45 3 33 4 2 43
2 10 36 1 39 5 3 50
3 11 42 2 45 6 1 42
4 1 48 3 51 1 2 49
1 2 54 4 42 2 3 56
2 3 60 1 48 3 4 48
3 4 51 2 54 4 1 55
4 5 57 3 45 1 2 62
5 6 63 1 51 2 3 54
6 7 54 2 57 3 1 61
1 8 60 3 48 4 2 68
2 9 66 1 54 5 3 60
3 10 57 2 60 6 1 67
4 11 63 1 66 7 2 59
5 1 69 2 72 1 3 66
1 2 75 3 63 2 4 73
2 3 66 4 69 3 1 80
3 4 72 1 75 4 2 72
4 5 78 2 66 1 3 79
5 6 84 3 72 2 1 71
6 7 75 1 78 3 2 78
1 8 81 2 69 4 3 85
2 9 87 3 75 5 1 77
3 10 78 1 81 6 2 84
4 11 84 2 72 1 3 91
1 1 90 3 78 2 4 98
2 2 96 4 84 3 1 90
3 3 87 1 90 4 2 97
4 4 93 2 96 5 1 89
5 5 99 3 87 1 2 96
6 6 90 1 93 2 3 103
7 7 96 2 99 3 1 95
1 8 102 3 90 4 2 102
2 9 108 1 96 5 3 94
3 10 99 2 102 6 1 101
4 11 105 3 93 1 2 108
1 1 111 4 99 2 3 115
2 2 117 1 105 3 4 107
3 3 108 2 111 4 1 114
4 4 114 1 117 5 2 106
5 5 120 2 108 1 3 113
6 6 111 3 114 2 1 120
7 7 117 1 120 3 2 112
1 8 123 2 111 4 3 119
2 9 114 3 117 5 1 126
3 10 120 1 123 6 2 118
4 11 126 2 114 1 3 125
1 1 132 3 120 2 4 132
2 2 123 4 126 3 1 139
3 3 129 1 132 4 2 131
4 4 135 2 123 1 3 138
5 5 141 3 129 2 1 130
6 6 132 1 135 3 2 137
1 7 138 2 126 4 3 144
2 8 144 3 132 5 1 136
3 9 135 1 138 6 2 143
4 10 141 2 144 7 1 135
5 11 147 3 135 1 2 142
1 1 153 4 141 2 3 149
2 2 144 1 147 3 4 156
3 3 150 2 153 4 1 148
4 4 156 3 144 1 2 155
5 5 147 1 150 2 3 162
6 6 153 2 156 3 1 154
1 7 159 3 147 4 2 161
2 8 165 1 153 5 3 153
3 9 156 2 159 6 1 160
4 10 162 3 150 1 2 167
5 11 168 1 156 2 3 159
1 1 174 2 162 3 4 166
2 2 165 3 168 4 1 173
3 3 171 1 174 5 2 165
4 4 177 2 165 1 3 172
5 5 168 3 171 2 1 179
6 6 174 1 177 3 2 171
1 7 180 2 168 4 3 178
2 8 171 3 174 5 1 185
3 9 177 1 180 6 2 177
4 10 183 2 171 1 3 184
5 11 189 3 177 2 1 176
1 1 195 4 183 3 2 183
2 2 186 1 189 4 3 190
*
waitingTimeCarsGone
130
0
151
156
99
0
84
81
64
0
55
59
53
0
60
48
52
0
48
50
55
0
37
37
59
0
61
38
53
0
47
51
53
0
48
20
33
0
36
24
12
0
9
3
*
waitingTimeCarsLeft
0
23
0
22
20
19
0
19
19
19
0
19
19
19
0
19
19
19
0
19
19
19
0
19
19
19
0
19
19
19
0
19
19
19
0
19
19
13
0
12
6
6
