6
2 1 5 3 2 5 2 4
15
101
2263
12246.33
carsInLane
2 1 5 3 2 5 2 4
4 2 5 3 4 10 4 8
6 3 10 6 2 5 6 12
8 4 15 3 4 10 8 4
10 5 5 6 6 15 2 8
12 6 10 9 2 5 4 12
14 7 15 3 4 10 6 4
2 1 20 6 6 15 8 8
4 2 10 9 8 20 2 12
6 3 15 12 2 10 4 16
8 4 20 3 4 15 6 5
10 5 10 6 6 20 2 9
12 6 15 9 2 10 4 13
14 7 5 3 4 15 6 17
2 1 10 6 6 20 8 21
4 2 15 9 8 25 2 10
6 3 20 12 2 15 4 14
8 4 10 3 4 20 6 18
10 1 15 6 6 10 8 22
12 2 20 9 8 15 2 11
14 3 10 3 10 20 4 15
2 4 15 6 2 25 6 19
4 1 20 9 4 15 8 23
6 2 25 3 6 20 10 12
8 3 15 6 8 25 2 16
10 4 20 9 2 15 4 20
12 5 25 3 4 20 6 9
14 6 15 6 6 25 2 13
2 1 20 9 8 30 4 17
4 2 25 12 2 20 6 21
6 3 15 3 4 25 8 25
8 4 20 6 6 30 2 14
10 5 25 9 2 20 4 18
12 6 15 3 4 25 6 22
14 1 20 6 6 15 8 26
2 2 25 9 2 20 10 30
4 3 30 12 4 25 2 19
6 4 20 3 6 30 4 23
8 5 25 6 2 20 6 27
10 6 30 3 4 25 8 16
12 7 20 6 6 30 2 20
2 1 25 9 8 35 4 24
4 2 30 12 2 25 6 28
6 3 20 3 4 30 8 32
8 4 25 6 6 35 2 21
10 5 30 9 2 25 4 25
12 6 20 3 4 30 6 29
14 1 25 6 6 20 8 33
2 2 30 9 2 25 10 37
4 3 35 12 4 30 2 26
6 4 25 3 6 35 4 30
8 5 30 6 2 25 6 34
10 6 35 3 4 30 8 23
12 7 25 6 6 35 2 27
2 1 30 9 8 40 4 31
4 2 35 12 2 30 6 35
6 3 40 3 4 35 8 24
8 4 30 6 6 40 2 28
10 5 35 9 2 30 4 32
12 6 25 3 4 35 6 36
14 7 30 6 6 40 2 25
2 1 35 9 8 45 4 29
4 2 40 12 2 35 6 33
6 3 30 3 4 40 8 37
8 4 35 6 6 45 2 26
10 5 40 9 2 35 4 30
12 6 30 3 4 40 6 34
14 1 35 6 6 30 8 38
2 2 40 9 2 35 10 42
4 3 45 12 4 40 2 31
6 4 35 3 6 45 4 35
8 5 40 6 2 35 6 39
10 6 30 9 4 40 2 43
12 7 35 3 6 45 4 32
2 1 40 6 8 50 6 36
4 2 45 9 2 40 8 40
6 3 35 3 4 45 10 44
8 4 40 6 6 50 2 33
10 5 45 9 2 40 4 37
12 6 35 3 4 45 6 41
14 1 40 6 6 35 8 45
2 2 45 9 2 40 10 49
4 3 50 12 4 45 2 38
6 4 40 3 6 50 4 42
8 5 45 6 2 40 6 46
10 6 50 3 4 45 8 35
12 7 40 6 6 50 2 39
2 1 45 9 8 55 4 43
4 2 50 12 2 45 6 47
6 3 40 3 4 50 8 51
8 4 45 6 6 55 2 40
10 5 50 9 2 45 4 44
12 6 40 3 4 50 6 48
14 1 45 6 6 40 8 52
2 2 50 9 2 45 10 56
4 3 55 12 4 50 2 45
6 4 45 3 6 55 4 49
8 5 50 6 2 45 6 53
10 6 55 3 4 50 8 42
12 7 45 6 6 55 2 46
2 1 50 9 8 60 4 50
*
waitingTimeCarsGone
283
0
317
347
288
0
202
186
161
0
148
135
98
0
58
23
12
0
5
*
waitingTimeCarsLeft
0
22
0
19
17
14
0
14
14
14
0
14
14
9
0
4
4
2
