3
2 1 5 3 2 5 2 4
15
101
2117
18345.66
carsInLane
2 1 5 3 2 5 2 4
4 2 5 3 4 10 4 8
6 3 10 6 2 5 6 12
8 4 15 3 4 10 8 4
2 1 20 6 6 15 10 8
4 2 10 9 8 20 2 12
6 3 15 12 2 10 4 16
8 4 20 3 4 15 6 5
2 1 25 6 6 20 8 9
4 2 15 9 8 25 2 13
6 3 20 12 2 15 4 17
8 4 25 3 4 20 6 6
2 1 30 6 6 25 8 10
4 2 20 9 8 30 2 14
6 3 25 12 2 20 4 18
8 4 30 3 4 25 6 7
2 1 35 6 6 30 8 11
4 2 25 9 8 35 2 15
6 3 30 12 2 25 4 19
8 4 35 3 4 30 6 8
2 1 40 6 6 35 8 12
4 2 30 9 8 40 2 16
6 3 35 12 2 30 4 20
8 4 40 3 4 35 6 9
2 1 45 6 6 40 8 13
4 2 35 9 8 45 2 17
6 3 40 12 2 35 4 21
8 4 45 3 4 40 6 10
2 1 50 6 6 45 8 14
4 2 40 9 8 50 2 18
6 3 45 12 2 40 4 22
8 4 50 3 4 45 6 11
2 1 55 6 6 50 8 15
4 2 45 9 8 55 2 19
6 3 50 12 2 45 4 23
8 4 55 3 4 50 6 12
2 1 60 6 6 55 8 16
4 2 50 9 8 60 2 20
6 3 55 12 2 50 4 24
8 4 60 3 4 55 6 13
2 1 65 6 6 60 8 17
4 2 55 9 8 65 2 21
6 3 60 12 2 55 4 25
8 4 65 3 4 60 6 14
2 1 70 6 6 65 8 18
4 2 60 9 8 70 2 22
6 3 65 12 2 60 4 26
8 4 70 3 4 65 6 15
2 1 75 6 6 70 8 19
4 2 65 9 8 75 2 23
6 3 70 12 2 65 4 27
8 4 75 3 4 70 6 16
2 1 80 6 6 75 8 20
4 2 70 9 8 80 2 24
6 3 75 12 2 70 4 28
8 4 80 3 4 75 6 17
2 1 85 6 6 80 8 21
4 2 75 9 8 85 2 25
6 3 80 12 2 75 4 29
8 4 85 3 4 80 6 18
2 1 90 6 6 85 8 22
4 2 80 9 8 90 2 26
6 3 85 12 2 80 4 30
8 4 90 3 4 85 6 19
2 1 95 6 6 90 8 23
4 2 85 9 8 95 2 27
6 3 90 12 2 85 4 31
8 4 95 3 4 90 6 20
2 1 100 6 6 95 8 24
4 2 90 9 8 100 2 28
6 3 95 12 2 90 4 32
8 4 100 3 4 95 6 21
2 1 105 6 6 100 8 25
4 2 95 9 8 105 2 29
6 3 100 12 2 95 4 33
8 4 105 3 4 100 6 22
2 1 110 6 6 105 8 26
4 2 100 9 8 110 2 30
6 3 105 12 2 100 4 34
8 4 110 3 4 105 6 23
2 1 115 6 6 110 8 27
4 2 105 9 8 115 2 31
6 3 110 12 2 105 4 35
8 4 115 3 4 110 6 24
2 1 120 6 6 115 8 28
4 2 110 9 8 120 2 32
6 3 115 12 2 110 4 36
8 4 120 3 4 115 6 25
2 1 125 6 6 120 8 29
4 2 115 9 8 125 2 33
6 3 120 12 2 115 4 37
8 4 125 3 4 120 6 26
2 1 130 6 6 125 8 30
4 2 120 9 8 130 2 34
6 3 125 12 2 120 4 38
8 4 130 3 4 125 6 27
2 1 135 6 6 130 8 31
4 2 125 9 8 135 2 35
6 3 130 12 2 125 4 39
8 4 135 3 4 130 6 28
2 1 140 6 6 135 8 32
*
waitingTimeCarsGone
273
0
291
307
329
0
92
90
84
0
68
52
36
0
30
30
30
0
30
30
30
0
30
30
30
0
30
30
30
0
30
30
30
0
25
15
5
*
waitingTimeCarsLeft
0
22
0
19
16
14
0
14
14
14
0
14
10
10
0
10
10
10
0
10
10
10
0
10
10
10
0
10
10
10
0
10
10
10
0
5
5
