7
9 9 1 1 1 1 1 1
15
49
2382
5648.671
carsInLane
9 9 1 1 1 1 1 1
9 9 2 2 2 2 2 2
9 9 3 3 3 3 3 3
9 9 4 4 4 4 4 4
9 9 5 5 5 5 5 5
9 9 6 6 6 6 6 6
9 9 7 7 7 7 7 7
9 9 8 8 8 8 8 8
18 18 1 9 9 9 1 9
27 27 2 1 10 10 2 1
36 36 3 2 1 1 3 2
30 30 4 3 2 2 4 3
24 24 5 4 3 3 5 4
18 18 6 5 4 4 6 5
12 12 7 6 5 5 7 6
9 9 8 7 6 6 8 7
18 18 1 8 7 7 1 8
27 27 2 1 8 8 2 1
36 36 3 2 1 1 3 2
30 30 4 3 2 2 4 3
24 24 5 4 3 3 5 4
18 18 6 5 4 4 6 5
12 12 7 6 5 5 7 6
9 9 8 7 6 6 8 7
18 18 1 8 7 7 1 8
27 27 2 1 8 8 2 1
36 36 3 2 1 1 3 2
30 30 4 3 2 2 4 3
24 24 5 4 3 3 5 4
18 18 6 5 4 4 6 5
12 12 7 6 5 5 7 6
9 9 8 7 6 6 8 7
18 18 1 8 7 7 1 8
27 27 2 1 8 8 2 1
36 36 3 2 1 1 3 2
30 30 4 3 2 2 4 3
24 24 5 4 3 3 5 4
18 18 6 5 4 4 6 5
12 12 7 6 5 5 7 6
9 9 8 7 6 6 8 7
18 18 1 8 7 7 1 8
27 27 2 1 8 8 2 1
36 36 3 2 1 1 3 2
30 30 4 3 2 2 4 3
24 24 5 4 3 3 5 4
18 18 6 5 4 4 6 5
12 12 7 6 5 5 7 6
9 9 8 7 6 6 8 7
18 18 1 8 7 7 1 8
27 27 2 1 8 8 2 1
36 36 3 2 1 1 3 2
30 30 4 3 2 2 4 3
24 24 5 4 3 3 5 4
18 18 6 5 4 4 6 5
12 12 7 6 5 5 7 6
9 9 8 7 6 6 8 7
18 18 1 8 7 7 1 8
27 27 2 1 8 8 2 1
36 36 3 2 1 1 3 2
30 30 4 3 2 2 4 3
24 24 5 4 3 3 5 4
18 18 6 5 4 4 6 5
12 12 7 6 5 5 7 6
9 9 8 7 6 6 8 7
18 18 1 8 7 7 1 8
27 27 2 1 8 8 2 1
36 36 3 2 1 1 3 2
30 30 4 3 2 2 4 3
24 24 5 4 3 3 5 4
18 18 6 5 4 4 6 5
12 12 7 6 5 5 7 6
9 9 8 7 6 6 8 7
18 18 1 8 7 7 1 8
27 27 2 1 8 8 2 1
36 36 3 2 1 1 3 2
30 30 4 3 2 2 4 3
24 24 5 4 3 3 5 4
18 18 6 5 4 4 6 5
12 12 7 6 5 5 7 6
9 9 8 7 6 6 8 7
18 18 1 8 7 7 1 8
27 27 2 1 8 8 2 1
36 36 3 2 1 1 3 2
30 30 4 3 2 2 4 3
24 24 5 4 3 3 5 4
18 18 6 5 4 4 6 5
12 12 7 6 5 5 7 6
9 9 8 7 6 6 8 7
18 18 1 8 7 7 1 8
27 27 2 1 8 8 2 1
36 36 3 2 1 1 3 2
30 30 4 3 2 2 4 3
24 24 5 4 3 3 5 4
18 18 6 5 4 4 6 5
12 12 7 6 5 5 7 6
9 9 8 7 6 6 8 7
18 18 1 8 7 7 1 8
27 27 2 1 8 8 2 1
36 36 3 2 1 1 3 2
30 30 4 3 2 2 4 3
24 24 5 4 3 3 5 4
*
waitingTimeCarsGone
528
576
216
432
360
50
72
70
72
4
2
*
waitingTimeCarsLeft
0
24
6
6
0
4
2
