4
2 1 5 3 2 5 2 4
15
101
2194
15733.99
carsInLane
2 1 5 3 2 5 2 4
4 2 5 3 4 10 4 8
6 3 10 6 2 5 6 12
8 4 15 3 4 10 8 4
10 5 5 6 6 15 2 8
2 1 10 9 8 20 4 12
4 2 15 12 2 10 6 16
6 3 20 3 4 15 8 5
8 4 10 6 6 20 2 9
10 5 15 9 2 10 4 13
2 1 20 12 4 15 6 17
4 2 10 3 6 20 8 21
6 3 15 6 8 25 2 10
8 4 20 9 2 15 4 14
10 5 10 3 4 20 6 18
2 1 15 6 6 25 8 22
4 2 20 9 2 15 10 26
6 3 25 12 4 20 2 15
8 4 15 3 6 25 4 19
10 5 20 6 2 15 6 23
2 1 25 9 4 20 8 27
4 2 30 3 6 25 10 16
6 3 20 6 8 30 2 20
8 4 25 9 2 20 4 24
10 5 15 3 4 25 6 28
2 1 20 6 6 30 8 32
4 2 25 9 8 35 2 21
6 3 30 12 2 25 4 25
8 4 20 3 4 30 6 29
10 5 25 6 6 35 2 18
2 1 30 9 8 40 4 22
4 2 35 12 2 30 6 26
6 3 25 3 4 35 8 30
8 4 30 6 2 25 10 34
10 5 35 9 4 30 2 23
2 1 40 12 6 35 4 27
4 2 30 3 8 40 6 31
6 3 35 6 2 30 8 35
8 4 25 9 4 35 2 39
10 5 30 3 6 40 4 28
2 1 35 6 8 45 6 32
4 2 40 9 2 35 8 36
6 3 30 3 4 40 10 40
8 4 35 6 6 45 2 29
10 5 40 9 2 35 4 33
2 1 45 12 4 40 6 37
4 2 35 3 6 45 8 41
6 3 40 6 2 35 10 45
8 4 45 9 4 40 2 34
10 5 35 3 6 45 4 38
2 1 40 6 8 50 6 42
4 2 45 9 2 40 8 46
6 3 50 3 4 45 10 35
8 4 40 6 6 50 2 39
10 5 45 9 2 40 4 43
2 1 50 12 4 45 6 47
4 2 40 3 6 50 8 51
6 3 45 6 8 55 2 40
8 4 50 9 2 45 4 44
10 5 40 3 4 50 6 48
2 1 45 6 6 55 8 52
4 2 50 9 2 45 10 56
6 3 55 12 4 50 2 45
8 4 45 3 6 55 4 49
10 5 50 6 2 45 6 53
2 1 55 9 4 50 8 57
4 2 60 3 6 55 10 46
6 3 50 6 8 60 2 50
8 4 55 9 2 50 4 54
10 5 45 3 4 55 6 58
2 1 50 6 6 60 8 62
4 2 55 9 8 65 2 51
6 3 60 12 2 55 4 55
8 4 50 3 4 60 6 59
10 5 55 6 6 65 2 48
2 1 60 9 8 70 4 52
4 2 65 12 2 60 6 56
6 3 55 3 4 65 8 60
8 4 60 6 2 55 10 64
10 5 65 9 4 60 2 53
2 1 70 12 6 65 4 57
4 2 60 3 8 70 6 61
6 3 65 6 2 60 8 65
8 4 55 9 4 65 2 69
10 5 60 3 6 70 4 58
2 1 65 6 8 75 6 62
4 2 70 9 2 65 8 66
6 3 60 3 4 70 10 70
8 4 65 6 6 75 2 59
10 5 70 9 2 65 4 63
2 1 75 12 4 70 6 67
4 2 65 3 6 75 8 71
6 3 70 6 2 65 10 75
8 4 75 9 4 70 2 64
10 5 65 3 6 75 4 68
2 1 70 6 8 80 6 72
4 2 75 9 2 70 8 76
6 3 80 3 4 75 10 65
8 4 70 6 6 80 2 69
10 5 75 9 2 70 4 73
2 1 80 12 4 75 6 77
*
waitingTimeCarsGone
274
0
294
308
255
0
164
76
89
0
90
93
84
0
77
75
87
0
88
65
41
0
16
11
7
*
waitingTimeCarsLeft
0
21
0
18
16
14
0
14
14
14
0
14
14
14
0
14
14
14
0
9
9
4
0
4
4
4
0
1
