9
6 2 2 1 5 3 2 2
10
92
1974
22125,5
carsInLane
6 2 2 1 5 3 2 2
6 4 4 2 5 6 4 4
6 6 6 3 5 9 6 6
12 2 8 4 10 3 8 8
8 4 10 5 5 6 10 10
14 6 2 6 10 9 2 12
10 8 4 7 5 12 4 14
16 10 6 1 10 15 6 6
12 12 8 2 5 18 8 8
18 4 10 3 10 11 10 10
14 6 12 4 5 14 12 12
20 8 4 5 10 17 4 14
16 10 6 6 5 20 6 16
22 2 8 7 10 13 8 18
18 4 10 8 5 16 10 20
24 6 12 9 10 19 2 12
20 8 14 10 5 22 4 14
26 10 6 1 10 25 6 16
22 12 8 2 5 28 8 18
28 4 10 3 10 21 10 20
24 6 12 4 5 24 12 22
30 8 14 5 10 27 4 14
26 10 16 6 5 30 6 16
32 2 18 7 10 23 8 18
28 4 20 8 5 26 10 20
24 6 22 9 5 29 12 22
30 2 24 10 10 22 14 24
36 4 16 1 15 25 16 26
32 6 18 2 10 28 18 28
38 8 20 3 15 31 10 20
34 10 22 4 10 34 12 22
30 12 24 5 5 37 14 24
36 4 26 6 10 30 16 26
32 6 28 7 5 33 18 28
38 8 20 8 10 36 10 30
34 10 22 9 5 39 12 32
40 2 24 10 10 32 14 34
46 4 16 1 15 35 16 36
42 6 18 2 10 38 18 38
48 8 20 3 15 41 10 30
44 10 22 4 10 44 12 32
40 12 24 5 5 47 14 34
46 4 26 6 10 40 16 36
42 6 28 7 5 43 18 38
48 8 30 8 10 46 10 30
44 10 32 9 5 49 12 32
50 2 34 10 10 42 14 34
56 4 26 1 15 45 16 36
52 6 28 2 10 48 18 38
48 8 30 3 5 51 20 40
54 10 32 4 10 54 12 32
50 12 34 5 5 57 14 34
56 4 36 6 10 50 16 36
52 6 38 7 5 53 18 38
58 2 40 8 10 46 20 40
54 4 42 9 5 49 22 42
60 6 34 10 10 52 14 44
66 8 36 1 15 55 16 36
62 10 38 2 10 58 18 38
58 12 40 3 5 61 20 40
64 4 42 4 10 54 22 42
60 6 44 5 5 57 24 44
66 8 36 6 10 60 16 46
62 10 38 7 5 63 18 48
68 2 40 8 10 56 20 50
64 4 42 9 5 59 22 52
70 6 44 10 10 62 14 44
76 8 36 1 15 65 16 46
72 10 38 2 10 68 18 48
68 12 40 3 5 71 20 50
74 4 42 4 10 64 22 52
70 6 44 5 5 67 24 54
76 8 46 6 10 70 16 46
72 10 48 7 5 73 18 48
78 2 50 8 10 66 20 50
74 4 52 9 5 69 22 52
70 6 54 10 5 72 24 54
76 8 46 1 10 75 26 56
72 10 48 2 5 78 28 58
78 2 50 3 10 71 30 60
84 4 52 4 15 74 22 52
80 6 54 5 10 77 24 54
76 8 56 6 5 80 26 56
82 2 58 7 10 73 28 58
78 4 60 8 5 76 30 60
84 6 52 9 10 79 22 62
80 8 54 10 5 82 24 64
86 10 56 1 10 85 26 56
82 12 58 2 5 88 28 58
88 4 60 3 10 81 30 60
84 6 62 4 5 84 32 62
90 8 54 5 10 87 24 64
86 10 56 6 5 90 26 66
92 2 58 7 10 83 28 68
88 4 60 8 5 86 30 70
94 6 62 9 10 89 22 62
90 8 64 10 5 92 24 64
96 10 56 1 10 95 26 66
92 12 58 2 5 98 28 68
98 4 60 3 10 91 30 70
94 6 62 4 5 94 32 72

waitingTimeCarsGone
281
0
331
19
149
77
114
0
88
38
90
22
74
8
78
43
72
4
68
31
44
27
33
14
19
21
25
0
16
1
18
9
13
0
19
7
19
0
16
2
18
12
14
2
11
2
9
6
4
0
4
0
2

waitingTimeCarsLeft
0
0
23
18
18
0
16
0
15
15
15
0
15
0
15
15
15
0
13
0
13
13
13
0
11
0
7
7
7
0
7
7
7
0
7
0
7
7
7
0
7
7
7
0
7
0
7
1
