5
2 1 5 3 2 5 2 4
15
101
2245
13533.67
carsInLane
2 1 5 3 2 5 2 4
4 2 5 3 4 10 4 8
6 3 10 6 2 5 6 12
8 4 15 3 4 10 8 4
10 5 5 6 6 15 2 8
12 6 10 9 2 5 4 12
2 1 15 12 4 10 6 16
4 2 20 3 6 15 8 5
6 3 10 6 8 20 2 9
8 4 15 9 2 10 4 13
10 5 5 3 4 15 6 17
12 6 10 6 6 20 2 6
2 1 15 9 8 25 4 10
4 2 20 12 2 15 6 14
6 3 10 3 4 20 8 18
8 4 15 6 6 25 2 7
10 5 20 9 2 15 4 11
12 6 10 3 4 20 6 15
2 1 15 6 6 25 8 19
4 2 20 9 2 15 10 23
6 3 25 12 4 20 2 12
8 4 15 3 6 25 4 16
10 5 20 6 2 15 6 20
12 6 10 9 4 20 2 24
2 1 15 12 6 25 4 28
4 2 20 3 8 30 6 17
6 3 25 6 2 20 8 21
8 4 15 9 4 25 2 25
10 5 20 3 6 30 4 14
12 6 25 6 2 20 6 18
2 1 30 9 4 25 8 22
4 2 20 3 6 30 10 26
6 3 25 6 2 20 12 30
8 4 30 9 4 25 2 19
10 5 20 3 6 30 4 23
12 6 25 6 2 20 6 27
2 1 30 9 4 25 8 31
4 2 35 3 6 30 10 20
6 3 25 6 8 35 2 24
8 4 30 9 2 25 4 28
10 5 20 3 4 30 6 32
12 6 25 6 6 35 2 21
2 1 30 9 8 40 4 25
4 2 35 12 2 30 6 29
6 3 25 3 4 35 8 33
8 4 30 6 6 40 2 22
10 5 35 9 2 30 4 26
12 6 25 3 4 35 6 30
2 1 30 6 6 40 8 34
4 2 35 9 2 30 10 38
6 3 40 12 4 35 2 27
8 4 30 3 6 40 4 31
10 5 35 6 2 30 6 35
12 6 25 9 4 35 2 39
2 1 30 12 6 40 4 43
4 2 35 3 8 45 6 32
6 3 40 6 2 35 8 36
8 4 30 9 4 40 2 40
10 5 35 3 6 45 4 29
12 6 40 6 2 35 6 33
2 1 45 9 4 40 8 37
4 2 35 3 6 45 10 41
6 3 40 6 2 35 12 45
8 4 45 9 4 40 2 34
10 5 35 3 6 45 4 38
12 6 40 6 2 35 6 42
2 1 45 9 4 40 8 46
4 2 50 3 6 45 10 35
6 3 40 6 8 50 2 39
8 4 45 9 2 40 4 43
10 5 35 3 4 45 6 47
12 6 40 6 6 50 2 36
2 1 45 9 8 55 4 40
4 2 50 12 2 45 6 44
6 3 40 3 4 50 8 48
8 4 45 6 6 55 2 37
10 5 50 9 2 45 4 41
12 6 40 3 4 50 6 45
2 1 45 6 6 55 8 49
4 2 50 9 2 45 10 53
6 3 55 12 4 50 2 42
8 4 45 3 6 55 4 46
10 5 50 6 2 45 6 50
12 6 40 9 4 50 2 54
2 1 45 12 6 55 4 58
4 2 50 3 8 60 6 47
6 3 55 6 2 50 8 51
8 4 45 9 4 55 2 55
10 5 50 3 6 60 4 44
12 6 55 6 2 50 6 48
2 1 60 9 4 55 8 52
4 2 50 3 6 60 10 56
6 3 55 6 2 50 12 60
8 4 60 9 4 55 2 49
10 5 50 3 6 60 4 53
12 6 55 6 2 50 6 57
2 1 60 9 4 55 8 61
4 2 65 3 6 60 10 50
6 3 55 6 8 65 2 54
8 4 60 9 2 55 4 58
10 5 50 3 4 60 6 62
*
waitingTimeCarsGone
284
0
307
333
246
0
184
172
118
0
118
118
118
0
103
73
34
0
20
14
3
*
waitingTimeCarsLeft
0
22
0
19
17
17
0
17
14
14
0
14
14
14
0
9
8
