6
1 1 6 1 6 1 1 7
15
101
1790
30428.68
carsInLane
1 1 6 1 6 1 1 7
2 2 12 1 12 2 2 7
1 3 18 2 6 3 3 14
2 4 9 3 12 4 1 21
3 5 15 1 18 5 2 13
4 6 21 2 9 1 3 20
5 7 12 3 15 2 1 27
1 1 18 4 21 3 2 34
2 2 24 1 27 4 3 26
3 3 30 2 18 1 4 33
4 4 36 3 24 2 1 25
5 5 27 1 30 3 2 32
1 6 33 2 21 4 3 39
2 7 39 3 27 5 1 31
3 1 45 4 33 1 2 38
4 2 36 1 39 2 3 45
5 3 42 2 45 3 1 37
1 4 48 3 36 4 2 44
2 5 39 1 42 5 3 51
3 6 45 2 48 6 1 43
4 7 51 3 39 1 2 50
1 1 57 4 45 2 3 57
2 2 63 1 51 3 4 49
3 3 54 2 57 4 1 56
4 4 60 3 48 1 2 63
5 5 66 1 54 2 3 55
6 6 57 2 60 3 1 62
1 7 63 3 51 4 2 69
2 1 69 4 57 1 3 76
3 2 75 1 63 2 4 68
4 3 66 2 69 3 1 75
5 4 72 1 75 4 2 67
1 5 78 2 66 5 3 74
2 6 69 3 72 6 1 81
3 7 75 1 78 7 2 73
4 1 81 2 84 1 3 80
1 2 87 3 75 2 4 87
2 3 78 4 81 3 1 94
3 4 84 1 87 4 2 86
4 5 90 2 78 1 3 93
5 6 96 3 84 2 1 85
6 7 87 1 90 3 2 92
1 1 93 2 96 4 3 99
2 2 99 3 102 5 1 91
3 3 105 4 93 1 2 98
4 4 96 1 99 2 3 105
5 5 102 2 105 3 1 97
1 6 108 3 96 4 2 104
2 7 99 1 102 5 3 111
3 1 105 2 108 1 4 118
4 2 111 3 114 2 1 110
1 3 117 4 105 3 2 117
2 4 123 1 111 4 3 109
3 5 114 2 117 5 1 116
4 6 120 3 108 1 2 123
5 7 126 1 114 2 3 115
1 1 132 2 120 3 4 122
2 2 123 3 126 4 1 129
3 3 129 1 132 5 2 121
4 4 135 2 123 1 3 128
5 5 126 3 129 2 1 135
6 6 132 1 135 3 2 127
1 7 138 2 126 4 3 134
2 1 144 3 132 1 4 141
3 2 135 4 138 2 1 148
4 3 141 1 144 3 2 140
1 4 147 2 135 4 3 147
2 5 138 3 141 5 1 154
3 6 144 1 147 6 2 146
4 7 150 2 138 1 3 153
1 1 156 3 144 2 4 160
2 2 162 4 150 3 1 152
3 3 153 1 156 4 2 159
4 4 159 2 162 5 1 151
5 5 165 3 153 1 2 158
6 6 156 1 159 2 3 165
7 7 162 2 165 3 1 157
1 1 168 3 171 4 2 164
2 2 174 4 162 1 3 171
3 3 165 1 168 2 4 178
4 4 171 2 174 3 1 170
1 5 177 3 165 4 2 177
2 6 183 1 171 5 3 169
3 7 174 2 177 6 1 176
4 1 180 3 183 1 2 183
1 2 186 4 174 2 3 190
2 3 192 1 180 3 4 182
3 4 183 2 186 4 1 189
4 5 189 1 192 5 2 181
5 6 195 2 183 1 3 188
6 7 186 3 189 2 1 195
1 1 192 4 195 3 2 202
2 2 198 1 201 4 3 194
3 3 204 2 192 1 4 201
4 4 195 3 198 2 1 208
5 5 201 1 204 3 2 200
1 6 207 2 195 4 3 207
2 7 198 3 201 5 1 214
3 1 204 4 207 1 2 221
4 2 210 1 213 2 3 213
1 3 216 2 204 3 4 220
*
waitingTimeCarsGone
135
0
145
149
115
0
77
64
58
0
43
34
39
0
42
36
52
0
40
28
45
0
50
41
28
0
25
46
56
0
48
39
27
0
37
46
32
0
40
32
38
0
37
27
27
0
9
3
*
waitingTimeCarsLeft
0
23
0
22
21
19
0
19
19
19
0
19
19
19
0
19
19
19
0
19
19
19
0
19
19
19
0
19
19
19
0
19
19
19
0
19
19
19
0
19
14
12
0
12
12
12
0
6
6
