1
2 1 5 3 2 5 2 4
15
101
2124
18489.33
carsInLane
2 1 5 3 2 5 2 4
4 2 5 3 4 10 4 8
2 3 10 6 2 15 6 12
4 1 15 9 4 5 8 16
6 2 20 12 6 10 2 5
8 3 10 3 8 15 4 9
2 4 15 6 2 20 6 13
4 1 20 9 4 10 8 17
6 2 25 12 6 15 2 6
8 3 15 3 8 20 4 10
2 4 20 6 2 25 6 14
4 1 25 9 4 15 8 18
6 2 30 12 6 20 2 7
8 3 20 3 8 25 4 11
2 4 25 6 2 30 6 15
4 1 30 9 4 20 8 19
6 2 35 12 6 25 2 8
8 3 25 3 8 30 4 12
2 4 30 6 2 35 6 16
4 1 35 9 4 25 8 20
6 2 40 12 6 30 2 9
8 3 30 3 8 35 4 13
2 4 35 6 2 40 6 17
4 1 40 9 4 30 8 21
6 2 45 12 6 35 2 10
8 3 35 3 8 40 4 14
2 4 40 6 2 45 6 18
4 1 45 9 4 35 8 22
6 2 50 12 6 40 2 11
8 3 40 3 8 45 4 15
2 4 45 6 2 50 6 19
4 1 50 9 4 40 8 23
6 2 55 12 6 45 2 12
8 3 45 3 8 50 4 16
2 4 50 6 2 55 6 20
4 1 55 9 4 45 8 24
6 2 60 12 6 50 2 13
8 3 50 3 8 55 4 17
2 4 55 6 2 60 6 21
4 1 60 9 4 50 8 25
6 2 65 12 6 55 2 14
8 3 55 3 8 60 4 18
2 4 60 6 2 65 6 22
4 1 65 9 4 55 8 26
6 2 70 12 6 60 2 15
8 3 60 3 8 65 4 19
2 4 65 6 2 70 6 23
4 1 70 9 4 60 8 27
6 2 75 12 6 65 2 16
8 3 65 3 8 70 4 20
2 4 70 6 2 75 6 24
4 1 75 9 4 65 8 28
6 2 80 12 6 70 2 17
8 3 70 3 8 75 4 21
2 4 75 6 2 80 6 25
4 1 80 9 4 70 8 29
6 2 85 12 6 75 2 18
8 3 75 3 8 80 4 22
2 4 80 6 2 85 6 26
4 1 85 9 4 75 8 30
6 2 90 12 6 80 2 19
8 3 80 3 8 85 4 23
2 4 85 6 2 90 6 27
4 1 90 9 4 80 8 31
6 2 95 12 6 85 2 20
8 3 85 3 8 90 4 24
2 4 90 6 2 95 6 28
4 1 95 9 4 85 8 32
6 2 100 12 6 90 2 21
8 3 90 3 8 95 4 25
2 4 95 6 2 100 6 29
4 1 100 9 4 90 8 33
6 2 105 12 6 95 2 22
8 3 95 3 8 100 4 26
2 4 100 6 2 105 6 30
4 1 105 9 4 95 8 34
6 2 110 12 6 100 2 23
8 3 100 3 8 105 4 27
2 4 105 6 2 110 6 31
4 1 110 9 4 100 8 35
6 2 115 12 6 105 2 24
8 3 105 3 8 110 4 28
2 4 110 6 2 115 6 32
4 1 115 9 4 105 8 36
6 2 120 12 6 110 2 25
8 3 110 3 8 115 4 29
2 4 115 6 2 120 6 33
4 1 120 9 4 110 8 37
6 2 125 12 6 115 2 26
8 3 115 3 8 120 4 30
2 4 120 6 2 125 6 34
4 1 125 9 4 115 8 38
6 2 130 12 6 120 2 27
8 3 120 3 8 125 4 31
2 4 125 6 2 130 6 35
4 1 130 9 4 120 8 39
6 2 135 12 6 125 2 28
8 3 125 3 8 130 4 32
2 4 130 6 2 135 6 36
4 1 135 9 4 125 8 40
6 2 140 12 6 130 2 29
*
waitingTimeCarsGone
269
0
287
309
329
0
90
90
87
0
72
56
40
0
30
30
30
0
30
30
30
0
30
30
30
0
30
30
30
0
30
30
30
0
25
15
5
*
waitingTimeCarsLeft
0
21
0
19
18
14
0
14
14
14
0
11
10
10
0
10
10
10
0
10
10
10
0
10
10
10
0
10
10
10
0
10
10
10
0
5
