10
7 3 7 3 1 1 1 1
15
101
2223
13986.32
carsInLane
7 3 7 3 1 1 1 1
7 3 14 6 2 2 2 2
14 6 7 3 3 3 3 3
7 3 14 6 4 4 4 4
14 6 7 3 5 5 5 5
7 3 14 6 6 6 6 6
14 6 7 9 7 7 1 7
7 9 14 12 1 8 2 8
14 12 7 3 2 9 3 9
7 3 14 6 3 10 4 10
14 6 7 3 4 11 5 11
21 9 14 6 5 12 1 1
28 12 21 9 1 1 2 2
20 3 28 12 2 2 3 3
27 6 20 3 3 3 4 4
19 3 27 6 4 4 5 5
26 6 19 3 5 5 6 6
18 3 26 6 6 6 7 7
25 6 18 9 7 7 1 8
17 9 25 12 1 8 2 9
24 12 17 3 2 9 3 10
16 3 24 6 3 10 4 11
23 6 31 9 4 11 1 1
30 9 38 12 1 1 2 2
37 12 30 3 2 2 3 3
29 3 37 6 3 3 4 4
36 6 29 3 4 4 5 5
28 3 36 6 5 5 6 6
35 6 28 9 6 6 1 7
27 9 35 12 1 7 2 8
34 12 27 3 2 8 3 9
26 3 34 6 3 9 4 10
33 6 26 3 4 10 5 11
40 9 33 6 5 11 1 1
47 12 40 9 1 1 2 2
39 3 47 12 2 2 3 3
46 6 39 3 3 3 4 4
38 3 46 6 4 4 5 5
45 6 38 3 5 5 6 6
37 3 45 6 6 6 7 7
44 6 37 9 7 7 1 8
36 9 44 12 1 8 2 9
43 12 36 3 2 9 3 10
35 3 43 6 3 10 4 11
42 6 50 9 4 11 1 1
49 9 57 12 1 1 2 2
56 12 49 3 2 2 3 3
48 3 56 6 3 3 4 4
55 6 48 3 4 4 5 5
47 3 55 6 5 5 6 6
54 6 47 9 6 6 1 7
46 9 54 12 1 7 2 8
53 12 46 3 2 8 3 9
45 3 53 6 3 9 4 10
52 6 45 3 4 10 5 11
59 9 52 6 5 11 1 1
66 12 59 9 1 1 2 2
58 3 66 12 2 2 3 3
65 6 58 3 3 3 4 4
57 3 65 6 4 4 5 5
64 6 57 3 5 5 6 6
56 3 64 6 6 6 7 7
63 6 56 9 7 7 1 8
55 9 63 12 1 8 2 9
62 12 55 3 2 9 3 10
54 3 62 6 3 10 4 11
61 6 69 9 4 11 1 1
68 9 76 12 1 1 2 2
75 12 68 3 2 2 3 3
67 3 75 6 3 3 4 4
74 6 67 3 4 4 5 5
66 3 74 6 5 5 6 6
73 6 66 9 6 6 1 7
65 9 73 12 1 7 2 8
72 12 65 3 2 8 3 9
64 3 72 6 3 9 4 10
71 6 64 3 4 10 5 11
78 9 71 6 5 11 1 1
85 12 78 9 1 1 2 2
77 3 85 12 2 2 3 3
84 6 77 3 3 3 4 4
76 3 84 6 4 4 5 5
83 6 76 3 5 5 6 6
75 3 83 6 6 6 7 7
82 6 75 9 7 7 1 8
74 9 82 12 1 8 2 9
81 12 74 3 2 9 3 10
73 3 81 6 3 10 4 11
80 6 88 9 4 11 1 1
87 9 95 12 1 1 2 2
94 12 87 3 2 2 3 3
86 3 94 6 3 3 4 4
93 6 86 3 4 4 5 5
85 3 93 6 5 5 6 6
92 6 85 9 6 6 1 7
84 9 92 12 1 7 2 8
91 12 84 3 2 8 3 9
83 3 91 6 3 9 4 10
90 6 83 3 4 10 5 11
97 9 90 6 5 11 1 1
104 12 97 9 1 1 2 2
*
waitingTimeCarsGone
319
0
334
228
265
0
150
128
123
0
126
119
109
0
117
109
67
0
23
6
*
waitingTimeCarsLeft
0
21
0
19
17
14
0
14
14
14
0
14
14
14
0
14
14
12
0
6
