9
7 3 7 3 1 1 1 1
15
101
2192
15002.67
carsInLane
7 3 7 3 1 1 1 1
7 3 14 6 2 2 2 2
14 6 7 3 3 3 3 3
7 3 14 6 4 4 4 4
14 6 7 3 5 5 5 5
7 3 14 6 6 6 6 6
14 6 7 9 7 7 1 7
7 9 14 12 1 8 2 8
14 12 7 3 2 9 3 9
7 3 14 6 3 10 4 10
14 6 21 9 4 11 1 1
21 9 28 12 1 1 2 2
28 12 20 3 2 2 3 3
20 3 27 6 3 3 4 4
27 6 19 3 4 4 5 5
19 3 26 6 5 5 6 6
26 6 18 9 6 6 1 7
18 9 25 12 1 7 2 8
25 12 17 3 2 8 3 9
17 3 24 6 3 9 4 10
24 6 31 9 4 10 1 1
31 9 38 12 1 1 2 2
38 12 30 3 2 2 3 3
30 3 37 6 3 3 4 4
37 6 29 3 4 4 5 5
29 3 36 6 5 5 6 6
36 6 28 9 6 6 1 7
28 9 35 12 1 7 2 8
35 12 27 3 2 8 3 9
27 3 34 6 3 9 4 10
34 6 41 9 4 10 1 1
41 9 48 12 1 1 2 2
48 12 40 3 2 2 3 3
40 3 47 6 3 3 4 4
47 6 39 3 4 4 5 5
39 3 46 6 5 5 6 6
46 6 38 9 6 6 1 7
38 9 45 12 1 7 2 8
45 12 37 3 2 8 3 9
37 3 44 6 3 9 4 10
44 6 51 9 4 10 1 1
51 9 58 12 1 1 2 2
58 12 50 3 2 2 3 3
50 3 57 6 3 3 4 4
57 6 49 3 4 4 5 5
49 3 56 6 5 5 6 6
56 6 48 9 6 6 1 7
48 9 55 12 1 7 2 8
55 12 47 3 2 8 3 9
47 3 54 6 3 9 4 10
54 6 61 9 4 10 1 1
61 9 68 12 1 1 2 2
68 12 60 3 2 2 3 3
60 3 67 6 3 3 4 4
67 6 59 3 4 4 5 5
59 3 66 6 5 5 6 6
66 6 58 9 6 6 1 7
58 9 65 12 1 7 2 8
65 12 57 3 2 8 3 9
57 3 64 6 3 9 4 10
64 6 71 9 4 10 1 1
71 9 78 12 1 1 2 2
78 12 70 3 2 2 3 3
70 3 77 6 3 3 4 4
77 6 69 3 4 4 5 5
69 3 76 6 5 5 6 6
76 6 68 9 6 6 1 7
68 9 75 12 1 7 2 8
75 12 67 3 2 8 3 9
67 3 74 6 3 9 4 10
74 6 81 9 4 10 1 1
81 9 88 12 1 1 2 2
88 12 80 3 2 2 3 3
80 3 87 6 3 3 4 4
87 6 79 3 4 4 5 5
79 3 86 6 5 5 6 6
86 6 78 9 6 6 1 7
78 9 85 12 1 7 2 8
85 12 77 3 2 8 3 9
77 3 84 6 3 9 4 10
84 6 91 9 4 10 1 1
91 9 98 12 1 1 2 2
98 12 90 3 2 2 3 3
90 3 97 6 3 3 4 4
97 6 89 3 4 4 5 5
89 3 96 6 5 5 6 6
96 6 88 9 6 6 1 7
88 9 95 12 1 7 2 8
95 12 87 3 2 8 3 9
87 3 94 6 3 9 4 10
94 6 101 9 4 10 1 1
101 9 108 12 1 1 2 2
108 12 100 3 2 2 3 3
100 3 107 6 3 3 4 4
107 6 99 3 4 4 5 5
99 3 106 6 5 5 6 6
106 6 98 9 6 6 1 7
98 9 105 12 1 7 2 8
105 12 97 3 2 8 3 9
97 3 104 6 3 9 4 10
104 6 111 9 4 10 1 1
*
waitingTimeCarsGone
306
0
316
232
268
0
124
114
111
0
110
94
104
0
95
78
78
0
94
56
12
*
waitingTimeCarsLeft
0
22
0
20
17
14
0
14
14
14
0
14
14
14
0
14
14
14
0
14
13
6
