3
7 3 7 3 1 1 1 1
15
101
1748
25404.02
carsInLane
7 3 7 3 1 1 1 1
7 3 14 6 2 2 2 2
14 6 7 3 3 3 3 3
7 3 14 6 4 4 4 4
14 6 21 9 1 1 5 5
21 9 28 12 2 2 1 1
28 12 20 3 3 3 2 2
20 3 27 6 4 4 3 3
27 6 34 9 1 1 4 4
34 9 41 12 2 2 1 1
41 12 33 3 3 3 2 2
33 3 40 6 4 4 3 3
40 6 47 9 1 1 4 4
47 9 54 12 2 2 1 1
54 12 46 3 3 3 2 2
46 3 53 6 4 4 3 3
53 6 60 9 1 1 4 4
60 9 67 12 2 2 1 1
67 12 59 3 3 3 2 2
59 3 66 6 4 4 3 3
66 6 73 9 1 1 4 4
73 9 80 12 2 2 1 1
80 12 72 3 3 3 2 2
72 3 79 6 4 4 3 3
79 6 86 9 1 1 4 4
86 9 93 12 2 2 1 1
93 12 85 3 3 3 2 2
85 3 92 6 4 4 3 3
92 6 99 9 1 1 4 4
99 9 106 12 2 2 1 1
106 12 98 3 3 3 2 2
98 3 105 6 4 4 3 3
105 6 112 9 1 1 4 4
112 9 119 12 2 2 1 1
119 12 111 3 3 3 2 2
111 3 118 6 4 4 3 3
118 6 125 9 1 1 4 4
125 9 132 12 2 2 1 1
132 12 124 3 3 3 2 2
124 3 131 6 4 4 3 3
131 6 138 9 1 1 4 4
138 9 145 12 2 2 1 1
145 12 137 3 3 3 2 2
137 3 144 6 4 4 3 3
144 6 151 9 1 1 4 4
151 9 158 12 2 2 1 1
158 12 150 3 3 3 2 2
150 3 157 6 4 4 3 3
157 6 164 9 1 1 4 4
164 9 171 12 2 2 1 1
171 12 163 3 3 3 2 2
163 3 170 6 4 4 3 3
170 6 177 9 1 1 4 4
177 9 184 12 2 2 1 1
184 12 176 3 3 3 2 2
176 3 183 6 4 4 3 3
183 6 190 9 1 1 4 4
190 9 197 12 2 2 1 1
197 12 189 3 3 3 2 2
189 3 196 6 4 4 3 3
196 6 203 9 1 1 4 4
203 9 210 12 2 2 1 1
210 12 202 3 3 3 2 2
202 3 209 6 4 4 3 3
209 6 216 9 1 1 4 4
216 9 223 12 2 2 1 1
223 12 215 3 3 3 2 2
215 3 222 6 4 4 3 3
222 6 229 9 1 1 4 4
229 9 236 12 2 2 1 1
236 12 228 3 3 3 2 2
228 3 235 6 4 4 3 3
235 6 242 9 1 1 4 4
242 9 249 12 2 2 1 1
249 12 241 3 3 3 2 2
241 3 248 6 4 4 3 3
248 6 255 9 1 1 4 4
255 9 262 12 2 2 1 1
262 12 254 3 3 3 2 2
254 3 261 6 4 4 3 3
261 6 268 9 1 1 4 4
268 9 275 12 2 2 1 1
275 12 267 3 3 3 2 2
267 3 274 6 4 4 3 3
274 6 281 9 1 1 4 4
281 9 288 12 2 2 1 1
288 12 280 3 3 3 2 2
280 3 287 6 4 4 3 3
287 6 294 9 1 1 4 4
294 9 301 12 2 2 1 1
301 12 293 3 3 3 2 2
293 3 300 6 4 4 3 3
300 6 307 9 1 1 4 4
307 9 314 12 2 2 1 1
314 12 306 3 3 3 2 2
306 3 313 6 4 4 3 3
313 6 320 9 1 1 4 4
320 9 327 12 2 2 1 1
327 12 319 3 3 3 2 2
319 3 326 6 4 4 3 3
326 6 333 9 1 1 4 4
*
waitingTimeCarsGone
274
0
266
258
262
0
16
18
14
0
18
14
18
0
14
18
14
0
18
16
16
0
18
14
18
0
14
18
14
0
18
14
18
0
14
18
16
0
16
18
14
0
18
14
18
0
14
18
14
0
18
14
18
0
16
16
18
0
14
18
14
0
10
*
waitingTimeCarsLeft
0
22
0
20
17
14
0
14
14
14
0
14
14
14
0
14
14
14
0
14
14
14
0
14
14
14
0
14
14
14
0
14
14
14
0
14
14
14
0
14
14
14
0
14
14
14
0
14
14
14
0
14
14
14
0
14
14
14
0
14
14
14
0
11
4
