5
6 2 2 1 5 3 2 2
10
81
1928
23617
carsInLane
6 2 2 1 5 3 2 2
6 4 4 2 5 6 4 4
6 6 6 3 5 9 6 6
12 2 8 4 10 3 8 8
8 4 10 5 5 6 10 10
14 6 2 6 10 9 2 12
20 8 4 1 15 12 4 4
16 10 6 2 10 15 6 6
12 12 8 3 5 18 8 8
18 4 10 4 10 11 10 10
14 6 12 5 5 14 12 12
20 8 14 6 10 17 4 4
26 10 6 1 15 20 6 6
22 12 8 2 10 23 8 8
28 4 10 3 15 16 10 10
24 6 12 4 10 19 12 12
20 8 14 5 5 22 14 14
26 10 16 1 10 25 16 6
32 12 8 2 15 28 8 8
28 14 10 3 10 31 10 10
34 6 12 4 15 24 12 12
30 8 14 5 10 27 14 14
26 10 16 6 5 30 16 16
32 12 18 1 10 33 18 8
38 14 10 2 15 36 10 10
34 16 12 3 10 39 12 12
40 8 14 4 15 32 14 14
36 10 16 5 10 35 16 16
32 12 18 6 5 38 18 18
38 14 20 1 10 41 20 10
44 16 12 2 15 44 12 12
50 8 14 3 20 37 14 14
46 10 16 4 15 40 16 16
42 12 18 5 10 43 18 18
48 4 20 6 15 36 20 20
54 6 22 1 20 39 22 12
60 8 14 2 25 42 14 14
56 10 16 3 20 45 16 16
52 12 18 4 15 48 18 18
48 14 20 5 10 51 20 20
54 6 22 6 15 44 22 22
60 8 24 1 20 47 24 14
66 10 16 2 25 50 16 16
62 12 18 3 20 53 18 18
58 14 20 4 15 56 20 20
54 16 22 5 10 59 22 22
60 8 24 6 15 52 24 24
66 10 26 1 20 55 26 16
72 12 18 2 25 58 18 18
68 14 20 3 20 61 20 20
64 16 22 4 15 64 22 22
70 8 24 5 20 57 24 24
66 10 26 6 15 60 26 26
72 12 28 1 20 63 28 18
78 14 20 2 25 66 20 20
74 16 22 3 20 69 22 22
70 18 24 4 15 72 24 24
76 10 26 5 20 65 26 26
72 12 28 6 15 68 28 28
78 14 30 1 20 71 30 20
84 16 22 2 25 74 22 22
80 18 24 3 20 77 24 24
76 20 26 4 15 80 26 26
82 12 28 5 20 73 28 28
78 14 30 6 15 76 30 30
84 16 32 1 20 79 32 22
90 18 24 2 25 82 24 24
86 20 26 3 20 85 26 26
82 22 28 4 15 88 28 28
88 14 30 5 20 81 30 30
84 16 32 6 15 84 32 32
90 18 34 1 20 87 34 24
96 20 26 2 25 90 26 26
92 22 28 3 20 93 28 28
98 14 30 4 25 86 30 30
94 16 32 5 20 89 32 32
90 18 34 6 15 92 34 34
96 20 36 1 20 95 36 26
102 22 28 2 25 98 28 28
98 24 30 3 20 101 30 30
104 16 32 4 25 94 32 32
100 18 34 5 20 97 34 34
96 20 36 6 15 100 36 36
102 22 38 1 20 103 38 28
108 24 30 2 25 106 30 30
104 26 32 3 20 109 32 32
110 18 34 4 25 102 34 34
106 20 36 5 20 105 36 36
102 22 38 6 15 108 38 38
108 24 40 1 20 111 40 30
114 26 32 2 25 114 32 32
120 18 34 3 30 107 34 34
116 20 36 4 25 110 36 36
112 22 38 5 20 113 38 38
118 14 40 6 25 106 40 40
124 16 42 1 30 109 42 32
130 18 34 2 35 112 34 34
126 20 36 3 30 115 36 36
122 22 38 4 25 118 38 38
118 24 40 5 20 121 40 40
124 16 42 6 25 114 42 42
*
waitingTimeCarsGone
82
10
138
107
213
81
178
12
115
56
81
12
85
36
79
19
68
23
60
49
60
3
65
38
65
10
43
8
32
10
7
0
5
0
6
0
5
0
3
1
6
1
6
2
3
0
3
0
7
4
9
0
10
5
3
3
1
*
waitingTimeCarsLeft
0
0
22
22
22
22
22
0
17
0
17
17
15
0
15
15
15
0
15
15
15
0
15
0
13
13
13
0
13
11
3
0
3
0
3
3
3
0
3
3
3
0
3
0
3
3
3
0
3
3
3
0
3
0
3
