7
7 3 7 3 1 1 1 1
15
101
2130
18192.66
carsInLane
7 3 7 3 1 1 1 1
7 3 14 6 2 2 2 2
14 6 7 3 3 3 3 3
7 3 14 6 4 4 4 4
14 6 7 3 5 5 5 5
7 3 14 6 6 6 6 6
14 6 7 9 7 7 1 7
7 9 14 12 1 8 2 8
14 12 21 3 2 9 3 1
21 3 28 6 3 1 4 2
28 6 20 3 4 2 5 3
20 3 27 6 5 3 6 4
27 6 19 9 6 4 1 5
19 9 26 12 1 5 2 6
26 12 18 3 2 6 3 7
18 3 25 6 3 7 4 8
25 6 32 9 4 8 1 1
32 9 39 12 1 1 2 2
39 12 31 3 2 2 3 3
31 3 38 6 3 3 4 4
38 6 30 3 4 4 5 5
30 3 37 6 5 5 6 6
37 6 29 9 6 6 1 7
29 9 36 12 1 7 2 8
36 12 43 3 2 8 3 1
43 3 50 6 3 1 4 2
50 6 42 3 4 2 5 3
42 3 49 6 5 3 6 4
49 6 41 9 6 4 1 5
41 9 48 12 1 5 2 6
48 12 40 3 2 6 3 7
40 3 47 6 3 7 4 8
47 6 54 9 4 8 1 1
54 9 61 12 1 1 2 2
61 12 53 3 2 2 3 3
53 3 60 6 3 3 4 4
60 6 52 3 4 4 5 5
52 3 59 6 5 5 6 6
59 6 51 9 6 6 1 7
51 9 58 12 1 7 2 8
58 12 65 3 2 8 3 1
65 3 72 6 3 1 4 2
72 6 64 3 4 2 5 3
64 3 71 6 5 3 6 4
71 6 63 9 6 4 1 5
63 9 70 12 1 5 2 6
70 12 62 3 2 6 3 7
62 3 69 6 3 7 4 8
69 6 76 9 4 8 1 1
76 9 83 12 1 1 2 2
83 12 75 3 2 2 3 3
75 3 82 6 3 3 4 4
82 6 74 3 4 4 5 5
74 3 81 6 5 5 6 6
81 6 73 9 6 6 1 7
73 9 80 12 1 7 2 8
80 12 87 3 2 8 3 1
87 3 94 6 3 1 4 2
94 6 86 3 4 2 5 3
86 3 93 6 5 3 6 4
93 6 85 9 6 4 1 5
85 9 92 12 1 5 2 6
92 12 84 3 2 6 3 7
84 3 91 6 3 7 4 8
91 6 98 9 4 8 1 1
98 9 105 12 1 1 2 2
105 12 97 3 2 2 3 3
97 3 104 6 3 3 4 4
104 6 96 3 4 4 5 5
96 3 103 6 5 5 6 6
103 6 95 9 6 6 1 7
95 9 102 12 1 7 2 8
102 12 109 3 2 8 3 1
109 3 116 6 3 1 4 2
116 6 108 3 4 2 5 3
108 3 115 6 5 3 6 4
115 6 107 9 6 4 1 5
107 9 114 12 1 5 2 6
114 12 106 3 2 6 3 7
106 3 113 6 3 7 4 8
113 6 120 9 4 8 1 1
120 9 127 12 1 1 2 2
127 12 119 3 2 2 3 3
119 3 126 6 3 3 4 4
126 6 118 3 4 4 5 5
118 3 125 6 5 5 6 6
125 6 117 9 6 6 1 7
117 9 124 12 1 7 2 8
124 12 131 3 2 8 3 1
131 3 138 6 3 1 4 2
138 6 130 3 4 2 5 3
130 3 137 6 5 3 6 4
137 6 129 9 6 4 1 5
129 9 136 12 1 5 2 6
136 12 128 3 2 6 3 7
128 3 135 6 3 7 4 8
135 6 142 9 4 8 1 1
142 9 149 12 1 1 2 2
149 12 141 3 2 2 3 3
141 3 148 6 3 3 4 4
148 6 140 3 4 4 5 5
*
waitingTimeCarsGone
304
0
306
210
234
0
96
108
89
0
70
65
60
0
48
66
54
0
54
66
48
0
60
64
44
0
50
28
6
*
waitingTimeCarsLeft
0
21
0
18
18
18
0
16
14
14
0
14
14
14
0
14
14
14
0
14
14
14
0
14
14
14
0
7
