9
2 1 5 3 2 5 2 4
15
101
2288
11260
carsInLane
2 1 5 3 2 5 2 4
4 2 5 3 4 10 4 8
6 3 10 6 2 5 6 12
8 4 15 3 4 10 8 4
10 5 5 6 6 15 2 8
12 6 10 9 2 5 4 12
14 7 15 3 4 10 6 4
16 8 5 6 6 15 2 8
3 1 10 9 8 20 4 12
5 2 15 12 2 10 6 16
7 3 20 3 4 15 8 5
9 4 10 6 6 20 2 9
11 5 15 9 2 10 4 13
13 6 5 3 4 15 6 17
15 7 10 6 6 20 2 6
17 1 15 9 8 10 4 10
4 2 20 12 2 15 6 14
6 3 10 3 4 20 8 18
8 4 15 6 6 25 2 7
10 5 20 9 2 15 4 11
12 6 10 3 4 20 6 15
14 1 15 6 6 10 8 19
16 2 20 9 8 15 2 8
18 3 10 3 10 20 4 12
20 4 15 6 2 10 6 16
7 1 20 9 4 15 8 20
9 2 25 3 6 20 10 9
11 3 15 6 8 25 2 13
13 4 20 9 2 15 4 17
15 5 10 3 4 20 6 21
17 6 15 6 6 25 2 10
19 1 20 9 8 15 4 14
21 2 10 3 10 20 6 18
8 3 15 6 2 25 8 22
10 4 20 9 4 30 2 11
12 1 25 12 6 20 4 15
14 2 15 3 8 25 6 19
16 3 20 6 2 15 8 23
18 4 25 9 4 20 2 12
20 5 15 3 6 25 4 16
22 6 20 6 2 15 6 20
9 1 25 9 4 20 8 24
11 2 15 3 6 25 10 28
13 3 20 6 8 30 2 17
15 4 25 9 2 20 4 21
17 5 15 3 4 25 6 25
19 6 20 6 6 30 2 14
21 1 25 9 8 20 4 18
23 2 15 3 10 25 6 22
25 3 20 6 2 15 8 26
27 4 25 9 4 20 2 15
14 1 30 12 6 25 4 19
16 2 20 3 8 30 6 23
18 3 25 6 2 20 8 27
20 4 30 9 4 25 2 16
22 5 20 3 6 30 4 20
24 6 25 6 2 20 6 24
26 7 15 9 4 25 2 28
28 8 20 3 6 30 4 17
30 1 25 6 8 20 6 21
17 2 30 9 2 25 8 25
19 3 20 3 4 30 10 29
21 4 25 6 6 35 2 18
23 5 30 9 2 25 4 22
25 6 20 3 4 30 6 26
27 1 25 6 6 20 8 30
29 2 30 9 8 25 2 19
31 3 20 3 10 30 4 23
18 4 25 6 2 35 6 27
20 1 30 9 4 25 8 31
22 2 35 3 6 30 10 20
24 3 25 6 8 35 2 24
26 4 30 9 2 25 4 28
28 5 20 3 4 30 6 32
30 6 25 6 6 35 2 21
32 1 30 9 8 25 4 25
19 2 35 12 2 30 6 29
21 3 25 3 4 35 8 33
23 4 30 6 6 40 2 22
25 5 35 9 2 30 4 26
27 6 25 3 4 35 6 30
29 1 30 6 6 25 8 34
31 2 35 9 8 30 2 23
33 3 25 3 10 35 4 27
35 4 30 6 2 25 6 31
22 1 35 9 4 30 8 35
24 2 40 3 6 35 10 24
26 3 30 6 8 40 2 28
28 4 35 9 2 30 4 32
30 5 25 3 4 35 6 36
32 6 30 6 6 40 2 25
34 1 35 9 8 30 4 29
36 2 25 3 10 35 6 33
23 3 30 6 2 40 8 37
25 4 35 9 4 45 2 26
27 1 40 12 6 35 4 30
29 2 30 3 8 40 6 34
31 3 35 6 2 30 8 38
33 4 40 9 4 35 2 27
35 5 30 3 6 40 4 31
37 6 35 6 2 30 6 35
*
waitingTimeCarsGone
261
0
327
396
353
0
294
247
174
0
94
37
17
0
14
14
14
0
13
12
9
0
6
5
1
*
waitingTimeCarsLeft
0
23
0
21
18
16
0
16
16
11
0
6
5
2
0
2
