10
9 9 1 1 1 1 1 1
15
65
2385
4776.333
carsInLane
9 9 1 1 1 1 1 1
9 9 2 2 2 2 2 2
9 9 3 3 3 3 3 3
9 9 4 4 4 4 4 4
9 9 5 5 5 5 5 5
9 9 6 6 6 6 6 6
9 9 7 7 7 7 7 7
9 9 8 8 8 8 8 8
9 9 9 9 9 9 9 9
9 18 10 10 1 10 10 10
18 12 11 11 2 1 11 11
27 21 1 12 3 2 1 12
36 30 2 1 4 3 2 1
30 24 3 2 5 4 3 2
24 18 4 3 6 5 4 3
18 12 5 4 7 6 5 4
12 9 6 5 8 7 6 5
9 9 7 6 9 8 7 6
9 18 8 7 1 9 8 7
18 12 9 8 2 1 9 8
12 9 10 9 3 2 10 9
9 9 11 10 4 3 11 10
18 18 1 11 5 4 1 11
27 27 2 1 6 5 2 1
21 21 3 2 7 6 3 2
15 15 4 3 8 7 4 3
9 9 5 4 9 8 5 4
9 18 6 5 1 9 6 5
18 12 7 6 2 1 7 6
12 9 8 7 3 2 8 7
9 9 9 8 4 3 9 8
18 18 1 9 5 4 1 9
12 12 2 10 6 5 2 10
9 9 3 11 7 6 3 11
18 18 4 1 8 7 4 1
12 12 5 2 9 8 5 2
9 9 6 3 10 9 6 3
9 18 7 4 1 10 7 4
18 12 8 5 2 1 8 5
12 9 9 6 3 2 9 6
9 9 10 7 4 3 10 7
18 18 1 8 5 4 1 8
12 12 2 9 6 5 2 9
9 9 3 10 7 6 3 10
18 18 4 1 8 7 4 1
12 12 5 2 9 8 5 2
9 9 6 3 10 9 6 3
9 18 7 4 1 10 7 4
18 12 8 5 2 1 8 5
12 9 9 6 3 2 9 6
9 9 10 7 4 3 10 7
18 18 1 8 5 4 1 8
12 12 2 9 6 5 2 9
9 9 3 10 7 6 3 10
18 18 4 1 8 7 4 1
12 12 5 2 9 8 5 2
9 9 6 3 10 9 6 3
9 18 7 4 1 10 7 4
18 12 8 5 2 1 8 5
12 9 9 6 3 2 9 6
9 9 10 7 4 3 10 7
18 18 1 8 5 4 1 8
12 12 2 9 6 5 2 9
9 9 3 10 7 6 3 10
18 18 4 1 8 7 4 1
12 12 5 2 9 8 5 2
9 9 6 3 10 9 6 3
9 18 7 4 1 10 7 4
18 12 8 5 2 1 8 5
12 9 9 6 3 2 9 6
9 9 10 7 4 3 10 7
18 18 1 8 5 4 1 8
12 12 2 9 6 5 2 9
9 9 3 10 7 6 3 10
18 18 4 1 8 7 4 1
12 12 5 2 9 8 5 2
9 9 6 3 10 9 6 3
9 18 7 4 1 10 7 4
18 12 8 5 2 1 8 5
12 9 9 6 3 2 9 6
9 9 10 7 4 3 10 7
18 18 1 8 5 4 1 8
12 12 2 9 6 5 2 9
9 9 3 10 7 6 3 10
18 18 4 1 8 7 4 1
12 12 5 2 9 8 5 2
9 9 6 3 10 9 6 3
9 18 7 4 1 10 7 4
18 12 8 5 2 1 8 5
12 9 9 6 3 2 9 6
9 9 10 7 4 3 10 7
18 18 1 8 5 4 1 8
12 12 2 9 6 5 2 9
9 9 3 10 7 6 3 10
18 18 4 1 8 7 4 1
12 12 5 2 9 8 5 2
9 9 6 3 10 9 6 3
9 18 7 4 1 10 7 4
18 12 8 5 2 1 8 5
12 9 9 6 3 2 9 6
9 9 10 7 4 3 10 7
*
waitingTimeCarsGone
1132
228
490
111
73
57
56
15
54
56
55
50
6
2
*
waitingTimeCarsLeft
0
22
4
0
4
3
2
2
0
2
