2
2 1 5 3 2 5 2 4
15
101
2121
18480.33
carsInLane
2 1 5 3 2 5 2 4
4 2 5 3 4 10 4 8
6 3 10 6 2 5 6 12
2 1 15 9 4 10 8 16
4 2 20 12 6 15 2 5
6 3 10 3 8 20 4 9
8 4 15 6 2 10 6 13
2 1 20 9 4 15 8 17
4 2 25 12 6 20 2 6
6 3 15 3 8 25 4 10
8 4 20 6 2 15 6 14
2 1 25 9 4 20 8 18
4 2 30 12 6 25 2 7
6 3 20 3 8 30 4 11
8 4 25 6 2 20 6 15
2 1 30 9 4 25 8 19
4 2 35 12 6 30 2 8
6 3 25 3 8 35 4 12
8 4 30 6 2 25 6 16
2 1 35 9 4 30 8 20
4 2 40 12 6 35 2 9
6 3 30 3 8 40 4 13
8 4 35 6 2 30 6 17
2 1 40 9 4 35 8 21
4 2 45 12 6 40 2 10
6 3 35 3 8 45 4 14
8 4 40 6 2 35 6 18
2 1 45 9 4 40 8 22
4 2 50 12 6 45 2 11
6 3 40 3 8 50 4 15
8 4 45 6 2 40 6 19
2 1 50 9 4 45 8 23
4 2 55 12 6 50 2 12
6 3 45 3 8 55 4 16
8 4 50 6 2 45 6 20
2 1 55 9 4 50 8 24
4 2 60 12 6 55 2 13
6 3 50 3 8 60 4 17
8 4 55 6 2 50 6 21
2 1 60 9 4 55 8 25
4 2 65 12 6 60 2 14
6 3 55 3 8 65 4 18
8 4 60 6 2 55 6 22
2 1 65 9 4 60 8 26
4 2 70 12 6 65 2 15
6 3 60 3 8 70 4 19
8 4 65 6 2 60 6 23
2 1 70 9 4 65 8 27
4 2 75 12 6 70 2 16
6 3 65 3 8 75 4 20
8 4 70 6 2 65 6 24
2 1 75 9 4 70 8 28
4 2 80 12 6 75 2 17
6 3 70 3 8 80 4 21
8 4 75 6 2 70 6 25
2 1 80 9 4 75 8 29
4 2 85 12 6 80 2 18
6 3 75 3 8 85 4 22
8 4 80 6 2 75 6 26
2 1 85 9 4 80 8 30
4 2 90 12 6 85 2 19
6 3 80 3 8 90 4 23
8 4 85 6 2 80 6 27
2 1 90 9 4 85 8 31
4 2 95 12 6 90 2 20
6 3 85 3 8 95 4 24
8 4 90 6 2 85 6 28
2 1 95 9 4 90 8 32
4 2 100 12 6 95 2 21
6 3 90 3 8 100 4 25
8 4 95 6 2 90 6 29
2 1 100 9 4 95 8 33
4 2 105 12 6 100 2 22
6 3 95 3 8 105 4 26
8 4 100 6 2 95 6 30
2 1 105 9 4 100 8 34
4 2 110 12 6 105 2 23
6 3 100 3 8 110 4 27
8 4 105 6 2 100 6 31
2 1 110 9 4 105 8 35
4 2 115 12 6 110 2 24
6 3 105 3 8 115 4 28
8 4 110 6 2 105 6 32
2 1 115 9 4 110 8 36
4 2 120 12 6 115 2 25
6 3 110 3 8 120 4 29
8 4 115 6 2 110 6 33
2 1 120 9 4 115 8 37
4 2 125 12 6 120 2 26
6 3 115 3 8 125 4 30
8 4 120 6 2 115 6 34
2 1 125 9 4 120 8 38
4 2 130 12 6 125 2 27
6 3 120 3 8 130 4 31
8 4 125 6 2 120 6 35
2 1 130 9 4 125 8 39
4 2 135 12 6 130 2 28
6 3 125 3 8 135 4 32
8 4 130 6 2 125 6 36
2 1 135 9 4 130 8 40
4 2 140 12 6 135 2 29
*
waitingTimeCarsGone
269
0
287
306
329
0
90
90
87
0
72
56
40
0
30
30
30
0
30
30
30
0
30
30
30
0
30
30
30
0
30
30
30
0
25
15
5
*
waitingTimeCarsLeft
0
21
0
19
16
14
0
14
14
14
0
11
10
10
0
10
10
10
0
10
10
10
0
10
10
10
0
10
10
10
0
10
10
10
0
5
5
