5
6 2 2 1 5 3 2 2
12
90
2188
11471,76
carsInLane
6 2 2 1 5 3 2 2
6 4 4 2 5 6 4 4
6 6 6 3 5 9 6 6
12 2 8 4 10 3 8 8
6 4 10 5 5 6 10 10
12 6 2 6 10 9 2 12
18 8 4 1 15 12 4 2
12 10 6 2 8 15 6 4
18 2 8 3 13 6 8 6
12 4 10 4 6 9 10 8
18 6 2 5 11 12 2 10
12 8 4 6 5 15 4 12
18 10 6 1 10 18 6 2
12 12 8 2 5 21 8 4
18 2 10 3 10 12 10 6
12 4 12 4 5 15 12 8
18 6 2 5 10 18 2 10
12 8 4 6 5 21 4 12
18 10 6 1 10 24 6 2
24 2 8 2 15 15 8 4
18 4 10 3 8 18 10 6
12 6 12 4 5 21 12 8
18 8 2 5 10 24 2 10
24 10 4 6 5 15 4 12
30 12 6 1 10 18 6 2
24 2 8 2 15 21 8 4
18 4 10 3 8 24 10 6
24 6 12 4 5 15 12 8
30 8 2 5 10 18 2 10
24 10 4 6 5 21 4 12
30 12 6 1 10 24 6 2
36 2 8 2 15 15 8 4
30 4 10 3 8 18 10 6
24 6 12 4 5 21 12 8
30 8 2 5 10 24 2 10
24 10 4 6 5 27 4 12
30 12 6 1 10 30 6 2
36 2 8 2 15 21 8 4
30 4 10 3 8 24 10 6
24 6 12 4 5 27 12 8
30 8 2 5 10 30 2 10
24 10 4 6 5 33 4 12
30 12 6 1 10 36 6 2
36 2 8 2 15 27 8 4
30 4 10 3 8 30 10 6
24 6 12 4 5 33 12 8
30 8 2 5 10 36 2 10
36 10 4 6 5 27 4 12
42 12 6 1 10 30 6 2
36 2 8 2 15 33 8 4
30 4 10 3 8 36 10 6
36 6 12 4 5 27 12 8
42 8 2 5 10 30 2 10
36 10 4 6 5 33 4 12
42 12 6 1 10 36 6 2
48 2 8 2 15 27 8 4
42 4 10 3 8 30 10 6
36 6 12 4 5 33 12 8
42 8 2 5 10 36 2 10
36 10 4 6 5 39 4 12
42 12 6 1 10 42 6 2
48 2 8 2 15 33 8 4
42 4 10 3 8 36 10 6
36 6 12 4 5 39 12 8
42 8 2 5 10 42 2 10
36 10 4 6 5 45 4 12
42 12 6 1 10 48 6 2
48 2 8 2 15 39 8 4
42 4 10 3 8 42 10 6
36 6 12 4 5 45 12 8
42 8 2 5 10 48 2 10
48 10 4 6 5 39 4 12
54 12 6 1 10 42 6 2
48 2 8 2 15 45 8 4
42 4 10 3 8 48 10 6
48 6 12 4 5 39 12 8
54 8 2 5 10 42 2 10
48 10 4 6 5 45 4 12
54 12 6 1 10 48 6 2
60 2 8 2 15 39 8 4
54 4 10 3 8 42 10 6
48 6 12 4 5 45 12 8
54 8 2 5 10 48 2 10
48 10 4 6 5 51 4 12
54 12 6 1 10 54 6 2
60 2 8 2 15 45 8 4
54 4 10 3 8 48 10 6
48 6 12 4 5 51 12 8
54 8 2 5 10 54 2 10
48 10 4 6 5 57 4 12
54 12 6 1 10 60 6 2
60 2 8 2 15 51 8 4
54 4 10 3 8 54 10 6
48 6 12 4 5 57 12 8
54 8 2 5 10 60 2 10
60 10 4 6 5 51 4 12
66 12 6 1 10 54 6 2
60 2 8 2 15 57 8 4
54 4 10 3 8 60 10 6
60 6 12 4 5 51 12 8
66 8 2 5 10 54 2 10

waitingTimeCarsGone
380
81
340
289
104
104
232
217
63
21
81
72
12
48
27
6
9
15
15
9
9
12
12
3
9
9
9

waitingTimeCarsLeft
0
18
0
14
14
0
14
12
9
0
9
9
9
0
3
3
0
3
3
3
3
0
3
3
0
3
