4
7 3 7 3 1 1 1 1
15
101
1897
23788.33
carsInLane
7 3 7 3 1 1 1 1
7 3 14 6 2 2 2 2
14 6 7 3 3 3 3 3
7 3 14 6 4 4 4 4
14 6 7 3 5 5 5 5
21 9 14 6 1 1 6 6
28 12 21 9 2 2 1 1
20 3 28 12 3 3 2 2
27 6 20 3 4 4 3 3
19 3 27 6 5 5 4 4
26 6 34 9 1 1 5 5
33 9 41 12 2 2 1 1
40 12 33 3 3 3 2 2
32 3 40 6 4 4 3 3
39 6 32 3 5 5 4 4
46 9 39 6 1 1 5 5
53 12 46 9 2 2 1 1
45 3 53 12 3 3 2 2
52 6 45 3 4 4 3 3
44 3 52 6 5 5 4 4
51 6 59 9 1 1 5 5
58 9 66 12 2 2 1 1
65 12 58 3 3 3 2 2
57 3 65 6 4 4 3 3
64 6 57 3 5 5 4 4
71 9 64 6 1 1 5 5
78 12 71 9 2 2 1 1
70 3 78 12 3 3 2 2
77 6 70 3 4 4 3 3
69 3 77 6 5 5 4 4
76 6 84 9 1 1 5 5
83 9 91 12 2 2 1 1
90 12 83 3 3 3 2 2
82 3 90 6 4 4 3 3
89 6 82 3 5 5 4 4
96 9 89 6 1 1 5 5
103 12 96 9 2 2 1 1
95 3 103 12 3 3 2 2
102 6 95 3 4 4 3 3
94 3 102 6 5 5 4 4
101 6 109 9 1 1 5 5
108 9 116 12 2 2 1 1
115 12 108 3 3 3 2 2
107 3 115 6 4 4 3 3
114 6 107 3 5 5 4 4
121 9 114 6 1 1 5 5
128 12 121 9 2 2 1 1
120 3 128 12 3 3 2 2
127 6 120 3 4 4 3 3
119 3 127 6 5 5 4 4
126 6 134 9 1 1 5 5
133 9 141 12 2 2 1 1
140 12 133 3 3 3 2 2
132 3 140 6 4 4 3 3
139 6 132 3 5 5 4 4
146 9 139 6 1 1 5 5
153 12 146 9 2 2 1 1
145 3 153 12 3 3 2 2
152 6 145 3 4 4 3 3
144 3 152 6 5 5 4 4
151 6 159 9 1 1 5 5
158 9 166 12 2 2 1 1
165 12 158 3 3 3 2 2
157 3 165 6 4 4 3 3
164 6 157 3 5 5 4 4
171 9 164 6 1 1 5 5
178 12 171 9 2 2 1 1
170 3 178 12 3 3 2 2
177 6 170 3 4 4 3 3
169 3 177 6 5 5 4 4
176 6 184 9 1 1 5 5
183 9 191 12 2 2 1 1
190 12 183 3 3 3 2 2
182 3 190 6 4 4 3 3
189 6 182 3 5 5 4 4
196 9 189 6 1 1 5 5
203 12 196 9 2 2 1 1
195 3 203 12 3 3 2 2
202 6 195 3 4 4 3 3
194 3 202 6 5 5 4 4
201 6 209 9 1 1 5 5
208 9 216 12 2 2 1 1
215 12 208 3 3 3 2 2
207 3 215 6 4 4 3 3
214 6 207 3 5 5 4 4
221 9 214 6 1 1 5 5
228 12 221 9 2 2 1 1
220 3 228 12 3 3 2 2
227 6 220 3 4 4 3 3
219 3 227 6 5 5 4 4
226 6 234 9 1 1 5 5
233 9 241 12 2 2 1 1
240 12 233 3 3 3 2 2
232 3 240 6 4 4 3 3
239 6 232 3 5 5 4 4
246 9 239 6 1 1 5 5
253 12 246 9 2 2 1 1
245 3 253 12 3 3 2 2
252 6 245 3 4 4 3 3
244 3 252 6 5 5 4 4
251 6 259 9 1 1 5 5
*
waitingTimeCarsGone
291
0
285
215
222
0
101
31
21
0
28
22
28
0
26
23
29
0
21
28
21
0
29
23
26
0
28
22
28
0
21
29
21
0
28
25
25
0
28
21
29
0
21
28
22
0
28
21
2
*
waitingTimeCarsLeft
0
22
0
20
17
14
0
14
14
14
0
14
14
14
0
14
14
14
0
14
14
14
0
14
14
14
0
14
14
14
0
14
14
14
0
14
14
14
0
14
14
14
0
14
14
14
0
14
13
7
