9
1 1 6 1 6 1 1 7
15
101
1852
28824.01
carsInLane
1 1 6 1 6 1 1 7
2 2 12 1 12 2 2 7
1 3 18 2 6 3 3 14
2 4 9 3 12 4 1 21
3 5 15 1 18 5 2 13
4 6 21 2 9 1 3 20
5 7 12 3 15 2 1 27
6 8 18 1 21 3 2 19
1 9 24 2 12 4 3 26
2 10 30 3 18 5 1 18
3 1 36 4 24 1 2 25
4 2 27 1 30 2 3 32
5 3 33 2 36 3 1 24
1 4 39 3 27 4 2 31
2 5 30 1 33 5 3 38
3 6 36 2 39 6 1 30
4 7 42 3 30 1 2 37
5 8 33 1 36 2 3 44
6 9 39 2 42 3 1 36
1 10 45 3 33 4 2 43
2 1 51 4 39 1 3 50
3 2 42 1 45 2 4 57
4 3 48 2 51 3 1 49
1 4 54 3 42 4 2 56
2 5 60 1 48 5 3 48
3 6 51 2 54 6 1 55
4 7 57 3 45 1 2 62
5 8 63 1 51 2 3 54
6 9 54 2 57 3 1 61
1 10 60 3 48 4 2 68
2 1 66 4 54 1 3 75
3 2 72 1 60 2 4 67
4 3 63 2 66 3 1 74
5 4 69 1 72 4 2 66
1 5 75 2 63 5 3 73
2 6 66 3 69 6 1 80
3 7 72 1 75 7 2 72
4 8 78 2 66 1 3 79
5 9 84 3 72 2 1 71
6 10 75 1 78 3 2 78
1 1 81 2 84 4 3 85
2 2 87 3 75 1 4 92
3 3 93 4 81 2 1 84
4 4 84 1 87 3 2 91
5 5 90 2 93 4 1 83
1 6 96 3 84 5 2 90
2 7 87 1 90 6 3 97
3 8 93 2 96 7 1 89
4 9 99 3 87 1 2 96
5 10 90 1 93 2 3 103
1 1 96 2 99 3 4 110
2 2 102 3 105 4 1 102
3 3 108 4 96 1 2 109
4 4 114 1 102 2 3 101
5 5 105 2 108 3 1 108
1 6 111 3 99 4 2 115
2 7 117 1 105 5 3 107
3 8 108 2 111 6 1 114
4 9 114 3 102 1 2 121
5 10 120 1 108 2 3 113
1 1 126 2 114 3 4 120
2 2 117 3 120 4 1 127
3 3 123 1 126 5 2 119
4 4 129 2 117 1 3 126
5 5 120 3 123 2 1 133
6 6 126 1 129 3 2 125
1 7 132 2 120 4 3 132
2 8 123 3 126 5 1 139
3 9 129 1 132 6 2 131
4 10 135 2 123 1 3 138
1 1 141 3 129 2 4 145
2 2 147 4 135 3 1 137
3 3 138 1 141 4 2 144
4 4 144 2 147 5 1 136
5 5 150 3 138 1 2 143
6 6 141 1 144 2 3 150
7 7 147 2 150 3 1 142
1 8 153 3 141 4 2 149
2 9 144 1 147 5 3 156
3 10 150 2 153 6 1 148
4 1 156 3 159 1 2 155
1 2 162 4 150 2 3 162
2 3 168 1 156 3 4 154
3 4 159 2 162 4 1 161
4 5 165 3 153 1 2 168
5 6 171 1 159 2 3 160
6 7 162 2 165 3 1 167
1 8 168 3 156 4 2 174
2 9 174 1 162 5 3 166
3 10 165 2 168 6 1 173
4 1 171 3 174 1 2 180
5 2 177 1 180 2 3 172
1 3 183 2 171 3 4 179
2 4 174 3 177 4 1 186
3 5 180 1 183 5 2 178
4 6 186 2 174 1 3 185
5 7 177 3 180 2 1 192
6 8 183 1 186 3 2 184
1 9 189 2 177 4 3 191
2 10 195 3 183 5 1 183
3 1 201 4 189 1 2 190
*
waitingTimeCarsGone
131
0
152
155
98
0
86
73
64
0
58
54
56
0
51
51
39
0
44
49
55
0
42
45
43
0
58
58
36
0
36
48
50
0
47
48
29
0
33
30
18
0
6
6
3
*
waitingTimeCarsLeft
0
23
0
21
20
19
0
19
19
19
0
19
19
19
0
19
19
19
0
19
19
19
0
19
19
19
0
19
19
19
0
19
19
19
0
19
19
13
0
12
12
12
0
3
