8
7 3 7 3 1 1 1 1
15
101
2167
16391.66
carsInLane
7 3 7 3 1 1 1 1
7 3 14 6 2 2 2 2
14 6 7 3 3 3 3 3
7 3 14 6 4 4 4 4
14 6 7 3 5 5 5 5
7 3 14 6 6 6 6 6
14 6 7 9 7 7 1 7
7 9 14 12 1 8 2 8
14 12 7 3 2 9 3 9
21 3 14 6 3 1 4 10
28 6 21 9 4 2 1 1
20 3 28 12 5 3 2 2
27 6 20 3 6 4 3 3
19 9 27 6 1 5 4 4
26 12 19 3 2 6 5 5
18 3 26 6 3 7 6 6
25 6 18 9 4 8 1 7
17 3 25 12 5 9 2 8
24 6 32 15 1 1 3 9
31 9 39 3 2 2 4 1
38 12 31 6 3 3 1 2
30 3 38 9 4 4 2 3
37 6 30 3 5 5 3 4
29 3 37 6 6 6 4 5
36 6 29 3 7 7 5 6
28 9 36 6 1 8 6 7
35 12 28 9 2 9 1 8
42 3 35 12 3 1 2 9
49 6 42 3 4 2 3 1
41 3 49 6 5 3 4 2
48 6 41 3 6 4 5 3
40 9 48 6 1 5 6 4
47 12 40 9 2 6 1 5
39 3 47 12 3 7 2 6
46 6 39 3 4 8 3 7
38 3 46 6 5 9 4 8
45 6 53 9 1 1 5 9
52 9 60 12 2 2 1 1
59 12 52 3 3 3 2 2
51 3 59 6 4 4 3 3
58 6 51 3 5 5 4 4
50 3 58 6 6 6 5 5
57 6 50 3 7 7 6 6
49 9 57 6 1 8 7 7
56 12 49 9 2 9 1 8
63 3 56 12 3 1 2 9
70 6 63 3 4 2 3 1
62 3 70 6 5 3 4 2
69 6 62 3 6 4 5 3
61 9 69 6 1 5 6 4
68 12 61 9 2 6 1 5
60 3 68 12 3 7 2 6
67 6 60 3 4 8 3 7
59 3 67 6 5 9 4 8
66 6 74 9 1 1 5 9
73 9 81 12 2 2 1 1
80 12 73 3 3 3 2 2
72 3 80 6 4 4 3 3
79 6 72 3 5 5 4 4
71 3 79 6 6 6 5 5
78 6 71 3 7 7 6 6
70 9 78 6 1 8 7 7
77 12 70 9 2 9 1 8
84 3 77 12 3 1 2 9
91 6 84 3 4 2 3 1
83 3 91 6 5 3 4 2
90 6 83 3 6 4 5 3
82 9 90 6 1 5 6 4
89 12 82 9 2 6 1 5
81 3 89 12 3 7 2 6
88 6 81 3 4 8 3 7
80 3 88 6 5 9 4 8
87 6 95 9 1 1 5 9
94 9 102 12 2 2 1 1
101 12 94 3 3 3 2 2
93 3 101 6 4 4 3 3
100 6 93 3 5 5 4 4
92 3 100 6 6 6 5 5
99 6 92 3 7 7 6 6
91 9 99 6 1 8 7 7
98 12 91 9 2 9 1 8
105 3 98 12 3 1 2 9
112 6 105 3 4 2 3 1
104 3 112 6 5 3 4 2
111 6 104 3 6 4 5 3
103 9 111 6 1 5 6 4
110 12 103 9 2 6 1 5
102 3 110 12 3 7 2 6
109 6 102 3 4 8 3 7
101 3 109 6 5 9 4 8
108 6 116 9 1 1 5 9
115 9 123 12 2 2 1 1
122 12 115 3 3 3 2 2
114 3 122 6 4 4 3 3
121 6 114 3 5 5 4 4
113 3 121 6 6 6 5 5
120 6 113 3 7 7 6 6
112 9 120 6 1 8 7 7
119 12 112 9 2 9 1 8
126 3 119 12 3 1 2 9
133 6 126 3 4 2 3 1
*
waitingTimeCarsGone
315
0
321
203
231
0
121
109
112
0
87
87
81
0
65
65
80
0
65
65
80
0
50
23
7
*
waitingTimeCarsLeft
0
21
0
17
16
15
0
14
14
14
0
14
14
14
0
14
14
14
0
14
14
14
0
13
7
