7
2 1 5 3 2 5 2 4
15
101
2292
11278.66
carsInLane
2 1 5 3 2 5 2 4
4 2 5 3 4 10 4 8
6 3 10 6 2 5 6 12
8 4 15 3 4 10 8 4
10 5 5 6 6 15 2 8
12 6 10 9 2 5 4 12
14 7 15 3 4 10 6 4
16 8 5 6 6 15 2 8
3 1 10 9 8 20 4 12
5 2 15 12 2 10 6 16
7 3 20 3 4 15 8 5
9 4 10 6 6 20 2 9
11 5 15 9 2 10 4 13
13 6 5 3 4 15 6 17
15 7 10 6 6 20 2 6
17 1 15 9 8 10 4 10
4 2 20 12 2 15 6 14
6 3 10 3 4 20 8 18
8 4 15 6 6 25 2 7
10 5 20 9 2 15 4 11
12 6 10 3 4 20 6 15
14 1 15 6 6 10 8 19
16 2 20 9 8 15 2 8
18 3 10 3 10 20 4 12
5 4 15 6 2 25 6 16
7 1 20 9 4 15 8 20
9 2 25 3 6 20 10 9
11 3 15 6 8 25 2 13
13 4 20 9 2 15 4 17
15 5 10 3 4 20 6 21
17 6 15 6 6 25 2 10
19 1 20 9 8 15 4 14
6 2 25 12 2 20 6 18
8 3 15 3 4 25 8 22
10 4 20 6 6 30 2 11
12 5 25 9 2 20 4 15
14 6 15 3 4 25 6 19
16 1 20 6 6 15 8 23
18 2 25 9 8 20 2 12
20 3 15 3 10 25 4 16
7 4 20 6 2 30 6 20
9 1 25 9 4 20 8 24
11 2 15 3 6 25 10 28
13 3 20 6 8 30 2 17
15 4 25 9 2 20 4 21
17 5 15 3 4 25 6 25
19 6 20 6 6 30 2 14
21 1 25 9 8 20 4 18
8 2 30 12 2 25 6 22
10 3 20 3 4 30 8 26
12 4 25 6 2 20 10 30
14 5 30 9 4 25 2 19
16 6 20 3 6 30 4 23
18 1 25 6 8 20 6 27
20 2 30 3 10 25 8 16
22 3 20 6 12 30 2 20
9 4 25 9 2 35 4 24
11 1 30 12 4 25 6 28
13 2 20 3 6 30 8 32
15 3 25 6 8 35 2 21
17 4 30 9 2 25 4 25
19 5 20 3 4 30 6 29
21 1 25 6 6 20 8 33
23 2 30 9 8 25 2 22
10 3 35 12 2 30 4 26
12 4 25 3 4 35 6 30
14 1 30 6 6 25 8 34
16 2 35 9 8 30 2 23
18 3 25 3 10 35 4 27
20 4 30 6 2 25 6 31
22 5 35 3 4 30 8 20
24 6 25 6 6 35 2 24
11 1 30 9 8 40 4 28
13 2 35 12 2 30 6 32
15 3 25 3 4 35 8 36
17 4 30 6 6 40 2 25
19 5 35 9 2 30 4 29
21 6 25 3 4 35 6 33
23 1 30 6 6 25 8 37
25 2 35 9 8 30 2 26
12 3 40 12 2 35 4 30
14 4 30 3 4 40 6 34
16 1 35 6 6 30 8 38
18 2 40 9 8 35 2 27
20 3 30 3 10 40 4 31
22 4 35 6 2 30 6 35
24 5 25 9 4 35 2 39
26 6 30 3 6 40 4 28
13 1 35 6 8 45 6 32
15 2 40 9 2 35 8 36
17 3 30 3 4 40 10 40
19 4 35 6 6 45 2 29
21 5 40 9 2 35 4 33
23 6 30 3 4 40 6 37
25 1 35 6 6 30 8 41
27 2 40 9 8 35 2 30
14 3 45 12 2 40 4 34
16 4 35 3 4 45 6 38
18 1 40 6 6 35 8 42
20 2 45 9 8 40 2 31
22 3 35 3 10 45 4 35
*
waitingTimeCarsGone
261
0
318
371
338
0
267
238
206
0
145
82
35
0
16
9
5
0
1
*
waitingTimeCarsLeft
0
22
0
19
17
16
0
16
16
11
0
6
5
2
0
2
