100
7 3 7 3 1 1 1 1
15
101
2287
10629
carsInLane
7 3 7 3 1 1 1 1
7 3 14 6 2 2 2 2
14 6 7 3 3 3 3 3
7 3 14 6 4 4 4 4
14 6 7 3 5 5 5 5
7 3 14 6 6 6 6 6
14 6 7 9 7 7 1 7
7 9 14 12 1 8 2 8
14 12 7 3 2 9 3 9
7 3 14 6 3 10 4 10
14 6 7 3 4 11 5 11
7 3 14 6 5 12 6 12
14 6 7 9 6 13 1 13
21 9 14 3 7 14 2 1
13 3 21 6 8 15 3 2
20 6 13 3 9 16 4 3
12 9 20 6 1 17 5 4
19 3 27 9 2 3 6 5
26 6 19 3 3 4 7 6
18 3 26 6 4 5 8 7
25 6 18 9 5 6 1 8
17 3 25 12 6 7 2 9
24 6 17 3 7 8 3 10
16 9 24 6 1 9 4 11
23 12 16 3 2 10 5 12
15 3 23 6 3 11 6 13
22 6 15 9 4 12 1 14
14 3 22 12 5 13 2 15
21 6 14 3 6 14 3 16
13 9 21 6 1 15 4 17
20 12 13 3 2 16 5 18
12 3 20 6 3 17 6 19
19 6 12 9 4 18 1 20
26 9 19 3 5 19 2 6
18 3 26 6 6 20 3 7
25 6 18 3 7 21 4 8
17 9 25 6 1 22 5 9
24 3 32 9 2 8 6 10
31 6 24 3 3 9 7 11
23 3 31 6 4 10 8 12
30 6 23 9 5 11 1 13
22 3 30 12 6 12 2 14
29 6 22 3 7 13 3 15
21 9 29 6 1 14 4 16
28 12 21 3 2 15 5 17
20 3 28 6 3 16 6 18
27 6 20 9 4 17 1 19
19 3 27 12 5 18 2 20
26 6 19 3 6 19 3 21
18 9 26 6 1 20 4 22
25 12 18 3 2 21 5 23
17 3 25 6 3 22 6 24
24 6 17 9 4 23 1 25
31 9 24 3 5 24 2 11
23 3 31 6 6 25 3 12
30 6 23 3 7 26 4 13
22 9 30 6 1 27 5 14
29 3 37 9 2 13 6 15
36 6 29 3 3 14 7 16
28 3 36 6 4 15 8 17
35 6 28 9 5 16 1 18
27 3 35 12 6 17 2 19
34 6 27 3 7 18 3 20
26 9 34 6 1 19 4 21
33 12 26 3 2 20 5 22
25 3 33 6 3 21 6 23
32 6 25 9 4 22 1 24
24 3 32 12 5 23 2 25
31 6 24 3 6 24 3 26
23 9 31 6 1 25 4 27
30 12 23 3 2 26 5 28
22 3 30 6 3 27 6 29
29 6 22 9 4 28 1 30
36 9 29 3 5 29 2 16
28 3 36 6 6 30 3 17
35 6 28 3 7 31 4 18
27 9 35 6 1 32 5 19
34 3 42 9 2 18 6 20
41 6 34 3 3 19 7 21
33 3 41 6 4 20 8 22
40 6 33 9 5 21 1 23
32 3 40 12 6 22 2 24
39 6 32 3 7 23 3 25
31 9 39 6 1 24 4 26
38 12 31 3 2 25 5 27
30 3 38 6 3 26 6 28
37 6 30 9 4 27 1 29
29 3 37 12 5 28 2 30
36 6 29 3 6 29 3 31
28 9 36 6 1 30 4 32
35 12 28 3 2 31 5 33
27 3 35 6 3 32 6 34
34 6 27 9 4 33 1 35
41 9 34 3 5 34 2 21
33 3 41 6 6 35 3 22
40 6 33 3 7 36 4 23
32 9 40 6 1 37 5 24
39 3 47 9 2 23 6 25
46 6 39 3 3 24 7 26
38 3 46 6 4 25 8 27
45 6 38 9 5 26 1 28
*
waitingTimeCarsGone
340
0
451
446
450
0
293
132
34
0
10
5
4
0
5
5
6
0
5
5
6
0
6
6
6
0
6
6
6
0
6
6
6
0
5
5
4
0
4
4
3
0
3
2
2
0
2
1
1
*
waitingTimeCarsLeft
0
21
0
20
20
17
0
12
5
2
0
2
2
2
0
2
2
2
0
2
2
2
0
2
2
2
0
2
2
2
0
2
2
2
0
2
1
1
