8
1 1 6 1 6 1 1 7
15
101
1836
29245.34
carsInLane
1 1 6 1 6 1 1 7
2 2 12 1 12 2 2 7
1 3 18 2 6 3 3 14
2 4 9 3 12 4 1 21
3 5 15 1 18 5 2 13
4 6 21 2 9 1 3 20
5 7 12 3 15 2 1 27
6 8 18 1 21 3 2 19
1 9 24 2 12 4 3 26
2 1 30 3 18 1 4 33
3 2 36 4 24 2 1 25
4 3 27 1 30 3 2 32
1 4 33 2 21 4 3 39
2 5 39 3 27 5 1 31
3 6 30 1 33 6 2 38
4 7 36 2 39 7 1 30
5 8 42 3 30 1 2 37
6 9 33 1 36 2 3 44
1 1 39 2 42 3 4 51
2 2 45 3 48 4 1 43
3 3 51 4 39 1 2 50
4 4 42 1 45 2 3 57
5 5 48 2 51 3 1 49
1 6 54 3 42 4 2 56
2 7 60 1 48 5 3 48
3 8 51 2 54 6 1 55
4 9 57 3 45 1 2 62
1 1 63 4 51 2 3 69
2 2 69 1 57 3 4 61
3 3 60 2 63 4 1 68
4 4 66 1 69 5 2 60
5 5 72 2 60 1 3 67
6 6 63 3 66 2 1 74
7 7 69 1 72 3 2 66
1 8 75 2 63 4 3 73
2 9 66 3 69 5 1 80
3 1 72 4 75 1 2 87
4 2 78 1 81 2 3 79
1 3 84 2 72 3 4 86
2 4 90 3 78 4 1 78
3 5 81 1 84 5 2 85
4 6 87 2 75 1 3 92
5 7 93 3 81 2 1 84
6 8 84 1 87 3 2 91
1 9 90 2 78 4 3 98
2 1 96 3 84 1 4 105
3 2 102 4 90 2 1 97
4 3 93 1 96 3 2 104
5 4 99 2 102 4 1 96
1 5 105 3 93 5 2 103
2 6 96 1 99 6 3 110
3 7 102 2 105 7 1 102
4 8 108 3 96 1 2 109
5 9 114 1 102 2 3 101
1 1 120 2 108 3 4 108
2 2 111 3 114 4 1 115
3 3 117 1 120 5 2 107
4 4 123 2 111 1 3 114
5 5 114 3 117 2 1 121
6 6 120 1 123 3 2 113
1 7 126 2 114 4 3 120
2 8 117 3 120 5 1 127
3 9 123 1 126 6 2 119
4 1 129 2 132 1 3 126
1 2 135 3 123 2 4 133
2 3 126 4 129 3 1 140
3 4 132 1 135 4 2 132
4 5 138 2 126 1 3 139
5 6 144 3 132 2 1 131
6 7 135 1 138 3 2 138
1 8 141 2 129 4 3 145
2 9 147 3 135 5 1 137
3 1 153 4 141 1 2 144
4 2 144 1 147 2 3 151
5 3 150 2 153 3 1 143
1 4 156 3 144 4 2 150
2 5 147 1 150 5 3 157
3 6 153 2 156 6 1 149
4 7 159 3 147 1 2 156
5 8 150 1 153 2 3 163
6 9 156 2 159 3 1 155
1 1 162 3 165 4 2 162
2 2 168 4 156 1 3 169
3 3 174 1 162 2 4 161
4 4 165 2 168 3 1 168
1 5 171 3 159 4 2 175
2 6 177 1 165 5 3 167
3 7 168 2 171 6 1 174
4 8 174 3 162 1 2 181
5 9 180 1 168 2 3 173
1 1 186 2 174 3 4 180
2 2 177 3 180 4 1 187
3 3 183 1 186 5 2 179
4 4 189 2 177 1 3 186
5 5 180 3 183 2 1 193
6 6 186 1 189 3 2 185
1 7 192 2 180 4 3 192
2 8 183 3 186 5 1 199
3 9 189 1 192 6 2 191
4 1 195 2 198 1 3 198
1 2 201 3 189 2 4 205
*
waitingTimeCarsGone
132
0
150
151
104
0
84
67
68
0
59
48
42
0
45
54
39
0
49
53
49
0
41
24
45
0
57
50
44
0
36
42
48
0
50
41
44
0
31
32
33
0
18
6
*
waitingTimeCarsLeft
0
23
0
22
20
19
0
19
19
19
0
19
19
19
0
19
19
19
0
19
19
19
0
19
19
19
0
19
19
19
0
19
19
19
0
19
19
13
0
12
12
12
0
9
6
3
