5
6 1 4 2 1 3 1 1
12
101
1602
19207,43
carsInLane
6 1 4 2 1 3 1 1
6 2 8 4 1 6 2 2
12 3 4 2 2 9 3 3
6 1 8 4 3 12 4 4
12 2 12 6 1 3 5 5
18 3 4 2 2 6 6 6
24 4 8 4 3 9 1 1
18 1 12 6 4 12 2 2
12 2 16 8 1 15 3 3
18 3 8 2 2 18 4 4
24 1 12 4 3 9 5 5
18 2 16 6 1 12 6 6
24 3 20 8 2 15 1 1
30 4 12 2 3 18 2 2
24 1 16 4 4 21 3 3
18 2 20 6 1 24 4 4
24 1 24 8 2 15 5 5
30 2 16 2 3 18 6 6
36 3 20 4 4 21 1 1
30 4 24 6 1 24 2 2
24 1 28 8 2 27 3 3
30 2 20 2 3 30 4 4
36 3 24 4 1 21 5 5
30 1 28 6 2 24 6 6
36 2 32 8 3 27 1 1
42 3 24 2 4 30 2 2
36 4 28 4 1 33 3 3
30 1 32 6 2 36 4 4
36 1 36 8 3 27 5 5
42 2 28 2 4 30 6 6
48 3 32 4 5 33 1 1
42 4 36 6 1 36 2 2
36 1 40 8 2 39 3 3
42 2 32 2 3 42 4 4
48 3 36 4 1 33 5 5
42 1 40 6 2 36 6 6
48 2 44 8 3 39 1 1
54 3 36 2 4 42 2 2
48 4 40 4 1 45 3 3
42 1 44 6 2 48 4 4
48 1 48 8 3 39 5 5
54 2 40 2 4 42 6 6
60 3 44 4 5 45 1 1
54 4 48 6 1 48 2 2
48 1 52 8 2 51 3 3
54 2 44 2 3 54 4 4
60 3 48 4 1 45 5 5
54 1 52 6 2 48 6 6
60 2 56 8 3 51 1 1
66 3 48 2 4 54 2 2
60 4 52 4 1 57 3 3
54 1 56 6 2 60 4 4
60 1 60 8 3 51 5 5
66 2 52 2 4 54 6 6
72 3 56 4 5 57 1 1
66 4 60 6 1 60 2 2
60 1 64 8 2 63 3 3
66 2 56 2 3 66 4 4
72 3 60 4 1 57 5 5
66 1 64 6 2 60 6 6
72 2 68 8 3 63 1 1
78 3 60 2 4 66 2 2
72 4 64 4 1 69 3 3
66 1 68 6 2 72 4 4
72 1 72 8 3 63 5 5
78 2 64 2 4 66 6 6
84 3 68 4 5 69 1 1
78 4 72 6 1 72 2 2
72 1 76 8 2 75 3 3
78 2 68 2 3 78 4 4
84 3 72 4 1 69 5 5
78 1 76 6 2 72 6 6
84 2 80 8 3 75 1 1
90 3 72 2 4 78 2 2
84 4 76 4 1 81 3 3
78 1 80 6 2 84 4 4
84 1 84 8 3 75 5 5
90 2 76 2 4 78 6 6
96 3 80 4 5 81 1 1
90 4 84 6 1 84 2 2
84 1 88 8 2 87 3 3
90 2 80 2 3 90 4 4
96 3 84 4 1 81 5 5
90 1 88 6 2 84 6 6
96 2 92 8 3 87 1 1
102 3 84 2 4 90 2 2
96 4 88 4 1 93 3 3
90 1 92 6 2 96 4 4
96 1 96 8 3 87 5 5
102 2 88 2 4 90 6 6
108 3 92 4 5 93 1 1
102 4 96 6 1 96 2 2
96 1 100 8 2 99 3 3
102 2 92 2 3 102 4 4
108 3 96 4 1 93 5 5
102 1 100 6 2 96 6 6
108 2 104 8 3 99 1 1
114 3 96 2 4 102 2 2
108 4 100 4 1 105 3 3
102 1 104 6 2 108 4 4
108 1 108 8 3 99 5 5

waitingTimeCarsGone
166
0
162
174
0
160
86
80
0
48
48
0
48
48
0
48
48
48
0
48
48
0
48
48
42
0
24
18
0
18
18
0
18
18
18
0
14
10
0
6
6
0
6
6
6
0
6
6
0
3
3

waitingTimeCarsLeft
0
17
0
16
16
0
15
15
13
0
13
13
0
13
13
0
13
13
13
0
13
13
0
13
13
13
0
7
7
0
7
7
0
7
7
3
0
3
3
0
3
3
0
3
3
3
0
3
