9
6 1 4 2 1 3 1 1
12
101
1678
16111,09
carsInLane
6 1 4 2 1 3 1 1
6 2 8 4 1 6 2 2
12 3 4 2 2 9 3 3
6 1 8 4 3 12 4 4
12 2 12 6 1 3 5 5
18 3 4 2 2 6 6 6
12 1 8 4 3 9 7 7
6 2 12 6 1 12 8 8
12 3 4 8 2 15 1 9
18 1 8 10 3 6 2 10
24 2 12 2 4 9 3 1
18 3 16 4 1 12 4 2
12 1 20 6 2 15 5 3
18 2 12 2 3 18 6 4
12 3 16 4 1 21 7 5
18 1 20 6 2 12 8 6
24 2 12 8 3 15 1 7
18 3 16 10 1 18 2 8
24 4 8 2 2 21 3 9
18 1 12 4 3 24 4 10
24 2 16 6 4 27 1 1
30 3 20 8 1 18 2 2
24 1 24 10 2 21 3 3
30 2 16 2 3 24 4 4
24 3 20 4 1 27 5 5
30 1 24 6 2 18 6 6
24 2 28 8 1 21 7 7
30 3 20 2 2 24 8 8
24 1 24 4 3 27 9 9
30 2 16 6 4 30 1 10
36 3 20 2 5 33 2 1
30 4 24 4 1 36 3 2
36 1 28 6 2 27 4 3
30 2 32 8 1 30 5 4
36 3 24 2 2 33 6 5
30 1 28 4 3 36 7 6
36 2 32 6 1 27 8 7
42 3 24 8 2 30 1 8
36 1 28 10 3 33 2 9
30 2 32 12 1 36 3 10
36 3 36 14 2 39 1 1
42 4 28 4 3 42 2 2
48 1 32 6 4 33 3 3
42 2 36 8 1 36 4 4
36 1 40 10 2 39 5 5
42 2 32 2 3 42 6 6
36 3 36 4 1 45 7 7
42 1 40 6 2 36 8 8
48 2 32 8 3 39 1 9
42 3 36 10 1 42 2 10
48 4 40 2 2 45 3 1
42 1 44 4 3 48 4 2
48 2 48 6 1 39 5 3
54 3 40 2 2 42 6 4
48 1 44 4 3 45 7 5
42 2 48 6 1 48 8 6
48 3 40 8 2 51 1 7
54 1 44 10 3 42 2 8
48 2 48 12 1 45 3 9
54 3 40 2 2 48 4 10
60 4 44 4 3 51 1 1
54 1 48 6 4 54 2 2
48 2 52 8 1 57 3 3
54 3 44 2 2 60 4 4
60 1 48 4 3 51 5 5
54 2 52 6 1 54 6 6
60 3 44 8 2 57 1 7
54 1 48 10 3 60 2 8
60 2 52 12 1 51 3 9
66 3 44 2 2 54 4 10
72 4 48 4 3 57 1 1
66 1 52 6 4 60 2 2
60 2 56 8 1 63 3 3
66 1 60 10 2 54 4 4
72 2 52 2 3 57 5 5
66 3 56 4 1 60 6 6
60 1 60 6 2 63 7 7
66 2 52 8 3 66 1 8
60 3 56 10 1 69 2 9
66 1 60 12 2 60 3 10
72 2 64 14 3 63 1 1
78 3 56 4 4 66 2 2
72 4 60 6 1 69 3 3
66 1 64 8 2 72 4 4
72 2 68 10 1 63 5 5
78 3 60 2 2 66 6 6
72 1 64 4 3 69 7 7
66 2 68 6 1 72 8 8
72 3 60 8 2 75 1 9
78 1 64 10 3 66 2 10
84 2 68 2 4 69 3 1
78 3 72 4 1 72 4 2
72 1 76 6 2 75 5 3
78 2 68 2 3 78 6 4
72 3 72 4 1 81 7 5
78 1 76 6 2 72 8 6
84 2 68 8 3 75 1 7
78 3 72 10 1 78 2 8
84 4 64 2 2 81 3 9
78 1 68 4 3 84 4 10
84 2 72 6 4 87 1 1
*
waitingTimeCarsGone
162
0
184
187
0
144
121
99
0
90
86
0
71
72
0
75
84
71
0
42
29
0
22
29
21
0
17
12
0
9
9
0
9
9
6
0
6
6
0
3
3
*
waitingTimeCarsLeft
0
18
0
16
15
0
13
13
13
0
13
13
0
13
13
0
13
13
13
0
13
7
0
7
7
7
0
3
3
0
3
3
0
3
3
3
