5
6 1 4 2 1 3 1 1
10
101
1435
25083,5
carsInLane
6 1 4 2 1 3 1 1
6 2 8 4 1 6 2 2
12 3 4 2 2 9 3 3
8 1 8 4 3 12 4 4
14 2 12 6 1 5 5 5
20 3 6 2 2 8 6 6
26 4 10 4 3 11 1 1
22 1 14 6 4 14 2 2
18 2 18 8 1 17 3 3
24 3 12 2 2 20 4 4
30 1 16 4 3 13 5 5
26 2 20 6 1 16 6 6
32 3 24 8 2 19 1 1
28 1 28 10 3 22 2 2
34 2 22 2 4 25 3 3
30 3 26 4 1 28 4 4
36 1 30 6 2 21 5 5
32 2 34 8 1 24 6 6
38 3 38 10 2 27 1 1
44 4 32 2 3 30 2 2
40 1 36 4 4 33 3 3
36 2 40 6 1 36 4 4
42 1 44 8 2 29 5 5
48 2 38 2 3 32 6 6
54 3 42 4 4 35 1 1
50 4 46 6 1 38 2 2
46 1 50 8 2 41 3 3
52 2 44 2 3 44 4 4
58 3 48 4 1 37 5 5
54 1 52 6 2 40 6 6
60 2 56 8 3 43 1 1
66 3 50 2 4 46 2 2
62 4 54 4 1 49 3 3
58 1 58 6 2 52 4 4
64 1 62 8 3 45 5 5
70 2 56 2 4 48 6 6
76 3 60 4 5 51 1 1
72 4 64 6 1 54 2 2
68 1 68 8 2 57 3 3
74 2 62 2 3 60 4 4
80 3 66 4 1 53 5 5
76 1 70 6 2 56 6 6
82 2 74 8 3 59 1 1
78 3 78 10 1 62 2 2
84 4 72 2 2 65 3 3
80 1 76 4 3 68 4 4
86 2 80 6 1 61 5 5
82 1 84 8 2 64 6 6
88 2 88 10 3 67 1 1
94 3 82 2 4 70 2 2
90 4 86 4 1 73 3 3
86 1 90 6 2 76 4 4
92 1 94 8 3 69 5 5
98 2 88 2 4 72 6 6
104 3 92 4 5 75 1 1
100 4 96 6 1 78 2 2
96 1 100 8 2 81 3 3
102 2 94 2 3 84 4 4
108 3 98 4 1 77 5 5
104 1 102 6 2 80 6 6
110 2 106 8 3 83 1 1
116 3 100 2 4 86 2 2
112 4 104 4 1 89 3 3
108 1 108 6 2 92 4 4
114 1 112 8 3 85 5 5
120 2 106 2 4 88 6 6
126 3 110 4 5 91 1 1
122 4 114 6 1 94 2 2
118 1 118 8 2 97 3 3
124 2 112 2 3 100 4 4
130 3 116 4 1 93 5 5
126 1 120 6 2 96 6 6
132 2 124 8 3 99 1 1
128 3 128 10 1 102 2 2
134 4 122 2 2 105 3 3
130 1 126 4 3 108 4 4
136 2 130 6 1 101 5 5
132 1 134 8 2 104 6 6
138 2 138 10 3 107 1 1
144 3 132 2 4 110 2 2
140 4 136 4 1 113 3 3
136 1 140 6 2 116 4 4
142 1 144 8 3 109 5 5
148 2 138 2 4 112 6 6
154 3 142 4 5 115 1 1
150 4 146 6 1 118 2 2
146 1 150 8 2 121 3 3
152 2 144 2 3 124 4 4
158 3 148 4 1 117 5 5
154 1 152 6 2 120 6 6
160 2 156 8 3 123 1 1
166 3 150 2 4 126 2 2
162 4 154 4 1 129 3 3
158 1 158 6 2 132 4 4
164 1 162 8 3 125 5 5
170 2 156 2 4 128 6 6
176 3 160 4 5 131 1 1
172 4 164 6 1 134 2 2
168 1 168 8 2 137 3 3
174 2 162 2 3 140 4 4
180 3 166 4 1 133 5 5

waitingTimeCarsGone
158
0
152
0
148
130
80
0
59
0
21
19
26
0
24
0
23
25
31
0
33
0
25
21
22
0
24
0
19
21
27
0
35
0
27
21
26
0
24
0
23
25
21
0
15
0
9
7
8
0
10
0
9
13
9
0
9
0
13
9
10
0
8
0
3
5
3
0
3
0
2

waitingTimeCarsLeft
0
0
18
17
15
0
15
0
15
13
13
0
13
0
13
13
13
0
13
0
13
13
13
0
13
0
13
13
13
0
13
0
13
13
13
0
13
0
13
13
13
0
13
0
9
7
7
0
7
0
7
7
7
0
7
0
7
7
7
0
7
0
7
5
3
0
3
0
1
