9
6 1 4 2 1 3 1 1
10
101
1500
23410,5
carsInLane
6 1 4 2 1 3 1 1
6 2 8 4 1 6 2 2
12 3 4 2 2 9 3 3
8 1 8 4 3 12 4 4
14 2 12 6 1 5 5 5
20 3 6 2 2 8 6 6
16 1 10 4 3 11 7 7
12 2 14 6 1 14 8 8
18 3 8 8 2 17 1 9
14 1 12 10 3 20 2 10
20 2 16 2 4 23 3 1
26 3 20 4 1 16 4 2
22 1 24 6 2 19 5 3
28 2 18 2 3 22 6 4
24 3 22 4 1 25 7 5
30 4 16 6 2 28 1 6
26 1 20 8 3 31 2 7
32 2 24 10 1 24 3 8
28 1 28 12 2 27 4 9
34 2 22 4 3 30 5 10
40 3 26 6 4 33 1 1
36 4 30 8 1 36 2 2
42 1 34 10 2 29 3 3
38 2 38 12 1 32 4 4
44 3 32 4 2 35 5 5
40 1 36 6 3 38 6 6
36 2 40 8 1 41 7 7
42 3 34 2 2 44 8 8
48 1 38 4 3 37 9 9
44 2 42 6 1 40 10 10
50 3 46 8 2 43 1 1
56 4 40 2 3 46 2 2
52 1 44 4 4 49 3 3
48 2 48 6 1 52 4 4
54 1 52 8 2 45 5 5
60 2 46 2 3 48 6 6
56 3 50 4 1 51 7 7
52 1 54 6 2 54 8 8
58 2 48 8 3 57 1 9
54 3 52 10 1 60 2 10
60 4 56 2 2 63 3 1
66 1 60 4 3 56 4 2
62 2 64 6 1 59 5 3
68 3 58 2 2 62 6 4
64 1 62 4 3 65 7 5
70 2 56 6 4 68 1 6
66 3 60 8 1 71 2 7
72 1 64 10 2 64 3 8
68 2 68 12 1 67 4 9
74 3 62 4 2 70 5 10
80 4 66 6 3 73 1 1
76 1 70 8 4 76 2 2
72 2 74 10 1 79 3 3
78 3 68 2 2 82 4 4
84 1 72 4 3 75 5 5
80 2 76 6 1 78 6 6
86 3 70 8 2 81 1 7
82 1 74 10 3 84 2 8
88 2 78 12 1 77 3 9
84 1 82 14 2 80 4 10
90 2 86 16 3 83 1 1
96 3 80 8 4 86 2 2
92 4 84 10 1 89 3 3
88 1 88 12 2 92 4 4
94 2 82 4 3 95 5 5
100 3 86 6 1 88 6 6
96 1 90 8 2 91 7 7
92 2 94 10 1 94 8 8
98 3 88 2 2 97 9 9
94 1 92 4 3 100 10 10
100 2 96 6 4 103 1 1
106 3 100 8 1 96 2 2
102 1 104 10 2 99 3 3
108 2 98 2 3 102 4 4
104 3 102 4 1 105 5 5
110 1 106 6 2 98 6 6
106 2 110 8 1 101 7 7
112 3 104 2 2 104 8 8
108 1 108 4 3 107 9 9
114 2 102 6 4 110 1 10
120 3 106 2 5 113 2 1
116 4 110 4 1 116 3 2
122 1 114 6 2 109 4 3
118 2 118 8 1 112 5 4
124 3 112 2 2 115 6 5
120 1 116 4 3 118 7 6
116 2 120 6 1 121 8 7
122 3 114 8 2 124 1 8
128 1 118 10 3 117 2 9
124 2 122 12 1 120 3 10
130 3 126 14 2 123 1 1
136 4 120 6 3 126 2 2
132 1 124 8 4 129 3 3
128 2 128 10 1 132 4 4
134 3 122 2 2 135 5 5
140 1 126 4 3 128 6 6
136 2 130 6 1 131 7 7
132 1 134 8 2 134 8 8
138 2 128 10 3 137 1 9
134 3 132 12 1 140 2 10
140 4 136 4 2 143 3 1

waitingTimeCarsGone
137
0
162
0
149
108
79
0
67
0
54
48
51
0
48
0
32
35
27
0
33
0
37
39
31
0
32
0
25
35
29
0
39
0
27
8
10
0
18
0
14
12
10
0
15
0
11
16
10
0
8
0
4
2
3
0
3
0
5
3
3
0
2
0
3
3
5
0
3
0
3
2

waitingTimeCarsLeft
0
0
18
17
14
0
13
0
13
13
13
0
13
0
13
13
13
0
13
0
13
13
13
0
13
0
13
13
13
0
13
0
13
13
13
0
9
0
7
7
7
0
7
0
7
7
7
0
7
0
7
7
3
0
3
0
3
3
3
0
3
0
3
3
3
0
3
0
1
