9
5 2 2 7 1 3 2 1
10
101
1599
31627,5
carsInLane
5 2 2 7 1 3 2 1
10 4 2 7 2 6 4 2
5 2 4 14 3 9 6 3
10 4 2 11 4 12 8 4
15 2 4 18 5 5 10 5
20 4 6 15 6 8 12 1
15 6 8 22 1 11 14 2
20 8 2 19 2 14 16 3
15 2 4 26 3 17 18 4
20 4 6 23 4 20 20 1
25 6 8 30 5 23 12 1
30 8 2 27 6 26 14 2
25 2 4 34 7 29 16 3
30 4 2 31 8 32 18 4
35 6 4 38 1 25 20 5
40 8 6 35 2 28 22 1
35 2 8 42 3 31 24 2
40 4 2 39 4 34 26 3
35 6 4 46 1 37 28 4
40 8 6 43 2 40 30 1
45 10 8 50 3 43 22 1
50 12 2 47 4 46 24 2
45 4 4 54 5 49 26 3
50 6 2 51 6 52 28 4
55 8 4 58 1 45 30 5
60 10 6 55 2 48 32 1
55 2 8 62 3 51 34 2
60 4 2 59 4 54 36 3
55 6 4 66 1 57 38 4
60 8 6 63 2 60 40 1
65 10 8 70 3 63 32 1
70 12 2 67 4 66 34 2
65 4 4 74 5 69 36 3
70 6 2 71 6 72 38 4
75 8 4 78 1 65 40 5
80 10 6 75 2 68 42 1
75 2 8 82 3 71 44 2
80 4 2 79 4 74 46 3
75 6 4 86 1 77 48 4
80 8 6 83 2 80 50 1
85 10 8 90 3 83 42 1
90 12 2 87 4 86 44 2
85 4 4 94 5 89 46 3
90 6 2 91 6 92 48 4
95 8 4 98 1 85 50 5
100 10 6 95 2 88 52 1
95 2 8 102 3 91 54 2
100 4 2 99 4 94 56 3
95 6 4 106 1 97 58 4
100 8 6 103 2 100 60 1
105 10 8 110 3 103 52 1
110 12 2 107 4 106 54 2
105 4 4 114 5 109 56 3
110 6 2 111 6 112 58 4
115 8 4 118 1 105 60 5
120 10 6 115 2 108 62 1
115 2 8 122 3 111 64 2
120 4 2 119 4 114 66 3
115 6 4 126 1 117 68 4
120 8 6 123 2 120 70 1
125 10 8 130 3 123 62 1
130 12 2 127 4 126 64 2
125 4 4 134 5 129 66 3
130 6 2 131 6 132 68 4
135 8 4 138 1 125 70 5
140 10 6 135 2 128 72 1
135 2 8 142 3 131 74 2
140 4 2 139 4 134 76 3
135 6 4 146 1 137 78 4
140 8 6 143 2 140 80 1
145 10 8 150 3 143 72 1
150 12 2 147 4 146 74 2
145 4 4 154 5 149 76 3
150 6 2 151 6 152 78 4
155 8 4 158 1 145 80 5
160 10 6 155 2 148 82 1
155 2 8 162 3 151 84 2
160 4 2 159 4 154 86 3
155 6 4 166 1 157 88 4
160 8 6 163 2 160 90 1
165 10 8 170 3 163 82 1
170 12 2 167 4 166 84 2
165 4 4 174 5 169 86 3
170 6 2 171 6 172 88 4
175 8 4 178 1 165 90 5
180 10 6 175 2 168 92 1
175 2 8 182 3 171 94 2
180 4 2 179 4 174 96 3
175 6 4 186 1 177 98 4
180 8 6 183 2 180 100 1
185 10 8 190 3 183 92 1
190 12 2 187 4 186 94 2
185 4 4 194 5 189 96 3
190 6 2 191 6 192 98 4
195 8 4 198 1 185 100 5
200 10 6 195 2 188 102 1
195 2 8 202 3 191 104 2
200 4 2 199 4 194 106 3
195 6 4 206 1 197 108 4
200 8 6 203 2 200 110 1
205 10 8 210 3 203 102 1

waitingTimeCarsGone
153
0
164
0
147
147
75
0
51
0
30
32
28
0
28
0
31
29
25
0
25
0
32
32
28
0
26
0
29
29
26
0
28
0
32
32
25
0
25
0
29
31
28
0
20
0
14
12
7
0
7
0
15
15
10
0
8
0
12
12
3
0
5
0
5
5
2
0
2
0
2
4
5
0
5
0
4
2
2
0
2
0
5
3
3
0
1
0
0
0
1
0
3
0
3
3

waitingTimeCarsLeft
0
0
21
20
20
0
19
0
19
17
17
0
17
0
17
17
17
0
17
0
17
17
17
0
17
0
17
17
17
0
17
0
17
17
17
0
17
0
17
17
17
0
17
0
14
10
10
0
10
0
10
10
10
0
10
0
10
10
10
0
10
0
10
5
5
0
5
0
5
5
5
0
5
0
5
5
5
0
3
0
3
3
3
0
3
0
3
3
3
0
3
0
3
3
3
0
3
0
3
3
3
0
2
