5
5 2 2 7 1 3 2 1
12
101
1800
27237,38
carsInLane
5 2 2 7 1 3 2 1
10 4 2 7 2 6 4 2
5 2 4 14 3 9 6 3
10 4 2 9 4 12 8 4
15 2 4 16 5 3 10 5
20 4 6 11 6 6 12 1
25 6 2 18 7 9 2 2
30 8 4 25 1 3 4 3
23 2 6 32 2 6 6 4
28 4 2 27 3 9 8 5
33 6 4 22 4 12 10 1
26 2 6 29 5 15 12 2
31 4 2 36 6 18 2 3
36 6 4 43 1 9 4 4
41 8 6 38 2 12 6 1
34 2 8 45 3 15 8 2
39 4 2 40 4 18 10 3
32 6 4 47 1 21 12 4
37 8 2 54 2 24 2 5
42 2 4 61 3 15 4 6
47 4 6 56 4 18 6 1
52 6 2 51 5 21 8 2
45 2 4 58 6 24 10 3
50 4 6 65 1 15 12 4
55 6 2 72 2 18 2 5
60 8 4 67 3 21 4 1
65 10 2 62 4 24 6 2
58 2 4 69 5 27 8 3
63 4 2 64 6 30 10 4
68 6 4 71 1 21 12 5
73 8 6 78 2 24 2 1
78 10 2 73 3 27 4 2
71 2 4 80 4 30 6 3
76 4 2 75 5 33 8 4
69 6 4 82 1 36 10 5
74 2 6 89 2 27 12 6
79 4 8 96 3 30 2 1
84 6 2 91 4 33 4 2
89 8 4 86 5 36 6 1
82 2 6 93 6 39 8 2
87 4 8 100 1 30 10 3
92 6 2 95 2 33 12 4
97 8 2 102 3 36 2 5
102 10 4 97 4 39 4 1
95 2 6 104 5 42 6 2
100 4 2 99 6 45 8 3
105 6 4 106 1 36 10 4
98 2 6 113 2 39 12 5
103 4 8 120 3 42 2 1
108 6 2 115 4 45 4 2
113 8 4 110 5 48 6 1
106 2 6 117 6 51 8 2
111 4 8 124 1 42 10 3
116 6 2 119 2 45 12 4
121 8 2 126 3 48 2 5
126 10 4 121 4 51 4 1
119 2 6 128 5 54 6 2
124 4 2 123 6 57 8 3
129 6 4 130 1 48 10 4
122 2 6 137 2 51 12 5
127 4 8 144 3 54 2 1
132 6 2 139 4 57 4 2
137 8 4 134 5 60 6 1
130 2 6 141 6 63 8 2
135 4 8 148 1 54 10 3
140 6 2 143 2 57 12 4
145 8 2 150 3 60 2 5
150 10 4 145 4 63 4 1
143 2 6 152 5 66 6 2
148 4 2 147 6 69 8 3
153 6 4 154 1 60 10 4
146 2 6 161 2 63 12 5
151 4 8 168 3 66 2 1
156 6 2 163 4 69 4 2
161 8 4 158 5 72 6 1
154 2 6 165 6 75 8 2
159 4 8 172 1 66 10 3
164 6 2 167 2 69 12 4
169 8 2 174 3 72 2 5
174 10 4 169 4 75 4 1
167 2 6 176 5 78 6 2
172 4 2 171 6 81 8 3
177 6 4 178 1 72 10 4
170 2 6 185 2 75 12 5
175 4 8 192 3 78 2 1
180 6 2 187 4 81 4 2
185 8 4 182 5 84 6 1
178 2 6 189 6 87 8 2
183 4 8 196 1 78 10 3
188 6 2 191 2 81 12 4
193 8 2 198 3 84 2 5
198 10 4 193 4 87 4 1
191 2 6 200 5 90 6 2
196 4 2 195 6 93 8 3
201 6 4 202 1 84 10 4
194 2 6 209 2 87 12 5
199 4 8 216 3 90 2 1
204 6 2 211 4 93 4 2
209 8 4 206 5 96 6 1
202 2 6 213 6 99 8 2
207 4 8 220 1 90 10 3

waitingTimeCarsGone
220
0
207
180
0
145
106
86
0
32
33
0
33
37
0
26
23
30
0
40
30
0
24
36
30
0
22
35
0
42
23
0
23
40
33
0
26
32
0
34
25
0
32
28
11
0
7
10
0
11
7
5
0
5
10
0
11
6
0
4

waitingTimeCarsLeft
0
21
0
20
18
0
17
17
15
0
15
15
0
15
15
0
15
15
15
0
15
15
0
15
15
15
0
15
15
0
15
15
0
15
15
15
0
15
15
0
15
15
0
13
5
5
0
5
5
0
5
5
5
0
5
5
0
5
5
0
2
