5
5 2 2 7 1 3 2 1
10
101
1602
32616
carsInLane
5 2 2 7 1 3 2 1
10 4 2 7 2 6 4 2
5 2 4 14 3 9 6 3
10 4 2 11 4 12 8 4
15 2 4 18 5 5 10 5
20 4 6 15 6 8 12 1
25 6 2 22 7 11 4 2
30 8 4 29 1 4 6 3
25 2 6 36 2 7 8 4
30 4 2 33 3 10 10 5
35 6 4 30 4 13 12 1
30 2 6 37 5 16 14 2
35 4 2 44 6 19 6 3
40 6 4 51 1 12 8 4
45 8 6 48 2 15 10 1
50 10 2 45 3 18 12 2
45 2 4 52 4 21 14 3
50 4 2 49 5 24 16 4
55 6 2 56 6 27 8 5
60 8 4 63 1 20 10 6
65 10 6 60 2 23 12 1
60 2 8 67 3 26 14 2
65 4 2 64 4 29 16 3
60 6 4 71 1 32 18 4
65 8 2 78 2 35 10 5
70 2 4 85 3 28 12 6
75 4 6 82 4 31 14 1
80 6 2 79 5 34 16 2
75 2 4 86 6 37 18 3
80 4 6 93 1 30 20 4
85 6 2 100 2 33 12 5
90 8 4 97 3 36 14 1
95 10 2 94 4 39 16 2
90 2 4 101 5 42 18 3
95 4 2 98 6 45 20 4
100 6 4 105 1 38 22 5
105 8 6 112 2 41 14 1
110 10 2 109 3 44 16 2
105 2 4 116 4 47 18 3
110 4 2 113 5 50 20 4
115 6 4 110 6 53 22 1
120 8 6 117 1 46 24 2
125 10 2 124 2 49 16 3
120 2 4 131 3 52 18 4
125 4 6 128 4 55 20 1
130 6 2 125 5 58 22 2
125 2 4 132 6 61 24 3
130 4 6 139 1 54 26 4
135 6 2 146 2 57 18 5
140 8 4 143 3 60 20 1
135 2 6 150 4 63 22 2
140 4 2 147 5 66 24 3
145 6 4 144 6 69 26 1
150 8 6 151 1 62 28 2
155 10 2 158 2 65 20 3
150 2 4 165 3 68 22 4
155 4 6 162 4 71 24 1
160 6 2 159 5 74 26 2
155 2 4 166 6 77 28 3
160 4 6 173 1 70 30 4
165 6 2 180 2 73 22 5
170 8 4 177 3 76 24 1
175 10 2 174 4 79 26 2
170 2 4 181 5 82 28 3
175 4 2 178 6 85 30 4
180 6 4 185 1 78 32 5
185 8 6 192 2 81 24 1
190 10 2 189 3 84 26 2
185 2 4 196 4 87 28 3
190 4 2 193 5 90 30 4
195 6 4 190 6 93 32 1
200 8 6 197 1 86 34 2
205 10 2 204 2 89 26 3
200 2 4 211 3 92 28 4
205 4 6 208 4 95 30 1
210 6 2 205 5 98 32 2
205 2 4 212 6 101 34 3
210 4 6 219 1 94 36 4
215 6 2 226 2 97 28 5
220 8 4 223 3 100 30 1
215 2 6 230 4 103 32 2
220 4 2 227 5 106 34 3
225 6 4 224 6 109 36 1
230 8 6 231 1 102 38 2
235 10 2 238 2 105 30 3
230 2 4 245 3 108 32 4
235 4 6 242 4 111 34 1
240 6 2 239 5 114 36 2
235 2 4 246 6 117 38 3
240 4 6 253 1 110 40 4
245 6 2 260 2 113 32 5
250 8 4 257 3 116 34 1
255 10 2 254 4 119 36 2
250 2 4 261 5 122 38 3
255 4 2 258 6 125 40 4
260 6 4 265 1 118 42 5
265 8 6 272 2 121 34 1
270 10 2 269 3 124 36 2
265 2 4 276 4 127 38 3
270 4 2 273 5 130 40 4
275 6 4 270 6 133 42 1
*
waitingTimeCarsGone
181
0
185
0
145
92
80
0
48
0
40
21
33
0
25
0
23
38
30
0
33
0
30
38
19
0
30
0
21
15
31
0
13
0
18
14
29
0
23
0
24
23
11
0
20
0
17
26
14
0
19
0
19
12
28
0
18
0
25
11
13
0
10
0
8
8
1
0
5
0
10
5
0
0
5
0
5
0
5
0
5
*
waitingTimeCarsLeft
0
0
22
21
19
0
17
0
17
17
17
0
17
0
17
17
17
0
17
0
17
17
17
0
17
0
17
17
17
0
17
0
17
15
15
0
15
0
15
15
15
0
15
0
15
15
15
0
15
0
15
15
15
0
15
0
15
15
12
0
8
0
8
5
5
0
5
0
5
5
5
0
5
0
5
5
5
0
5
0
5
5
5
