9
5 2 2 7 1 3 2 1
12
101
1799
27306,41
carsInLane
5 2 2 7 1 3 2 1
10 4 2 7 2 6 4 2
5 2 4 14 3 9 6 3
10 4 2 9 4 12 8 4
15 2 4 16 5 3 10 5
20 4 6 11 6 6 12 1
13 6 8 18 1 9 14 2
18 8 2 13 2 12 16 3
11 2 4 20 3 15 18 4
16 4 6 15 4 18 20 1
21 6 8 22 5 21 10 1
26 8 2 17 6 24 12 2
19 2 4 24 7 27 14 3
24 4 6 31 1 18 16 4
29 6 2 26 2 21 18 5
22 2 4 33 3 24 20 6
27 4 6 28 4 27 22 1
32 6 2 23 5 30 24 2
25 2 4 30 6 33 26 3
30 4 6 37 1 24 28 4
35 6 8 44 2 27 18 1
40 8 2 39 3 30 20 2
33 2 4 46 4 33 22 3
38 4 2 41 5 36 24 4
43 6 4 36 6 39 26 1
36 8 6 43 1 42 28 2
41 2 8 50 2 33 30 3
46 4 2 45 3 36 32 4
39 2 4 52 4 39 34 5
44 4 6 47 5 42 36 1
49 6 8 54 6 45 26 1
54 8 2 49 7 48 28 2
47 2 4 56 8 51 30 3
52 4 2 51 9 54 32 4
57 6 4 58 1 45 34 5
62 8 6 53 2 48 36 1
55 2 8 60 3 51 38 2
60 4 2 55 4 54 40 3
53 6 4 62 1 57 42 4
58 8 6 57 2 60 44 1
63 10 8 64 3 63 34 1
68 2 10 71 4 54 36 2
73 4 2 66 5 57 38 3
66 6 4 73 1 60 40 4
71 8 6 68 2 63 42 1
64 2 8 75 3 66 44 2
69 4 2 70 4 69 46 3
62 6 4 77 1 72 48 4
67 8 6 72 2 75 50 1
72 2 8 79 3 66 52 2
77 4 10 86 4 69 42 1
82 6 2 81 5 72 44 2
75 2 4 88 6 75 46 3
80 4 2 83 7 78 48 4
73 6 4 90 1 81 50 5
78 8 6 85 2 84 52 1
83 2 8 92 3 75 54 2
88 4 2 87 4 78 56 3
81 6 4 94 1 81 58 4
86 8 6 89 2 84 60 1
91 10 8 96 3 87 50 1
96 12 2 91 4 90 52 2
89 2 4 98 5 93 54 3
94 4 2 93 6 96 56 4
99 6 4 100 1 87 58 5
104 8 6 95 2 90 60 1
97 2 8 102 3 93 62 2
102 4 2 97 4 96 64 3
95 6 4 104 1 99 66 4
100 8 6 99 2 102 68 1
105 10 8 106 3 105 58 1
110 2 10 113 4 96 60 2
115 4 2 108 5 99 62 3
108 6 4 115 1 102 64 4
113 8 6 110 2 105 66 1
106 2 8 117 3 108 68 2
111 4 2 112 4 111 70 3
104 6 4 119 1 114 72 4
109 8 6 114 2 117 74 1
114 2 8 121 3 108 76 2
119 4 10 128 4 111 66 1
124 6 2 123 5 114 68 2
117 2 4 130 6 117 70 3
122 4 2 125 7 120 72 4
115 6 4 132 1 123 74 5
120 8 6 127 2 126 76 1
125 2 8 134 3 117 78 2
130 4 2 129 4 120 80 3
123 6 4 136 1 123 82 4
128 8 6 131 2 126 84 1
133 10 8 138 3 129 74 1
138 12 2 133 4 132 76 2
131 2 4 140 5 135 78 3
136 4 2 135 6 138 80 4
141 6 4 142 1 129 82 5
146 8 6 137 2 132 84 1
139 2 8 144 3 135 86 2
144 4 2 139 4 138 88 3
137 6 4 146 1 141 90 4
142 8 6 141 2 144 92 1
147 10 8 148 3 147 82 1
*
waitingTimeCarsGone
179
0
191
164
0
153
72
57
0
57
60
0
40
41
0
42
45
65
0
59
37
0
45
35
44
0
60
53
0
36
22
0
22
17
21
0
16
14
0
18
16
0
8
5
8
0
7
7
0
5
5
7
0
7
8
0
5
7
0
7
5
5
0
5
8
0
3
3
3
*
waitingTimeCarsLeft
0
21
0
20
20
0
19
17
17
0
17
17
0
17
17
0
17
17
17
0
17
17
0
17
17
17
0
17
17
0
17
11
0
10
10
10
0
10
10
0
10
10
0
7
5
5
0
5
5
0
5
5
5
0
5
5
0
5
5
0
3
3
3
0
3
