9
1 1 5 2 3 1 4 5
10
101
1793
24215,5
carsInLane
1 1 5 2 3 1 4 5
2 2 5 4 6 2 4 10
3 3 10 2 9 3 8 5
4 4 5 4 12 4 4 10
1 5 10 6 5 5 8 15
2 6 15 8 8 6 4 10
3 7 10 2 11 7 8 15
4 8 15 4 14 8 4 10
5 9 20 6 7 1 8 15
6 10 15 8 10 2 4 20
1 1 20 10 13 3 8 25
2 2 25 2 16 4 12 20
3 3 20 4 19 5 6 25
4 4 25 6 22 6 4 20
5 5 20 2 25 7 8 25
6 6 25 4 28 8 4 20
7 7 30 6 21 1 8 25
8 8 25 8 24 2 4 30
9 9 30 2 27 3 8 25
10 10 25 4 30 4 4 30
1 1 30 6 33 5 8 35
2 2 35 8 36 6 4 30
3 3 30 2 39 7 8 35
4 4 35 4 32 1 12 40
5 5 40 6 35 2 6 35
6 6 35 8 38 3 4 40
7 7 40 2 41 4 8 35
1 8 45 4 34 5 12 40
2 9 40 6 37 6 6 45
3 10 45 2 40 7 10 40
1 1 50 4 43 8 14 45
2 2 45 6 46 9 8 50
3 3 50 8 49 10 4 45
4 4 55 10 42 1 8 50
5 5 50 2 45 2 12 55
6 6 55 4 48 3 6 50
7 7 50 6 51 4 4 55
8 8 55 2 54 5 8 50
9 9 50 4 57 6 4 55
1 10 55 6 50 7 8 60
1 1 60 8 53 8 12 65
2 2 65 10 56 9 6 60
3 3 60 2 59 10 10 65
4 4 65 4 52 1 14 70
5 5 70 6 55 2 8 65
6 6 65 8 58 3 4 70
7 7 70 2 61 4 8 65
8 8 65 4 64 5 4 70
9 9 70 2 67 6 8 65
10 10 65 4 70 7 4 70
1 1 70 6 73 8 8 75
2 2 75 8 76 9 4 70
3 3 80 10 69 1 8 75
4 4 75 2 72 2 12 80
5 5 80 4 75 3 6 75
6 6 75 6 78 4 4 80
7 7 80 2 81 5 8 75
1 8 85 4 74 6 12 80
2 9 80 6 77 7 6 85
3 10 85 2 80 8 10 80
1 1 90 4 83 9 14 85
2 2 85 6 86 10 8 90
3 3 90 8 79 1 12 95
4 4 95 10 82 2 6 90
5 5 90 2 85 3 10 95
6 6 95 4 88 4 4 90
7 7 90 6 91 5 4 95
8 8 95 2 94 6 8 90
9 9 90 4 97 7 4 95
1 10 95 6 90 8 8 100
1 1 100 8 93 9 12 105
2 2 105 10 96 10 6 100
3 3 110 12 89 1 10 105
4 4 105 4 92 2 14 110
5 5 110 6 95 3 8 105
6 6 105 8 98 4 4 110
7 7 110 2 101 5 8 105
8 8 105 4 104 6 4 110
9 9 110 2 107 7 8 105
10 10 105 4 110 8 4 110
1 1 110 6 113 9 8 115
2 2 115 8 116 10 4 110
3 3 120 10 109 1 8 115
4 4 115 2 112 2 12 120
5 5 120 4 115 3 6 115
6 6 115 6 118 4 4 120
7 7 120 2 121 5 8 115
1 8 125 4 114 6 12 120
2 9 120 6 117 7 6 125
3 10 125 2 120 8 10 120
1 1 130 4 123 9 14 125
2 2 125 6 126 10 8 130
3 3 130 8 119 1 12 135
4 4 135 10 122 2 6 130
5 5 130 2 125 3 10 135
6 6 135 4 128 4 4 130
7 7 130 6 131 5 4 135
8 8 135 2 134 6 8 130
9 9 130 4 137 7 4 135
1 10 135 6 130 8 8 140
1 1 140 8 133 9 12 145
*
waitingTimeCarsGone
249
0
286
0
182
105
88
0
57
0
57
53
46
0
56
0
30
16
46
0
40
0
28
34
21
0
41
0
36
7
40
0
40
0
28
34
21
0
41
0
36
8
8
0
6
0
6
6
1
0
0
0
0
2
3
0
6
0
6
6
4
0
3
0
2
3
3
0
2
*
waitingTimeCarsLeft
0
0
20
16
16
0
16
0
14
14
14
0
14
0
14
13
13
0
13
0
13
13
13
0
13
0
13
13
13
0
13
0
13
13
13
0
13
0
13
13
13
0
8
0
3
3
3
0
3
0
3
3
3
0
3
0
3
3
3
0
3
0
3
3
3
0
3
0
1
