5
1 1 5 2 3 1 4 5
12
86
1889
19007,83
carsInLane
1 1 5 2 3 1 4 5
2 2 5 4 6 2 4 10
3 3 10 2 9 3 8 5
4 4 5 4 12 4 4 10
1 5 10 6 3 5 8 15
2 6 15 8 6 6 4 8
3 1 20 10 9 1 8 13
4 2 13 2 12 2 12 18
5 3 18 4 15 3 4 11
6 4 11 6 18 4 4 16
7 5 16 8 9 1 8 21
1 1 21 10 12 2 12 26
2 2 26 12 15 3 4 19
3 3 31 2 18 4 8 12
4 4 24 4 21 5 4 17
5 5 17 6 24 6 4 22
6 6 22 8 15 1 8 27
1 1 27 10 18 2 12 32
2 2 32 12 21 3 4 25
3 3 37 2 24 4 8 18
4 4 30 4 27 5 4 23
5 5 23 6 30 6 4 28
6 6 28 8 21 1 8 33
1 1 33 10 24 2 12 38
2 2 38 12 27 3 4 31
3 3 43 2 30 4 8 24
4 4 36 4 33 5 4 29
5 5 29 6 36 6 4 34
6 6 34 8 27 1 8 39
1 1 39 10 30 2 12 44
2 2 44 12 33 3 4 37
3 3 49 2 36 4 8 30
4 4 42 4 39 5 4 35
5 5 35 6 42 6 4 40
6 6 40 8 33 1 8 45
1 1 45 10 36 2 12 50
2 2 50 12 39 3 4 43
3 3 55 2 42 4 8 36
4 4 48 4 45 5 4 41
5 5 41 6 48 6 4 46
6 6 46 8 39 1 8 51
1 1 51 10 42 2 12 56
2 2 56 12 45 3 4 49
3 3 61 2 48 4 8 42
4 4 54 4 51 5 4 47
5 5 47 6 54 6 4 52
6 6 52 8 45 1 8 57
1 1 57 10 48 2 12 62
2 2 62 12 51 3 4 55
3 3 67 2 54 4 8 48
4 4 60 4 57 5 4 53
5 5 53 6 60 6 4 58
6 6 58 8 51 1 8 63
1 1 63 10 54 2 12 68
2 2 68 12 57 3 4 61
3 3 73 2 60 4 8 54
4 4 66 4 63 5 4 59
5 5 59 6 66 6 4 64
6 6 64 8 57 1 8 69
1 1 69 10 60 2 12 74
2 2 74 12 63 3 4 67
3 3 79 2 66 4 8 60
4 4 72 4 69 5 4 65
5 5 65 6 72 6 4 70
6 6 70 8 63 1 8 75
1 1 75 10 66 2 12 80
2 2 80 12 69 3 4 73
3 3 85 2 72 4 8 66
4 4 78 4 75 5 4 71
5 5 71 6 78 6 4 76
6 6 76 8 69 1 8 81
1 1 81 10 72 2 12 86
2 2 86 12 75 3 4 79
3 3 91 2 78 4 8 72
4 4 84 4 81 5 4 77
5 5 77 6 84 6 4 82
6 6 82 8 75 1 8 87
1 1 87 10 78 2 12 92
2 2 92 12 81 3 4 85
3 3 97 2 84 4 8 78
4 4 90 4 87 5 4 83
5 5 83 6 90 6 4 88
6 6 88 8 81 1 8 93
1 1 93 10 84 2 12 98
2 2 98 12 87 3 4 91
3 3 103 2 90 4 8 84
4 4 96 4 93 5 4 89
5 5 89 6 96 6 4 94
6 6 94 8 87 1 8 99
1 1 99 10 90 2 12 104
2 2 104 12 93 3 4 97
3 3 109 2 96 4 8 90
4 4 102 4 99 5 4 95
5 5 95 6 102 6 4 100
6 6 100 8 93 1 8 105
1 1 105 10 96 2 12 110
2 2 110 12 99 3 4 103
3 3 115 2 102 4 8 96
4 4 108 4 105 5 4 101
5 5 101 6 108 6 4 106
6 6 106 8 99 1 8 111

waitingTimeCarsGone
305
15
233
184
52
71
122
124
45
2
46
46
26
20
46
46
10
36
46
46
26
20
46
46
10
36
43
35
14
9
11
6
0
6
6
6
0
6
6
6
0
6
6
6
0
6
3
0
3

waitingTimeCarsLeft
0
20
0
19
15
15
0
13
13
0
13
13
13
13
0
13
13
0
13
13
13
13
0
13
13
0
13
13
13
9
0
4
3
0
3
3
3
0
3
3
3
0
3
3
3
