9
1 1 5 2 3 1 4 5
12
101
1971
16856,51
carsInLane
1 1 5 2 3 1 4 5
2 2 5 4 6 2 4 10
3 3 10 2 9 3 8 5
4 4 5 4 12 4 4 10
1 5 10 6 3 5 8 15
2 6 15 8 6 6 4 8
3 7 8 2 9 7 8 13
4 8 13 4 12 8 4 6
5 9 18 6 3 1 8 11
6 10 11 8 6 2 4 16
1 1 16 10 9 3 8 21
2 2 21 2 12 4 12 14
3 3 14 4 15 5 4 19
4 4 19 2 18 6 8 12
5 5 12 4 21 7 4 17
6 6 17 6 12 1 8 22
7 7 22 8 15 2 4 15
8 8 15 2 18 3 8 20
9 9 20 4 21 4 4 13
1 10 25 6 12 5 8 18
1 1 30 8 15 6 12 23
2 2 23 10 18 7 4 28
3 3 28 2 21 8 8 21
4 4 21 4 24 9 4 26
5 5 26 6 15 1 8 31
6 6 31 8 18 2 4 24
7 7 24 2 21 3 8 29
8 8 29 4 24 4 4 22
9 9 22 6 27 5 4 27
1 10 27 8 18 6 8 32
1 1 32 10 21 7 12 37
2 2 37 12 24 8 4 30
3 3 30 2 27 9 8 35
4 4 35 4 30 10 4 28
5 5 40 6 21 1 8 33
6 6 33 8 24 2 4 38
7 7 38 2 27 3 8 31
8 8 31 4 30 4 4 36
9 9 36 2 33 5 8 29
10 10 29 4 36 6 4 34
1 1 34 6 39 7 8 39
2 2 39 8 42 8 4 32
3 3 44 10 33 1 8 37
4 4 37 2 36 2 12 42
5 5 42 4 39 3 4 35
6 6 35 6 42 4 4 40
1 7 40 8 33 5 8 45
2 8 45 2 36 6 12 38
3 9 38 4 39 7 4 43
4 10 43 2 42 8 8 36
1 1 48 4 45 9 12 41
2 2 41 6 48 10 4 46
3 3 46 8 39 1 8 51
4 4 51 2 42 2 12 44
5 5 44 4 45 3 4 49
6 6 49 2 48 4 8 42
7 7 42 4 51 5 4 47
1 8 47 6 42 6 8 52
2 9 52 8 45 7 4 45
3 10 45 2 48 8 8 50
1 1 50 4 51 9 12 55
2 2 55 6 54 10 4 48
3 3 60 8 45 1 8 53
4 4 53 10 48 2 4 58
5 5 58 2 51 3 8 51
6 6 51 4 54 4 4 56
1 7 56 6 45 5 8 61
2 8 61 8 48 6 4 54
3 9 54 2 51 7 8 59
4 10 59 4 54 8 4 52
1 1 64 6 57 9 8 57
2 2 57 8 60 10 4 62
3 3 62 10 51 1 8 67
4 4 67 2 54 2 12 60
5 5 60 4 57 3 4 65
6 6 65 2 60 4 8 58
7 7 58 4 63 5 4 63
1 8 63 6 54 6 8 68
2 9 68 8 57 7 4 61
3 10 61 2 60 8 8 66
1 1 66 4 63 9 12 71
2 2 71 6 66 10 4 64
3 3 76 8 57 1 8 69
4 4 69 10 60 2 4 74
5 5 74 2 63 3 8 67
6 6 67 4 66 4 4 72
7 7 72 2 69 5 8 65
8 8 65 4 72 6 4 70
1 9 70 6 63 7 8 75
2 10 75 8 66 8 4 68
1 1 80 10 69 9 8 73
2 2 73 2 72 10 12 78
3 3 78 4 63 1 16 83
4 4 83 6 66 2 8 76
5 5 76 8 69 3 4 81
6 6 81 2 72 4 8 74
7 7 74 4 75 5 4 79
8 8 79 2 78 6 8 72
9 9 72 4 81 7 4 77
1 10 77 6 72 8 8 82
1 1 82 8 75 9 12 87

waitingTimeCarsGone
300
0
305
178
0
139
100
111
0
110
96
0
85
71
0
54
65
69
0
67
68
0
51
25
14
0
9
9
0
12
9
0
6
9
3
0
3
3

waitingTimeCarsLeft
0
18
0
16
16
0
16
14
14
0
14
14
0
14
13
0
13
13
13
0
13
13
0
8
5
3
0
3
3
0
3
3
0
3
3
3
