5
1 1 5 2 3 1 4 5
10
101
1727
25883,5
carsInLane
1 1 5 2 3 1 4 5
2 2 5 4 6 2 4 10
3 3 10 2 9 3 8 5
4 4 5 4 12 4 4 10
1 5 10 6 5 5 8 15
2 6 15 8 8 6 4 10
3 1 20 10 11 1 8 15
4 2 15 2 14 2 12 20
5 3 20 4 17 3 6 15
6 4 15 6 20 4 4 20
7 5 20 8 13 1 8 25
1 1 25 10 16 2 12 30
2 2 30 12 19 3 6 25
3 3 35 4 22 4 10 20
4 4 30 6 25 5 4 25
5 5 25 2 28 6 8 30
6 6 30 4 21 1 12 35
1 1 35 6 24 2 16 40
2 2 40 8 27 3 10 35
3 3 35 10 30 4 4 40
4 4 40 2 33 5 8 35
5 5 35 4 36 6 4 40
6 6 40 6 29 1 8 45
1 1 45 8 32 2 12 50
2 2 50 10 35 3 6 45
3 3 45 2 38 4 10 50
4 4 50 4 41 5 4 45
5 5 45 6 44 6 4 50
6 6 50 8 37 1 8 55
1 1 55 10 40 2 12 60
2 2 60 12 43 3 6 55
3 3 65 4 46 4 10 50
4 4 60 6 49 5 4 55
5 5 55 2 52 6 8 60
6 6 60 4 45 1 12 65
1 1 65 6 48 2 16 70
2 2 70 8 51 3 10 65
3 3 65 10 54 4 4 70
4 4 70 2 57 5 8 65
5 5 65 4 60 6 4 70
6 6 70 6 53 1 8 75
1 1 75 8 56 2 12 80
2 2 80 10 59 3 6 75
3 3 75 2 62 4 10 80
4 4 80 4 65 5 4 75
5 5 75 6 68 6 4 80
6 6 80 8 61 1 8 85
1 1 85 10 64 2 12 90
2 2 90 12 67 3 6 85
3 3 95 4 70 4 10 80
4 4 90 6 73 5 4 85
5 5 85 2 76 6 8 90
6 6 90 4 69 1 12 95
1 1 95 6 72 2 16 100
2 2 100 8 75 3 10 95
3 3 95 10 78 4 4 100
4 4 100 2 81 5 8 95
5 5 95 4 84 6 4 100
6 6 100 6 77 1 8 105
1 1 105 8 80 2 12 110
2 2 110 10 83 3 6 105
3 3 105 2 86 4 10 110
4 4 110 4 89 5 4 105
5 5 105 6 92 6 4 110
6 6 110 8 85 1 8 115
1 1 115 10 88 2 12 120
2 2 120 12 91 3 6 115
3 3 125 4 94 4 10 110
4 4 120 6 97 5 4 115
5 5 115 2 100 6 8 120
6 6 120 4 93 1 12 125
1 1 125 6 96 2 16 130
2 2 130 8 99 3 10 125
3 3 125 10 102 4 4 130
4 4 130 2 105 5 8 125
5 5 125 4 108 6 4 130
6 6 130 6 101 1 8 135
1 1 135 8 104 2 12 140
2 2 140 10 107 3 6 135
3 3 135 2 110 4 10 140
4 4 140 4 113 5 4 135
5 5 135 6 116 6 4 140
6 6 140 8 109 1 8 145
1 1 145 10 112 2 12 150
2 2 150 12 115 3 6 145
3 3 155 4 118 4 10 140
4 4 150 6 121 5 4 145
5 5 145 2 124 6 8 150
6 6 150 4 117 1 12 155
1 1 155 6 120 2 16 160
2 2 160 8 123 3 10 155
3 3 155 10 126 4 4 160
4 4 160 2 129 5 8 155
5 5 155 4 132 6 4 160
6 6 160 6 125 1 8 165
1 1 165 8 128 2 12 170
2 2 170 10 131 3 6 165
3 3 165 2 134 4 10 170
4 4 170 4 137 5 4 165
5 5 165 6 140 6 4 170
6 6 170 8 133 1 8 175
*
waitingTimeCarsGone
239
0
257
0
210
128
99
0
76
0
31
23
24
0
29
0
18
20
28
0
23
0
25
28
19
0
19
0
28
25
23
0
28
0
20
18
29
0
24
0
23
30
18
0
18
0
30
23
24
0
24
0
3
5
3
0
3
0
5
3
4
0
4
0
3
5
3
0
3
0
2
*
waitingTimeCarsLeft
0
0
20
19
15
0
15
0
13
13
13
0
13
0
13
13
13
0
13
0
13
13
13
0
13
0
13
13
13
0
13
0
13
13
13
0
13
0
13
13
13
0
13
0
13
13
13
0
13
0
13
13
8
0
3
0
3
3
3
0
3
0
3
3
3
0
3
0
1
