5
1 2 1 2 2 2 8 7
12
67
2188
20602,82
carsInLane
1 2 1 2 2 2 8 7
2 4 2 4 4 4 8 7
3 6 3 6 6 6 8 7
4 8 4 8 8 8 8 7
5 2 5 10 10 2 16 14
6 4 6 12 12 4 12 9
7 6 7 14 2 2 20 16
8 8 1 4 4 4 28 23
1 2 2 6 6 6 36 30
2 4 3 8 8 8 32 25
3 6 4 10 10 10 28 20
4 8 5 12 12 12 24 15
5 10 6 14 2 2 32 22
6 12 1 4 4 4 40 29
1 2 2 6 6 6 48 36
2 4 3 8 8 8 44 31
3 6 4 10 10 10 40 26
4 8 5 12 12 12 36 21
5 10 6 14 2 2 44 28
6 12 1 4 4 4 52 35
1 2 2 6 6 6 60 42
2 4 3 8 8 8 56 37
3 6 4 10 10 10 52 32
4 8 5 12 12 12 48 27
5 10 6 14 2 2 56 34
6 12 1 4 4 4 64 41
1 2 2 6 6 6 72 48
2 4 3 8 8 8 68 43
3 6 4 10 10 10 64 38
4 8 5 12 12 12 60 33
5 10 6 14 2 2 68 40
6 12 1 4 4 4 76 47
1 2 2 6 6 6 84 54
2 4 3 8 8 8 80 49
3 6 4 10 10 10 76 44
4 8 5 12 12 12 72 39
5 10 6 14 2 2 80 46
6 12 1 4 4 4 88 53
1 2 2 6 6 6 96 60
2 4 3 8 8 8 92 55
3 6 4 10 10 10 88 50
4 8 5 12 12 12 84 45
5 10 6 14 2 2 92 52
6 12 1 4 4 4 100 59
1 2 2 6 6 6 108 66
2 4 3 8 8 8 104 61
3 6 4 10 10 10 100 56
4 8 5 12 12 12 96 51
5 10 6 14 2 2 104 58
6 12 1 4 4 4 112 65
1 2 2 6 6 6 120 72
2 4 3 8 8 8 116 67
3 6 4 10 10 10 112 62
4 8 5 12 12 12 108 57
5 10 6 14 2 2 116 64
6 12 1 4 4 4 124 71
1 2 2 6 6 6 132 78
2 4 3 8 8 8 128 73
3 6 4 10 10 10 124 68
4 8 5 12 12 12 120 63
5 10 6 14 2 2 128 70
6 12 1 4 4 4 136 77
1 2 2 6 6 6 144 84
2 4 3 8 8 8 140 79
3 6 4 10 10 10 136 74
4 8 5 12 12 12 132 69
5 10 6 14 2 2 140 76
6 12 1 4 4 4 148 83
1 2 2 6 6 6 156 90
2 4 3 8 8 8 152 85
3 6 4 10 10 10 148 80
4 8 5 12 12 12 144 75
5 10 6 14 2 2 152 82
6 12 1 4 4 4 160 89
1 2 2 6 6 6 168 96
2 4 3 8 8 8 164 91
3 6 4 10 10 10 160 86
4 8 5 12 12 12 156 81
5 10 6 14 2 2 164 88
6 12 1 4 4 4 172 95
1 2 2 6 6 6 180 102
2 4 3 8 8 8 176 97
3 6 4 10 10 10 172 92
4 8 5 12 12 12 168 87
5 10 6 14 2 2 176 94
6 12 1 4 4 4 184 101
1 2 2 6 6 6 192 108
2 4 3 8 8 8 188 103
3 6 4 10 10 10 184 98
4 8 5 12 12 12 180 93
5 10 6 14 2 2 188 100
6 12 1 4 4 4 196 107
1 2 2 6 6 6 204 114
2 4 3 8 8 8 200 109
3 6 4 10 10 10 196 104
4 8 5 12 12 12 192 99
5 10 6 14 2 2 200 106
6 12 1 4 4 4 208 113
1 2 2 6 6 6 216 120
2 4 3 8 8 8 212 115
3 6 4 10 10 10 208 110
*
waitingTimeCarsGone
186
71
201
114
200
199
48
222
100
44
67
22
66
66
66
44
44
44
43
35
41
36
25
24
16
16
16
16
16
16
24
24
24
4
8
*
waitingTimeCarsLeft
0
25
25
25
0
22
21
0
15
15
15
15
15
0
15
15
15
15
0
8
8
0
8
8
8
8
8
0
8
8
0
8
4
