5
1 2 1 2 2 2 8 7
10
67
1868
33125,5
carsInLane
1 2 1 2 2 2 8 7
2 4 2 4 4 4 8 7
3 6 3 6 6 6 8 7
4 8 4 8 8 8 8 7
5 2 5 10 10 2 16 14
6 4 6 12 12 4 14 11
7 6 7 14 4 2 22 18
8 8 1 6 6 4 30 25
1 2 2 8 8 6 38 32
2 4 3 10 10 8 36 29
3 6 4 12 12 10 34 26
4 8 5 14 14 12 32 23
5 10 6 16 6 4 40 30
6 12 1 8 8 6 48 37
1 4 2 10 10 8 56 44
2 6 3 12 12 10 54 41
3 8 4 14 14 12 52 38
4 10 5 16 16 14 50 35
5 12 6 18 8 6 58 42
6 14 1 10 10 8 66 49
1 6 2 12 12 10 74 56
2 8 3 14 14 12 72 53
3 10 4 16 16 14 70 50
4 12 5 18 18 16 68 47
5 14 6 20 10 8 76 54
6 16 1 12 12 10 84 61
1 8 2 14 14 12 92 68
2 10 3 16 16 14 90 65
3 12 4 18 18 16 88 62
4 14 5 20 20 18 86 59
5 16 6 22 12 10 94 66
6 18 1 14 14 12 102 73
1 10 2 16 16 14 110 80
2 12 3 18 18 16 108 77
3 14 4 20 20 18 106 74
4 16 5 22 22 20 104 71
5 18 6 24 14 12 112 78
6 20 1 16 16 14 120 85
1 12 2 18 18 16 128 92
2 14 3 20 20 18 126 89
3 16 4 22 22 20 124 86
4 18 5 24 24 22 122 83
5 20 6 26 16 14 130 90
6 22 1 18 18 16 138 97
1 14 2 20 20 18 146 104
2 16 3 22 22 20 144 101
3 18 4 24 24 22 142 98
4 20 5 26 26 24 140 95
5 22 6 28 18 16 148 102
6 24 1 20 20 18 156 109
1 16 2 22 22 20 164 116
2 18 3 24 24 22 162 113
3 20 4 26 26 24 160 110
4 22 5 28 28 26 158 107
5 24 6 30 20 18 166 114
6 26 1 22 22 20 174 121
1 18 2 24 24 22 182 128
2 20 3 26 26 24 180 125
3 22 4 28 28 26 178 122
4 24 5 30 30 28 176 119
5 26 6 32 22 20 184 126
6 28 1 24 24 22 192 133
1 20 2 26 26 24 200 140
2 22 3 28 28 26 198 137
3 24 4 30 30 28 196 134
4 26 5 32 32 30 194 131
5 28 6 34 24 22 202 138
6 30 1 26 26 24 210 145
1 22 2 28 28 26 218 152
2 24 3 30 30 28 216 149
3 26 4 32 32 30 214 146
4 28 5 34 34 32 212 143
5 30 6 36 26 24 220 150
6 32 1 28 28 26 228 157
1 24 2 30 30 28 236 164
2 26 3 32 32 30 234 161
3 28 4 34 34 32 232 158
4 30 5 36 36 34 230 155
5 32 6 38 28 26 238 162
6 34 1 30 30 28 246 169
1 26 2 32 32 30 254 176
2 28 3 34 34 32 252 173
3 30 4 36 36 34 250 170
4 32 5 38 38 36 248 167
5 34 6 40 30 28 256 174
6 36 1 32 32 30 264 181
1 28 2 34 34 32 272 188
2 30 3 36 36 34 270 185
3 32 4 38 38 36 268 182
4 34 5 40 40 38 266 179
5 36 6 42 32 30 274 186
6 38 1 34 34 32 282 193
1 30 2 36 36 34 290 200
2 32 3 38 38 36 288 197
3 34 4 40 40 38 286 194
4 36 5 42 42 40 284 191
5 38 6 44 34 32 292 198
6 40 1 36 36 34 300 205
1 32 2 38 38 36 308 212
2 34 3 40 40 38 306 209
3 36 4 42 42 40 304 206

waitingTimeCarsGone
90
0
76
17
107
16
91
99
79
9
87
25
76
7
81
63
75
9
93
19
80
14
59
70
44
13
48
13
36
9
31
29
35
11
25
13
28
8
39
22
20
2
16
4
12
8
6
22
4
8
14
2
4

waitingTimeCarsLeft
0
25
25
0
25
24
23
0
23
23
23
0
23
23
23
0
23
23
23
0
23
23
23
0
23
21
21
0
19
15
15
0
15
15
15
0
15
15
8
0
8
8
8
0
8
8
8
0
8
6
