9
1 2 1 2 2 2 8 7
10
64
1996
25305,5
carsInLane
1 2 1 2 2 2 8 7
2 4 2 4 4 4 8 7
3 6 3 6 6 6 8 7
4 8 4 8 8 8 8 7
5 2 5 10 10 2 16 14
6 4 6 12 12 4 14 11
7 6 7 14 14 6 12 8
8 8 8 6 16 8 20 7
9 10 1 8 18 10 18 14
10 12 2 10 20 12 16 11
11 14 3 12 12 4 24 18
2 6 4 14 14 6 32 25
3 8 5 16 16 8 30 22
4 10 6 18 18 10 28 19
5 12 7 20 20 12 26 16
6 14 8 22 22 14 24 13
7 16 9 24 24 16 22 10
8 18 1 16 26 18 30 17
9 20 2 18 28 20 28 14
10 22 3 20 20 12 36 21
11 24 4 22 22 14 34 18
2 16 5 24 24 16 42 25
3 18 6 26 26 18 40 22
4 20 7 28 28 20 38 19
5 22 8 30 30 22 36 16
6 24 9 32 22 14 44 23
7 26 10 34 24 16 42 20
8 28 1 26 26 18 50 27
9 30 2 28 28 20 48 24
10 32 3 30 30 22 46 21
11 34 4 32 32 24 44 18
2 26 5 34 34 26 52 25
3 28 6 36 36 28 50 22
4 30 7 38 38 30 48 19
5 32 8 40 30 22 56 26
6 34 9 42 32 24 54 23
7 36 10 44 34 26 52 20
8 38 1 36 36 28 60 27
9 40 2 38 38 30 58 24
10 42 3 40 40 32 56 21
11 44 4 42 42 34 54 18
2 36 5 44 44 36 62 25
3 38 6 46 46 38 60 22
4 40 7 48 38 30 68 29
5 42 8 50 40 32 66 26
6 44 9 52 42 34 64 23
7 46 10 54 44 36 62 20
8 48 1 46 46 38 70 27
9 50 2 48 48 40 68 24
10 52 3 50 50 42 66 21
11 44 4 52 52 34 74 28
2 36 5 54 54 36 82 35
3 38 6 56 56 38 80 32
4 40 7 58 48 30 88 39
5 42 8 60 50 32 86 36
6 44 9 62 52 34 84 33
7 46 10 64 54 36 82 30
8 48 1 56 56 38 90 37
9 50 2 58 58 40 88 34
10 52 3 60 60 42 86 31
11 54 4 62 62 44 84 28
2 46 5 64 64 46 92 35
3 48 6 66 66 48 90 32
4 50 7 68 58 40 98 39
5 52 8 70 60 42 96 36
6 54 9 72 62 44 94 33
7 56 10 74 64 46 92 30
8 58 1 66 66 48 100 37
9 60 2 68 68 50 98 34
10 62 3 70 70 52 96 31
11 64 4 72 72 54 94 28
2 56 5 74 74 56 102 35
3 58 6 76 76 58 100 32
4 60 7 78 68 50 108 39
5 62 8 80 70 52 106 36
6 64 9 82 72 54 104 33
7 66 10 84 74 56 102 30
8 68 1 76 76 58 110 37
9 70 2 78 78 60 108 34
10 72 3 80 80 62 106 31
11 74 4 82 72 54 114 38
2 66 5 84 74 56 122 45
3 68 6 86 76 58 120 42
4 70 7 88 78 60 118 39
5 72 8 90 80 62 116 36
6 74 9 92 82 64 114 33
7 76 10 94 84 66 112 30
8 78 1 86 86 68 120 37
9 80 2 88 88 70 118 34
10 82 3 90 80 62 126 41
11 84 4 92 82 64 124 38
2 76 5 94 84 66 132 45
3 78 6 96 86 68 130 42
4 80 7 98 88 70 128 39
5 82 8 100 90 72 126 36
6 84 9 102 82 64 134 43
7 86 10 104 84 66 132 40
8 88 1 96 86 68 140 47
9 90 2 98 88 70 138 44
10 92 3 100 90 72 136 41
11 94 4 102 92 74 134 38
*
waitingTimeCarsGone
89
32
161
112
202
80
214
108
123
24
77
21
59
10
108
26
68
18
60
14
48
16
36
12
18
2
16
4
14
4
12
4
10
4
12
4
10
8
8
4
12
2
12
4
10
6
12
0
10
6
6
0
12
4
10
4
10
0
6
4
4
0
2
0
2
2
2
0
2
*
waitingTimeCarsLeft
0
0
49
0
24
24
23
0
19
0
32
0
16
16
16
0
16
0
16
16
16
0
30
0
16
0
8
0
8
8
8
0
8
8
8
8
8
0
8
0
8
8
8
8
8
0
8
8
8
0
6
6
6
0
6
6
4
0
4
4
4
2
2
0
2
0
2
2
