9
1 2 1 2 2 2 8 7
15
98
2487
5927,008
carsInLane
1 2 1 2 2 2 8 7
2 4 2 4 4 4 8 7
3 6 3 6 6 6 8 7
4 8 4 8 8 8 8 7
5 2 5 10 10 2 16 14
6 4 6 12 12 4 9 7
7 6 7 2 14 6 17 7
8 8 1 4 16 8 10 14
1 10 2 6 3 10 18 21
2 12 3 8 5 12 11 13
3 2 4 10 7 2 19 20
4 4 5 12 9 4 12 12
5 6 6 2 11 6 20 7
6 8 7 4 13 8 13 7
7 10 8 6 2 2 21 14
8 12 9 8 4 4 14 7
9 14 1 10 6 6 8 14
10 16 2 2 8 8 16 7
1 3 3 4 10 10 24 14
2 5 4 6 12 12 17 7
3 7 5 8 2 2 25 14
4 9 6 10 4 4 18 7
5 11 7 12 6 6 11 7
6 13 8 2 8 8 19 7
7 15 1 4 10 10 12 14
8 17 2 6 12 12 8 7
9 4 3 8 14 2 16 14
10 6 4 10 16 4 9 7
1 2 5 12 18 6 17 14
2 4 6 14 20 8 10 7
3 6 7 16 7 2 18 14
4 8 8 18 9 4 11 7
5 10 1 5 11 6 19 14
6 12 2 7 13 8 12 7
7 14 3 9 2 2 20 14
8 16 4 11 4 4 13 7
1 3 5 13 6 6 21 14
2 5 6 15 8 8 14 7
3 7 7 2 10 10 22 7
4 9 1 4 12 12 15 14
5 11 2 6 14 14 8 7
6 13 3 8 2 2 16 14
7 15 4 10 4 4 9 7
1 2 5 12 6 6 17 14
2 4 6 14 8 8 10 7
3 6 7 2 10 10 18 7
4 8 1 4 12 12 11 14
5 10 2 6 14 14 8 7
6 12 3 8 2 2 16 14
7 14 4 10 4 4 9 7
1 2 5 12 6 6 17 14
2 4 6 14 8 8 10 7
3 6 7 2 10 10 18 7
4 8 1 4 12 12 11 14
5 10 2 6 14 14 8 7
6 12 3 8 2 2 16 14
7 14 4 10 4 4 9 7
1 2 5 12 6 6 17 14
2 4 6 14 8 8 10 7
3 6 7 2 10 10 18 7
4 8 1 4 12 12 11 14
5 10 2 6 14 14 8 7
6 12 3 8 2 2 16 14
7 14 4 10 4 4 9 7
1 2 5 12 6 6 17 14
2 4 6 14 8 8 10 7
3 6 7 2 10 10 18 7
4 8 1 4 12 12 11 14
5 10 2 6 14 14 8 7
6 12 3 8 2 2 16 14
7 14 4 10 4 4 9 7
1 2 5 12 6 6 17 14
2 4 6 14 8 8 10 7
3 6 7 2 10 10 18 7
4 8 1 4 12 12 11 14
5 10 2 6 14 14 8 7
6 12 3 8 2 2 16 14
7 14 4 10 4 4 9 7
1 2 5 12 6 6 17 14
2 4 6 14 8 8 10 7
3 6 7 2 10 10 18 7
4 8 1 4 12 12 11 14
5 10 2 6 14 14 8 7
6 12 3 8 2 2 16 14
7 14 4 10 4 4 9 7
1 2 5 12 6 6 17 14
2 4 6 14 8 8 10 7
3 6 7 2 10 10 18 7
4 8 1 4 12 12 11 14
5 10 2 6 14 14 8 7
6 12 3 8 2 2 16 14
7 14 4 10 4 4 9 7
1 2 5 12 6 6 17 14
2 4 6 14 8 8 10 7
3 6 7 2 10 10 18 7
4 8 1 4 12 12 11 14
5 10 2 6 14 14 8 7
6 12 3 8 2 2 16 14
7 14 4 10 4 4 9 7
1 2 5 12 6 6 17 14
2 4 6 14 8 8 10 7
*
waitingTimeCarsGone
872
14
807
236
145
10
127
129
114
7
14
8
4
*
waitingTimeCarsLeft
0
16
0
10
5
5
0
1
1
