50
5 5 5 5 5 5 5 5
10
101
2010
78255
carsInLane
5 5 5 5 5 5 5 5
5 10 10 10 5 10 10 10
10 5 15 15 10 5 15 15
15 10 10 20 15 10 10 20
20 15 15 15 20 15 15 15
15 20 20 20 15 20 20 20
20 15 25 25 20 15 25 25
25 20 20 30 25 20 20 30
30 25 25 25 30 25 25 25
25 30 30 30 25 30 30 30
30 25 35 35 30 25 35 35
35 30 30 40 35 30 30 40
40 35 35 35 40 35 35 35
35 40 40 40 35 40 40 40
40 35 45 45 40 35 45 45
45 40 40 50 45 40 40 50
50 45 45 45 50 45 45 45
45 50 50 50 45 50 50 50
50 45 55 55 50 45 55 55
55 50 50 60 55 50 50 60
60 55 55 55 60 55 55 55
55 60 60 60 55 60 60 60
60 55 65 65 60 55 65 65
65 60 60 70 65 60 60 70
70 65 65 65 70 65 65 65
65 70 70 70 65 70 70 70
70 65 75 75 70 65 75 75
75 70 70 80 75 70 70 80
80 75 75 75 80 75 75 75
75 80 80 80 75 80 80 80
80 75 85 85 80 75 85 85
85 80 80 90 85 80 80 90
90 85 85 85 90 85 85 85
85 90 90 90 85 90 90 90
90 85 95 95 90 85 95 95
95 90 90 100 95 90 90 100
100 95 95 95 100 95 95 95
95 100 100 100 95 100 100 100
100 95 105 105 100 95 105 105
105 100 100 110 105 100 100 110
110 105 105 105 110 105 105 105
105 110 110 110 105 110 110 110
110 105 115 115 110 105 115 115
115 110 110 120 115 110 110 120
120 115 115 115 120 115 115 115
115 120 120 120 115 120 120 120
120 115 125 125 120 115 125 125
125 120 120 130 125 120 120 130
130 125 125 125 130 125 125 125
125 130 130 130 125 130 130 130
130 125 135 135 130 125 135 135
135 130 130 140 135 130 130 140
140 135 135 135 140 135 135 135
135 140 140 140 135 140 140 140
140 135 145 145 140 135 145 145
145 140 140 150 145 140 140 150
150 145 145 145 150 145 145 145
145 150 150 150 145 150 150 150
150 145 155 155 150 145 155 155
155 150 150 160 155 150 150 160
160 155 155 155 160 155 155 155
155 160 160 160 155 160 160 160
160 155 165 165 160 155 165 165
165 160 160 170 165 160 160 170
170 165 165 165 170 165 165 165
165 170 170 170 165 170 170 170
170 165 175 175 170 165 175 175
175 170 170 180 175 170 170 180
180 175 175 175 180 175 175 175
175 180 180 180 175 180 180 180
180 175 185 185 180 175 185 185
185 180 180 190 185 180 180 190
190 185 185 185 190 185 185 185
185 190 190 190 185 190 190 190
190 185 195 195 190 185 195 195
195 190 190 200 195 190 190 200
200 195 195 195 200 195 195 195
195 200 200 200 195 200 200 200
200 195 205 205 200 195 205 205
205 200 200 210 205 200 200 210
210 205 205 205 210 205 205 205
205 210 210 210 205 210 210 210
210 205 215 215 210 205 215 215
215 210 210 220 215 210 210 220
220 215 215 215 220 215 215 215
215 220 220 220 215 220 220 220
220 215 225 225 220 215 225 225
225 220 220 230 225 220 220 230
230 225 225 225 230 225 225 225
225 230 230 230 225 230 230 230
230 225 235 235 230 225 235 235
235 230 230 240 235 230 230 240
240 235 235 235 240 235 235 235
235 240 240 240 235 240 240 240
240 235 245 245 240 235 245 245
245 240 240 250 245 240 240 250
250 245 245 245 250 245 245 245
245 250 250 250 245 250 250 250
250 245 255 255 250 245 255 255
255 250 250 260 255 250 250 260
260 255 255 255 260 255 255 255
*
waitingTimeCarsGone
20
0
20
0
40
40
40
0
40
0
40
40
40
0
40
0
40
40
40
0
40
0
40
40
40
0
40
0
40
40
40
0
40
0
40
40
40
0
40
0
40
40
40
0
40
0
40
40
40
0
40
0
40
40
40
0
40
0
40
40
40
0
40
0
40
40
40
0
40
0
40
40
40
0
40
0
30
20
*
waitingTimeCarsLeft
0
0
40
40
40
0
40
0
40
40
40
0
40
0
40
40
40
0
40
0
40
40
40
0
40
0
40
40
40
0
40
0
40
40
40
0
40
0
40
40
40
0
40
0
40
40
40
0
40
0
40
40
40
0
40
0
40
40
40
0
40
0
40
40
40
0
40
0
40
40
40
0
40
0
40
40
30
