1
5 5 5 5 5 5 5 5
10
101
2010
48885
carsInLane
5 5 5 5 5 5 5 5
5 10 10 10 5 10 10 10
10 5 15 15 10 5 15 15
5 10 20 20 5 10 20 20
10 5 25 25 10 5 25 25
15 10 20 30 15 10 20 30
20 15 25 25 20 15 25 25
25 20 30 30 15 10 30 30
30 25 25 25 20 15 35 35
35 30 30 30 15 10 40 40
40 35 35 35 20 15 35 35
45 40 30 30 25 20 40 40
50 45 35 35 20 15 45 45
55 50 30 30 25 20 50 50
60 55 35 35 20 15 55 55
65 60 40 40 25 20 50 50
70 65 35 35 30 25 55 55
75 70 40 40 25 20 60 60
80 75 35 35 30 25 65 65
85 80 40 40 25 20 70 70
90 85 45 45 30 25 65 65
95 90 40 40 35 30 70 70
100 95 45 45 30 25 75 75
105 100 40 40 35 30 80 80
110 105 45 45 30 25 85 85
115 110 50 50 35 30 80 80
120 115 45 45 40 35 85 85
125 120 50 50 35 30 90 90
130 125 45 45 40 35 95 95
135 130 50 50 35 30 100 100
140 135 55 55 40 35 95 95
145 140 50 50 45 40 100 100
150 145 55 55 40 35 105 105
155 150 50 50 45 40 110 110
160 155 55 55 40 35 115 115
165 160 60 60 45 40 110 110
170 165 55 55 50 45 115 115
175 170 60 60 45 40 120 120
180 175 55 55 50 45 125 125
185 180 60 60 45 40 130 130
190 185 65 65 50 45 125 125
195 190 60 60 55 50 130 130
200 195 65 65 50 45 135 135
205 200 60 60 55 50 140 140
210 205 65 65 50 45 145 145
215 210 70 70 55 50 140 140
220 215 65 65 60 55 145 145
225 220 70 70 55 50 150 150
230 225 65 65 60 55 155 155
235 230 70 70 55 50 160 160
240 235 75 75 60 55 155 155
245 240 70 70 65 60 160 160
250 245 75 75 60 55 165 165
255 250 70 70 65 60 170 170
260 255 75 75 60 55 175 175
265 260 80 80 65 60 170 170
270 265 75 75 70 65 175 175
275 270 80 80 65 60 180 180
280 275 75 75 70 65 185 185
285 280 80 80 65 60 190 190
290 285 85 85 70 65 185 185
295 290 80 80 75 70 190 190
300 295 85 85 70 65 195 195
305 300 80 80 75 70 200 200
310 305 85 85 70 65 205 205
315 310 90 90 75 70 200 200
320 315 85 85 80 75 205 205
325 320 90 90 75 70 210 210
330 325 85 85 80 75 215 215
335 330 90 90 75 70 220 220
340 335 95 95 80 75 215 215
345 340 90 90 85 80 220 220
350 345 95 95 80 75 225 225
355 350 90 90 85 80 230 230
360 355 95 95 80 75 235 235
365 360 100 100 85 80 230 230
370 365 95 95 90 85 235 235
375 370 100 100 85 80 240 240
380 375 95 95 90 85 245 245
385 380 100 100 85 80 250 250
390 385 105 105 90 85 245 245
395 390 100 100 95 90 250 250
400 395 105 105 90 85 255 255
405 400 100 100 95 90 260 260
410 405 105 105 90 85 265 265
415 410 110 110 95 90 260 260
420 415 105 105 100 95 265 265
425 420 110 110 95 90 270 270
430 425 105 105 100 95 275 275
435 430 110 110 95 90 280 280
440 435 115 115 100 95 275 275
445 440 110 110 105 100 280 280
450 445 115 115 100 95 285 285
455 450 110 110 105 100 290 290
460 455 115 115 100 95 295 295
465 460 120 120 105 100 290 290
470 465 115 115 110 105 295 295
475 470 120 120 105 100 300 300
480 475 115 115 110 105 305 305
485 480 120 120 105 100 310 310
490 485 125 125 110 105 305 305
*
waitingTimeCarsGone
40
0
40
0
30
50
70
0
80
0
90
90
80
0
90
0
90
80
90
0
90
0
80
90
90
0
80
0
90
90
70
0
60
0
50
30
20
0
10
0
0
10
10
0
0
0
10
10
0
0
10
0
10
0
10
0
10
0
0
10
10
0
0
0
10
10
0
0
10
0
10
0
10
0
10
0
0
10
10
0
0
0
10
10
0
0
10
0
10
0
10
0
10
*
waitingTimeCarsLeft
0
0
40
40
40
0
40
0
40
40
40
0
40
0
40
40
40
0
40
0
40
40
40
0
40
0
40
40
40
0
40
0
40
35
30
0
20
0
20
20
20
0
20
0
20
20
20
0
20
0
20
20
20
0
20
0
20
20
20
0
20
0
20
20
20
0
20
0
20
20
20
0
20
0
20
20
20
0
20
0
20
20
20
0
20
0
20
20
20
0
20
0
20
10
10
0
10
0
10
10
10
0
10
0
10
10
10
0
10
0
10
10
10
0
10
0
10
10
10
0
10
0
10
10
10
0
10
0
10
10
10
0
10
0
10
10
10
0
10
0
10
10
10
0
10
0
10
5
