4
5 5 1 1 5 5 1 1
15
101
2182
16087.33
carsInLane
5 5 1 1 5 5 1 1
5 10 2 2 5 10 2 2
10 5 3 3 10 5 3 3
5 10 4 4 5 10 4 4
10 5 5 5 10 5 5 5
15 10 1 6 15 10 1 6
20 15 2 1 20 15 2 1
10 20 3 2 10 20 3 2
15 10 4 3 15 10 4 3
5 15 5 4 5 15 5 4
10 20 1 5 10 20 1 5
15 25 2 1 15 25 2 1
20 15 3 2 20 15 3 2
10 20 4 3 10 20 4 3
15 10 5 4 15 10 5 4
20 15 1 5 20 15 1 5
25 20 2 1 25 20 2 1
15 25 3 2 15 25 3 2
20 15 4 3 20 15 4 3
10 20 5 4 10 20 5 4
15 25 1 5 15 25 1 5
20 30 2 1 20 30 2 1
25 20 3 2 25 20 3 2
15 25 4 3 15 25 4 3
20 15 5 4 20 15 5 4
25 20 1 5 25 20 1 5
30 25 2 1 30 25 2 1
20 30 3 2 20 30 3 2
25 20 4 3 25 20 4 3
15 25 5 4 15 25 5 4
20 30 1 5 20 30 1 5
25 35 2 1 25 35 2 1
30 25 3 2 30 25 3 2
20 30 4 3 20 30 4 3
25 20 5 4 25 20 5 4
30 25 1 5 30 25 1 5
35 30 2 1 35 30 2 1
25 35 3 2 25 35 3 2
30 25 4 3 30 25 4 3
20 30 5 4 20 30 5 4
25 35 1 5 25 35 1 5
30 40 2 1 30 40 2 1
35 30 3 2 35 30 3 2
25 35 4 3 25 35 4 3
30 25 5 4 30 25 5 4
35 30 1 5 35 30 1 5
40 35 2 1 40 35 2 1
30 40 3 2 30 40 3 2
35 30 4 3 35 30 4 3
25 35 5 4 25 35 5 4
30 40 1 5 30 40 1 5
35 45 2 1 35 45 2 1
40 35 3 2 40 35 3 2
30 40 4 3 30 40 4 3
35 30 5 4 35 30 5 4
40 35 1 5 40 35 1 5
45 40 2 1 45 40 2 1
35 45 3 2 35 45 3 2
40 35 4 3 40 35 4 3
30 40 5 4 30 40 5 4
35 45 1 5 35 45 1 5
40 50 2 1 40 50 2 1
45 40 3 2 45 40 3 2
35 45 4 3 35 45 4 3
40 35 5 4 40 35 5 4
45 40 1 5 45 40 1 5
50 45 2 1 50 45 2 1
40 50 3 2 40 50 3 2
45 40 4 3 45 40 4 3
35 45 5 4 35 45 5 4
40 50 1 5 40 50 1 5
45 55 2 1 45 55 2 1
50 45 3 2 50 45 3 2
40 50 4 3 40 50 4 3
45 40 5 4 45 40 5 4
50 45 1 5 50 45 1 5
55 50 2 1 55 50 2 1
45 55 3 2 45 55 3 2
50 45 4 3 50 45 4 3
40 50 5 4 40 50 5 4
45 55 1 5 45 55 1 5
50 60 2 1 50 60 2 1
55 50 3 2 55 50 3 2
45 55 4 3 45 55 4 3
50 45 5 4 50 45 5 4
55 50 1 5 55 50 1 5
60 55 2 1 60 55 2 1
50 60 3 2 50 60 3 2
55 50 4 3 55 50 4 3
45 55 5 4 45 55 5 4
50 60 1 5 50 60 1 5
55 65 2 1 55 65 2 1
60 55 3 2 60 55 3 2
50 60 4 3 50 60 4 3
55 50 5 4 55 50 5 4
60 55 1 5 60 55 1 5
65 60 2 1 65 60 2 1
55 65 3 2 55 65 3 2
60 55 4 3 60 55 4 3
50 60 5 4 50 60 5 4
55 65 1 5 55 65 1 5
*
waitingTimeCarsGone
130
0
170
200
250
0
260
182
180
0
180
180
180
0
150
90
30
*
waitingTimeCarsLeft
0
22
0
20
20
20
0
20
20
20
0
20
20
20
0
20
10
10
