3
5 5 1 1 5 5 1 1
15
101
1892
27388.01
carsInLane
5 5 1 1 5 5 1 1
5 10 2 2 5 10 2 2
10 5 3 3 10 5 3 3
5 10 4 4 5 10 4 4
10 15 1 5 10 15 1 5
15 20 2 1 15 20 2 1
20 10 3 2 20 10 3 2
10 15 4 3 10 15 4 3
15 20 1 4 15 20 1 4
20 25 2 1 20 25 2 1
25 15 3 2 25 15 3 2
15 20 4 3 15 20 4 3
20 25 1 4 20 25 1 4
25 30 2 1 25 30 2 1
30 20 3 2 30 20 3 2
20 25 4 3 20 25 4 3
25 30 1 4 25 30 1 4
30 35 2 1 30 35 2 1
35 25 3 2 35 25 3 2
25 30 4 3 25 30 4 3
30 35 1 4 30 35 1 4
35 40 2 1 35 40 2 1
40 30 3 2 40 30 3 2
30 35 4 3 30 35 4 3
35 40 1 4 35 40 1 4
40 45 2 1 40 45 2 1
45 35 3 2 45 35 3 2
35 40 4 3 35 40 4 3
40 45 1 4 40 45 1 4
45 50 2 1 45 50 2 1
50 40 3 2 50 40 3 2
40 45 4 3 40 45 4 3
45 50 1 4 45 50 1 4
50 55 2 1 50 55 2 1
55 45 3 2 55 45 3 2
45 50 4 3 45 50 4 3
50 55 1 4 50 55 1 4
55 60 2 1 55 60 2 1
60 50 3 2 60 50 3 2
50 55 4 3 50 55 4 3
55 60 1 4 55 60 1 4
60 65 2 1 60 65 2 1
65 55 3 2 65 55 3 2
55 60 4 3 55 60 4 3
60 65 1 4 60 65 1 4
65 70 2 1 65 70 2 1
70 60 3 2 70 60 3 2
60 65 4 3 60 65 4 3
65 70 1 4 65 70 1 4
70 75 2 1 70 75 2 1
75 65 3 2 75 65 3 2
65 70 4 3 65 70 4 3
70 75 1 4 70 75 1 4
75 80 2 1 75 80 2 1
80 70 3 2 80 70 3 2
70 75 4 3 70 75 4 3
75 80 1 4 75 80 1 4
80 85 2 1 80 85 2 1
85 75 3 2 85 75 3 2
75 80 4 3 75 80 4 3
80 85 1 4 80 85 1 4
85 90 2 1 85 90 2 1
90 80 3 2 90 80 3 2
80 85 4 3 80 85 4 3
85 90 1 4 85 90 1 4
90 95 2 1 90 95 2 1
95 85 3 2 95 85 3 2
85 90 4 3 85 90 4 3
90 95 1 4 90 95 1 4
95 100 2 1 95 100 2 1
100 90 3 2 100 90 3 2
90 95 4 3 90 95 4 3
95 100 1 4 95 100 1 4
100 105 2 1 100 105 2 1
105 95 3 2 105 95 3 2
95 100 4 3 95 100 4 3
100 105 1 4 100 105 1 4
105 110 2 1 105 110 2 1
110 100 3 2 110 100 3 2
100 105 4 3 100 105 4 3
105 110 1 4 105 110 1 4
110 115 2 1 110 115 2 1
115 105 3 2 115 105 3 2
105 110 4 3 105 110 4 3
110 115 1 4 110 115 1 4
115 120 2 1 115 120 2 1
120 110 3 2 120 110 3 2
110 115 4 3 110 115 4 3
115 120 1 4 115 120 1 4
120 125 2 1 120 125 2 1
125 115 3 2 125 115 3 2
115 120 4 3 115 120 4 3
120 125 1 4 120 125 1 4
125 130 2 1 125 130 2 1
130 120 3 2 130 120 3 2
120 125 4 3 120 125 4 3
125 130 1 4 125 130 1 4
130 135 2 1 130 135 2 1
135 125 3 2 135 125 3 2
125 130 4 3 125 130 4 3
130 135 1 4 130 135 1 4
*
waitingTimeCarsGone
130
0
140
140
160
0
62
60
60
0
60
60
60
0
60
60
60
0
60
60
60
0
60
60
60
0
60
60
60
0
60
60
60
0
40
20
*
waitingTimeCarsLeft
0
22
0
20
20
20
0
20
20
20
0
20
20
20
0
20
20
20
0
20
20
20
0
20
20
20
0
20
20
20
0
20
20
20
0
20
10
