5
5 5 1 1 5 5 1 1
15
101
2396
5988.001
carsInLane
5 5 1 1 5 5 1 1
5 10 2 2 5 10 2 2
10 5 3 3 10 5 3 3
5 10 4 4 5 10 4 4
10 5 5 5 10 5 5 5
5 10 6 6 5 10 6 6
10 15 1 7 10 15 1 7
15 20 2 1 15 20 2 1
20 10 3 2 20 10 3 2
10 15 4 3 10 15 4 3
15 5 5 4 15 5 5 4
5 10 6 5 5 10 6 5
10 15 1 6 10 15 1 6
15 20 2 1 15 20 2 1
20 10 3 2 20 10 3 2
10 15 4 3 10 15 4 3
15 5 5 4 15 5 5 4
5 10 6 5 5 10 6 5
10 15 1 6 10 15 1 6
15 20 2 1 15 20 2 1
20 10 3 2 20 10 3 2
10 15 4 3 10 15 4 3
15 5 5 4 15 5 5 4
5 10 6 5 5 10 6 5
10 15 1 6 10 15 1 6
15 20 2 1 15 20 2 1
20 10 3 2 20 10 3 2
10 15 4 3 10 15 4 3
15 5 5 4 15 5 5 4
5 10 6 5 5 10 6 5
10 15 1 6 10 15 1 6
15 20 2 1 15 20 2 1
20 10 3 2 20 10 3 2
10 15 4 3 10 15 4 3
15 5 5 4 15 5 5 4
5 10 6 5 5 10 6 5
10 15 1 6 10 15 1 6
15 20 2 1 15 20 2 1
20 10 3 2 20 10 3 2
10 15 4 3 10 15 4 3
15 5 5 4 15 5 5 4
5 10 6 5 5 10 6 5
10 15 1 6 10 15 1 6
15 20 2 1 15 20 2 1
20 10 3 2 20 10 3 2
10 15 4 3 10 15 4 3
15 5 5 4 15 5 5 4
5 10 6 5 5 10 6 5
10 15 1 6 10 15 1 6
15 20 2 1 15 20 2 1
20 10 3 2 20 10 3 2
10 15 4 3 10 15 4 3
15 5 5 4 15 5 5 4
5 10 6 5 5 10 6 5
10 15 1 6 10 15 1 6
15 20 2 1 15 20 2 1
20 10 3 2 20 10 3 2
10 15 4 3 10 15 4 3
15 5 5 4 15 5 5 4
5 10 6 5 5 10 6 5
10 15 1 6 10 15 1 6
15 20 2 1 15 20 2 1
20 10 3 2 20 10 3 2
10 15 4 3 10 15 4 3
15 5 5 4 15 5 5 4
5 10 6 5 5 10 6 5
10 15 1 6 10 15 1 6
15 20 2 1 15 20 2 1
20 10 3 2 20 10 3 2
10 15 4 3 10 15 4 3
15 5 5 4 15 5 5 4
5 10 6 5 5 10 6 5
10 15 1 6 10 15 1 6
15 20 2 1 15 20 2 1
20 10 3 2 20 10 3 2
10 15 4 3 10 15 4 3
15 5 5 4 15 5 5 4
5 10 6 5 5 10 6 5
10 15 1 6 10 15 1 6
15 20 2 1 15 20 2 1
20 10 3 2 20 10 3 2
10 15 4 3 10 15 4 3
15 5 5 4 15 5 5 4
5 10 6 5 5 10 6 5
10 15 1 6 10 15 1 6
15 20 2 1 15 20 2 1
20 10 3 2 20 10 3 2
10 15 4 3 10 15 4 3
15 5 5 4 15 5 5 4
5 10 6 5 5 10 6 5
10 15 1 6 10 15 1 6
15 20 2 1 15 20 2 1
20 10 3 2 20 10 3 2
10 15 4 3 10 15 4 3
15 5 5 4 15 5 5 4
5 10 6 5 5 10 6 5
10 15 1 6 10 15 1 6
15 20 2 1 15 20 2 1
20 10 3 2 20 10 3 2
10 15 4 3 10 15 4 3
15 5 5 4 15 5 5 4
*
waitingTimeCarsGone
434
0
744
704
384
0
64
64
2
*
waitingTimeCarsLeft
0
14
0
4
4
4
0
2
