100
5 5 1 1 5 5 1 1
15
101
2390
5399.333
carsInLane
5 5 1 1 5 5 1 1
5 10 2 2 5 10 2 2
10 5 3 3 10 5 3 3
5 10 4 4 5 10 4 4
10 5 5 5 10 5 5 5
5 10 6 6 5 10 6 6
10 5 7 7 10 5 7 7
5 10 8 8 5 10 8 8
10 5 9 9 10 5 9 9
5 10 10 10 5 10 10 10
10 5 11 11 10 5 11 11
15 10 1 12 15 10 1 12
5 15 2 13 5 15 2 13
10 5 3 14 10 5 3 14
15 10 4 1 15 10 4 1
5 15 5 2 5 15 5 2
10 5 6 3 10 5 6 3
5 10 7 4 5 10 7 4
10 5 8 5 10 5 8 5
5 10 9 6 5 10 9 6
10 5 10 7 10 5 10 7
5 10 11 8 5 10 11 8
10 15 1 9 10 15 1 9
15 5 2 10 15 5 2 10
5 10 3 11 5 10 3 11
10 15 4 1 10 15 4 1
15 5 5 2 15 5 5 2
5 10 6 3 5 10 6 3
10 5 7 4 10 5 7 4
5 10 8 5 5 10 8 5
10 5 9 6 10 5 9 6
5 10 10 7 5 10 10 7
10 5 11 8 10 5 11 8
15 10 1 9 15 10 1 9
5 15 2 10 5 15 2 10
10 5 3 11 10 5 3 11
15 10 4 1 15 10 4 1
5 15 5 2 5 15 5 2
10 5 6 3 10 5 6 3
5 10 7 4 5 10 7 4
10 5 8 5 10 5 8 5
5 10 9 6 5 10 9 6
10 5 10 7 10 5 10 7
5 10 11 8 5 10 11 8
10 15 1 9 10 15 1 9
15 5 2 10 15 5 2 10
5 10 3 11 5 10 3 11
10 15 4 1 10 15 4 1
15 5 5 2 15 5 5 2
5 10 6 3 5 10 6 3
10 5 7 4 10 5 7 4
5 10 8 5 5 10 8 5
10 5 9 6 10 5 9 6
5 10 10 7 5 10 10 7
10 5 11 8 10 5 11 8
15 10 1 9 15 10 1 9
5 15 2 10 5 15 2 10
10 5 3 11 10 5 3 11
15 10 4 1 15 10 4 1
5 15 5 2 5 15 5 2
10 5 6 3 10 5 6 3
5 10 7 4 5 10 7 4
10 5 8 5 10 5 8 5
5 10 9 6 5 10 9 6
10 5 10 7 10 5 10 7
5 10 11 8 5 10 11 8
10 15 1 9 10 15 1 9
15 5 2 10 15 5 2 10
5 10 3 11 5 10 3 11
10 15 4 1 10 15 4 1
15 5 5 2 15 5 5 2
5 10 6 3 5 10 6 3
10 5 7 4 10 5 7 4
5 10 8 5 5 10 8 5
10 5 9 6 10 5 9 6
5 10 10 7 5 10 10 7
10 5 11 8 10 5 11 8
15 10 1 9 15 10 1 9
5 15 2 10 5 15 2 10
10 5 3 11 10 5 3 11
15 10 4 1 15 10 4 1
5 15 5 2 5 15 5 2
10 5 6 3 10 5 6 3
5 10 7 4 5 10 7 4
10 5 8 5 10 5 8 5
5 10 9 6 5 10 9 6
10 5 10 7 10 5 10 7
5 10 11 8 5 10 11 8
10 15 1 9 10 15 1 9
15 5 2 10 15 5 2 10
5 10 3 11 5 10 3 11
10 15 4 1 10 15 4 1
15 5 5 2 15 5 5 2
5 10 6 3 5 10 6 3
10 5 7 4 10 5 7 4
5 10 8 5 5 10 8 5
10 5 9 6 10 5 9 6
5 10 10 7 5 10 10 7
10 5 11 8 10 5 11 8
15 10 1 9 15 10 1 9
5 15 2 10 5 15 2 10
*
waitingTimeCarsGone
874
0
864
374
34
0
34
34
34
0
34
34
34
0
34
2
2
0
2
*
waitingTimeCarsLeft
0
14
0
4
2
2
0
2
2
2
0
2
2
2
