2
5 5 1 1 5 5 1 1
15
101
1898
28398.01
carsInLane
5 5 1 1 5 5 1 1
5 10 2 2 5 10 2 2
10 5 3 3 10 5 3 3
15 10 1 4 15 10 1 4
20 15 2 1 20 15 2 1
10 20 3 2 10 20 3 2
15 10 4 3 15 10 4 3
20 15 1 4 20 15 1 4
25 20 2 1 25 20 2 1
15 25 3 2 15 25 3 2
20 15 4 3 20 15 4 3
25 20 1 4 25 20 1 4
30 25 2 1 30 25 2 1
20 30 3 2 20 30 3 2
25 20 4 3 25 20 4 3
30 25 1 4 30 25 1 4
35 30 2 1 35 30 2 1
25 35 3 2 25 35 3 2
30 25 4 3 30 25 4 3
35 30 1 4 35 30 1 4
40 35 2 1 40 35 2 1
30 40 3 2 30 40 3 2
35 30 4 3 35 30 4 3
40 35 1 4 40 35 1 4
45 40 2 1 45 40 2 1
35 45 3 2 35 45 3 2
40 35 4 3 40 35 4 3
45 40 1 4 45 40 1 4
50 45 2 1 50 45 2 1
40 50 3 2 40 50 3 2
45 40 4 3 45 40 4 3
50 45 1 4 50 45 1 4
55 50 2 1 55 50 2 1
45 55 3 2 45 55 3 2
50 45 4 3 50 45 4 3
55 50 1 4 55 50 1 4
60 55 2 1 60 55 2 1
50 60 3 2 50 60 3 2
55 50 4 3 55 50 4 3
60 55 1 4 60 55 1 4
65 60 2 1 65 60 2 1
55 65 3 2 55 65 3 2
60 55 4 3 60 55 4 3
65 60 1 4 65 60 1 4
70 65 2 1 70 65 2 1
60 70 3 2 60 70 3 2
65 60 4 3 65 60 4 3
70 65 1 4 70 65 1 4
75 70 2 1 75 70 2 1
65 75 3 2 65 75 3 2
70 65 4 3 70 65 4 3
75 70 1 4 75 70 1 4
80 75 2 1 80 75 2 1
70 80 3 2 70 80 3 2
75 70 4 3 75 70 4 3
80 75 1 4 80 75 1 4
85 80 2 1 85 80 2 1
75 85 3 2 75 85 3 2
80 75 4 3 80 75 4 3
85 80 1 4 85 80 1 4
90 85 2 1 90 85 2 1
80 90 3 2 80 90 3 2
85 80 4 3 85 80 4 3
90 85 1 4 90 85 1 4
95 90 2 1 95 90 2 1
85 95 3 2 85 95 3 2
90 85 4 3 90 85 4 3
95 90 1 4 95 90 1 4
100 95 2 1 100 95 2 1
90 100 3 2 90 100 3 2
95 90 4 3 95 90 4 3
100 95 1 4 100 95 1 4
105 100 2 1 105 100 2 1
95 105 3 2 95 105 3 2
100 95 4 3 100 95 4 3
105 100 1 4 105 100 1 4
110 105 2 1 110 105 2 1
100 110 3 2 100 110 3 2
105 100 4 3 105 100 4 3
110 105 1 4 110 105 1 4
115 110 2 1 115 110 2 1
105 115 3 2 105 115 3 2
110 105 4 3 110 105 4 3
115 110 1 4 115 110 1 4
120 115 2 1 120 115 2 1
110 120 3 2 110 120 3 2
115 110 4 3 115 110 4 3
120 115 1 4 120 115 1 4
125 120 2 1 125 120 2 1
115 125 3 2 115 125 3 2
120 115 4 3 120 115 4 3
125 120 1 4 125 120 1 4
130 125 2 1 130 125 2 1
120 130 3 2 120 130 3 2
125 120 4 3 125 120 4 3
130 125 1 4 130 125 1 4
135 130 2 1 135 130 2 1
125 135 3 2 125 135 3 2
130 125 4 3 130 125 4 3
135 130 1 4 135 130 1 4
140 135 2 1 140 135 2 1
*
waitingTimeCarsGone
120
0
130
140
158
0
60
60
60
0
60
60
60
0
60
60
60
0
60
60
60
0
60
60
60
0
60
60
60
0
60
60
60
0
50
30
10
*
waitingTimeCarsLeft
0
24
0
22
20
20
0
20
20
20
0
20
20
20
0
20
20
20
0
20
20
20
0
20
20
20
0
20
20
20
0
20
20
20
0
10
10
