10
5 5 1 1 5 5 1 1
15
101
2378
6115.333
carsInLane
5 5 1 1 5 5 1 1
5 10 2 2 5 10 2 2
10 5 3 3 10 5 3 3
5 10 4 4 5 10 4 4
10 5 5 5 10 5 5 5
5 10 6 6 5 10 6 6
10 5 7 7 10 5 7 7
5 10 8 8 5 10 8 8
10 5 9 9 10 5 9 9
5 10 10 10 5 10 10 10
10 5 11 11 10 5 11 11
15 10 1 12 15 10 1 12
20 15 2 1 20 15 2 1
10 20 3 2 10 20 3 2
15 10 4 3 15 10 4 3
5 15 5 4 5 15 5 4
10 5 6 5 10 5 6 5
5 10 7 6 5 10 7 6
10 5 8 7 10 5 8 7
5 10 9 8 5 10 9 8
10 5 10 9 10 5 10 9
5 10 11 10 5 10 11 10
10 15 1 11 10 15 1 11
15 20 2 1 15 20 2 1
20 10 3 2 20 10 3 2
10 15 4 3 10 15 4 3
15 5 5 4 15 5 5 4
5 10 6 5 5 10 6 5
10 5 7 6 10 5 7 6
5 10 8 7 5 10 8 7
10 5 9 8 10 5 9 8
5 10 10 9 5 10 10 9
10 5 11 10 10 5 11 10
15 10 1 11 15 10 1 11
20 15 2 1 20 15 2 1
10 20 3 2 10 20 3 2
15 10 4 3 15 10 4 3
5 15 5 4 5 15 5 4
10 5 6 5 10 5 6 5
5 10 7 6 5 10 7 6
10 5 8 7 10 5 8 7
5 10 9 8 5 10 9 8
10 5 10 9 10 5 10 9
5 10 11 10 5 10 11 10
10 15 1 11 10 15 1 11
15 20 2 1 15 20 2 1
20 10 3 2 20 10 3 2
10 15 4 3 10 15 4 3
15 5 5 4 15 5 5 4
5 10 6 5 5 10 6 5
10 5 7 6 10 5 7 6
5 10 8 7 5 10 8 7
10 5 9 8 10 5 9 8
5 10 10 9 5 10 10 9
10 5 11 10 10 5 11 10
15 10 1 11 15 10 1 11
20 15 2 1 20 15 2 1
10 20 3 2 10 20 3 2
15 10 4 3 15 10 4 3
5 15 5 4 5 15 5 4
10 5 6 5 10 5 6 5
5 10 7 6 5 10 7 6
10 5 8 7 10 5 8 7
5 10 9 8 5 10 9 8
10 5 10 9 10 5 10 9
5 10 11 10 5 10 11 10
10 15 1 11 10 15 1 11
15 20 2 1 15 20 2 1
20 10 3 2 20 10 3 2
10 15 4 3 10 15 4 3
15 5 5 4 15 5 5 4
5 10 6 5 5 10 6 5
10 5 7 6 10 5 7 6
5 10 8 7 5 10 8 7
10 5 9 8 10 5 9 8
5 10 10 9 5 10 10 9
10 5 11 10 10 5 11 10
15 10 1 11 15 10 1 11
20 15 2 1 20 15 2 1
10 20 3 2 10 20 3 2
15 10 4 3 15 10 4 3
5 15 5 4 5 15 5 4
10 5 6 5 10 5 6 5
5 10 7 6 5 10 7 6
10 5 8 7 10 5 8 7
5 10 9 8 5 10 9 8
10 5 10 9 10 5 10 9
5 10 11 10 5 10 11 10
10 15 1 11 10 15 1 11
15 20 2 1 15 20 2 1
20 10 3 2 20 10 3 2
10 15 4 3 10 15 4 3
15 5 5 4 15 5 5 4
5 10 6 5 5 10 6 5
10 5 7 6 10 5 7 6
5 10 8 7 5 10 8 7
10 5 9 8 10 5 9 8
5 10 10 9 5 10 10 9
10 5 11 10 10 5 11 10
15 10 1 11 15 10 1 11
20 15 2 1 20 15 2 1
*
waitingTimeCarsGone
696
0
856
366
206
0
36
36
36
0
36
36
36
0
36
2
*
waitingTimeCarsLeft
0
24
0
12
10
