4
5 5 5 5 1 1 1 1
15
101
2182
16087.33
carsInLane
5 5 5 5 1 1 1 1
5 5 10 10 2 2 2 2
10 10 5 5 3 3 3 3
5 5 10 10 4 4 4 4
10 10 5 5 5 5 5 5
15 15 10 10 1 1 6 6
20 20 15 15 2 2 1 1
10 10 20 20 3 3 2 2
15 15 10 10 4 4 3 3
5 5 15 15 5 5 4 4
10 10 20 20 1 1 5 5
15 15 25 25 2 2 1 1
20 20 15 15 3 3 2 2
10 10 20 20 4 4 3 3
15 15 10 10 5 5 4 4
20 20 15 15 1 1 5 5
25 25 20 20 2 2 1 1
15 15 25 25 3 3 2 2
20 20 15 15 4 4 3 3
10 10 20 20 5 5 4 4
15 15 25 25 1 1 5 5
20 20 30 30 2 2 1 1
25 25 20 20 3 3 2 2
15 15 25 25 4 4 3 3
20 20 15 15 5 5 4 4
25 25 20 20 1 1 5 5
30 30 25 25 2 2 1 1
20 20 30 30 3 3 2 2
25 25 20 20 4 4 3 3
15 15 25 25 5 5 4 4
20 20 30 30 1 1 5 5
25 25 35 35 2 2 1 1
30 30 25 25 3 3 2 2
20 20 30 30 4 4 3 3
25 25 20 20 5 5 4 4
30 30 25 25 1 1 5 5
35 35 30 30 2 2 1 1
25 25 35 35 3 3 2 2
30 30 25 25 4 4 3 3
20 20 30 30 5 5 4 4
25 25 35 35 1 1 5 5
30 30 40 40 2 2 1 1
35 35 30 30 3 3 2 2
25 25 35 35 4 4 3 3
30 30 25 25 5 5 4 4
35 35 30 30 1 1 5 5
40 40 35 35 2 2 1 1
30 30 40 40 3 3 2 2
35 35 30 30 4 4 3 3
25 25 35 35 5 5 4 4
30 30 40 40 1 1 5 5
35 35 45 45 2 2 1 1
40 40 35 35 3 3 2 2
30 30 40 40 4 4 3 3
35 35 30 30 5 5 4 4
40 40 35 35 1 1 5 5
45 45 40 40 2 2 1 1
35 35 45 45 3 3 2 2
40 40 35 35 4 4 3 3
30 30 40 40 5 5 4 4
35 35 45 45 1 1 5 5
40 40 50 50 2 2 1 1
45 45 40 40 3 3 2 2
35 35 45 45 4 4 3 3
40 40 35 35 5 5 4 4
45 45 40 40 1 1 5 5
50 50 45 45 2 2 1 1
40 40 50 50 3 3 2 2
45 45 40 40 4 4 3 3
35 35 45 45 5 5 4 4
40 40 50 50 1 1 5 5
45 45 55 55 2 2 1 1
50 50 45 45 3 3 2 2
40 40 50 50 4 4 3 3
45 45 40 40 5 5 4 4
50 50 45 45 1 1 5 5
55 55 50 50 2 2 1 1
45 45 55 55 3 3 2 2
50 50 45 45 4 4 3 3
40 40 50 50 5 5 4 4
45 45 55 55 1 1 5 5
50 50 60 60 2 2 1 1
55 55 50 50 3 3 2 2
45 45 55 55 4 4 3 3
50 50 45 45 5 5 4 4
55 55 50 50 1 1 5 5
60 60 55 55 2 2 1 1
50 50 60 60 3 3 2 2
55 55 50 50 4 4 3 3
45 45 55 55 5 5 4 4
50 50 60 60 1 1 5 5
55 55 65 65 2 2 1 1
60 60 55 55 3 3 2 2
50 50 60 60 4 4 3 3
55 55 50 50 5 5 4 4
60 60 55 55 1 1 5 5
65 65 60 60 2 2 1 1
55 55 65 65 3 3 2 2
60 60 55 55 4 4 3 3
50 50 60 60 5 5 4 4
55 55 65 65 1 1 5 5
*
waitingTimeCarsGone
130
0
170
200
250
0
260
182
180
0
180
180
180
0
150
90
30
*
waitingTimeCarsLeft
0
22
0
20
20
20
0
20
20
20
0
20
20
20
0
20
10
10
