5
5 5 5 5 1 1 1 1
15
101
2396
5988.001
carsInLane
5 5 5 5 1 1 1 1
5 5 10 10 2 2 2 2
10 10 5 5 3 3 3 3
5 5 10 10 4 4 4 4
10 10 5 5 5 5 5 5
5 5 10 10 6 6 6 6
10 10 15 15 1 1 7 7
15 15 20 20 2 2 1 1
20 20 10 10 3 3 2 2
10 10 15 15 4 4 3 3
15 15 5 5 5 5 4 4
5 5 10 10 6 6 5 5
10 10 15 15 1 1 6 6
15 15 20 20 2 2 1 1
20 20 10 10 3 3 2 2
10 10 15 15 4 4 3 3
15 15 5 5 5 5 4 4
5 5 10 10 6 6 5 5
10 10 15 15 1 1 6 6
15 15 20 20 2 2 1 1
20 20 10 10 3 3 2 2
10 10 15 15 4 4 3 3
15 15 5 5 5 5 4 4
5 5 10 10 6 6 5 5
10 10 15 15 1 1 6 6
15 15 20 20 2 2 1 1
20 20 10 10 3 3 2 2
10 10 15 15 4 4 3 3
15 15 5 5 5 5 4 4
5 5 10 10 6 6 5 5
10 10 15 15 1 1 6 6
15 15 20 20 2 2 1 1
20 20 10 10 3 3 2 2
10 10 15 15 4 4 3 3
15 15 5 5 5 5 4 4
5 5 10 10 6 6 5 5
10 10 15 15 1 1 6 6
15 15 20 20 2 2 1 1
20 20 10 10 3 3 2 2
10 10 15 15 4 4 3 3
15 15 5 5 5 5 4 4
5 5 10 10 6 6 5 5
10 10 15 15 1 1 6 6
15 15 20 20 2 2 1 1
20 20 10 10 3 3 2 2
10 10 15 15 4 4 3 3
15 15 5 5 5 5 4 4
5 5 10 10 6 6 5 5
10 10 15 15 1 1 6 6
15 15 20 20 2 2 1 1
20 20 10 10 3 3 2 2
10 10 15 15 4 4 3 3
15 15 5 5 5 5 4 4
5 5 10 10 6 6 5 5
10 10 15 15 1 1 6 6
15 15 20 20 2 2 1 1
20 20 10 10 3 3 2 2
10 10 15 15 4 4 3 3
15 15 5 5 5 5 4 4
5 5 10 10 6 6 5 5
10 10 15 15 1 1 6 6
15 15 20 20 2 2 1 1
20 20 10 10 3 3 2 2
10 10 15 15 4 4 3 3
15 15 5 5 5 5 4 4
5 5 10 10 6 6 5 5
10 10 15 15 1 1 6 6
15 15 20 20 2 2 1 1
20 20 10 10 3 3 2 2
10 10 15 15 4 4 3 3
15 15 5 5 5 5 4 4
5 5 10 10 6 6 5 5
10 10 15 15 1 1 6 6
15 15 20 20 2 2 1 1
20 20 10 10 3 3 2 2
10 10 15 15 4 4 3 3
15 15 5 5 5 5 4 4
5 5 10 10 6 6 5 5
10 10 15 15 1 1 6 6
15 15 20 20 2 2 1 1
20 20 10 10 3 3 2 2
10 10 15 15 4 4 3 3
15 15 5 5 5 5 4 4
5 5 10 10 6 6 5 5
10 10 15 15 1 1 6 6
15 15 20 20 2 2 1 1
20 20 10 10 3 3 2 2
10 10 15 15 4 4 3 3
15 15 5 5 5 5 4 4
5 5 10 10 6 6 5 5
10 10 15 15 1 1 6 6
15 15 20 20 2 2 1 1
20 20 10 10 3 3 2 2
10 10 15 15 4 4 3 3
15 15 5 5 5 5 4 4
5 5 10 10 6 6 5 5
10 10 15 15 1 1 6 6
15 15 20 20 2 2 1 1
20 20 10 10 3 3 2 2
10 10 15 15 4 4 3 3
15 15 5 5 5 5 4 4
*
waitingTimeCarsGone
434
0
744
704
384
0
64
64
2
*
waitingTimeCarsLeft
0
14
0
4
4
4
0
2
