3
5 5 5 5 1 1 1 1
15
101
1892
27388.01
carsInLane
5 5 5 5 1 1 1 1
5 5 10 10 2 2 2 2
10 10 5 5 3 3 3 3
5 5 10 10 4 4 4 4
10 10 15 15 1 1 5 5
15 15 20 20 2 2 1 1
20 20 10 10 3 3 2 2
10 10 15 15 4 4 3 3
15 15 20 20 1 1 4 4
20 20 25 25 2 2 1 1
25 25 15 15 3 3 2 2
15 15 20 20 4 4 3 3
20 20 25 25 1 1 4 4
25 25 30 30 2 2 1 1
30 30 20 20 3 3 2 2
20 20 25 25 4 4 3 3
25 25 30 30 1 1 4 4
30 30 35 35 2 2 1 1
35 35 25 25 3 3 2 2
25 25 30 30 4 4 3 3
30 30 35 35 1 1 4 4
35 35 40 40 2 2 1 1
40 40 30 30 3 3 2 2
30 30 35 35 4 4 3 3
35 35 40 40 1 1 4 4
40 40 45 45 2 2 1 1
45 45 35 35 3 3 2 2
35 35 40 40 4 4 3 3
40 40 45 45 1 1 4 4
45 45 50 50 2 2 1 1
50 50 40 40 3 3 2 2
40 40 45 45 4 4 3 3
45 45 50 50 1 1 4 4
50 50 55 55 2 2 1 1
55 55 45 45 3 3 2 2
45 45 50 50 4 4 3 3
50 50 55 55 1 1 4 4
55 55 60 60 2 2 1 1
60 60 50 50 3 3 2 2
50 50 55 55 4 4 3 3
55 55 60 60 1 1 4 4
60 60 65 65 2 2 1 1
65 65 55 55 3 3 2 2
55 55 60 60 4 4 3 3
60 60 65 65 1 1 4 4
65 65 70 70 2 2 1 1
70 70 60 60 3 3 2 2
60 60 65 65 4 4 3 3
65 65 70 70 1 1 4 4
70 70 75 75 2 2 1 1
75 75 65 65 3 3 2 2
65 65 70 70 4 4 3 3
70 70 75 75 1 1 4 4
75 75 80 80 2 2 1 1
80 80 70 70 3 3 2 2
70 70 75 75 4 4 3 3
75 75 80 80 1 1 4 4
80 80 85 85 2 2 1 1
85 85 75 75 3 3 2 2
75 75 80 80 4 4 3 3
80 80 85 85 1 1 4 4
85 85 90 90 2 2 1 1
90 90 80 80 3 3 2 2
80 80 85 85 4 4 3 3
85 85 90 90 1 1 4 4
90 90 95 95 2 2 1 1
95 95 85 85 3 3 2 2
85 85 90 90 4 4 3 3
90 90 95 95 1 1 4 4
95 95 100 100 2 2 1 1
100 100 90 90 3 3 2 2
90 90 95 95 4 4 3 3
95 95 100 100 1 1 4 4
100 100 105 105 2 2 1 1
105 105 95 95 3 3 2 2
95 95 100 100 4 4 3 3
100 100 105 105 1 1 4 4
105 105 110 110 2 2 1 1
110 110 100 100 3 3 2 2
100 100 105 105 4 4 3 3
105 105 110 110 1 1 4 4
110 110 115 115 2 2 1 1
115 115 105 105 3 3 2 2
105 105 110 110 4 4 3 3
110 110 115 115 1 1 4 4
115 115 120 120 2 2 1 1
120 120 110 110 3 3 2 2
110 110 115 115 4 4 3 3
115 115 120 120 1 1 4 4
120 120 125 125 2 2 1 1
125 125 115 115 3 3 2 2
115 115 120 120 4 4 3 3
120 120 125 125 1 1 4 4
125 125 130 130 2 2 1 1
130 130 120 120 3 3 2 2
120 120 125 125 4 4 3 3
125 125 130 130 1 1 4 4
130 130 135 135 2 2 1 1
135 135 125 125 3 3 2 2
125 125 130 130 4 4 3 3
130 130 135 135 1 1 4 4
*
waitingTimeCarsGone
130
0
140
140
160
0
62
60
60
0
60
60
60
0
60
60
60
0
60
60
60
0
60
60
60
0
60
60
60
0
60
60
60
0
40
20
*
waitingTimeCarsLeft
0
22
0
20
20
20
0
20
20
20
0
20
20
20
0
20
20
20
0
20
20
20
0
20
20
20
0
20
20
20
0
20
20
20
0
20
10
