1
5 5 5 5 1 1 1 1
15
101
1902
28410.01
carsInLane
5 5 5 5 1 1 1 1
5 5 10 10 2 2 2 2
10 10 5 15 3 3 1 3
15 15 10 5 4 4 2 1
20 20 15 10 1 1 3 2
10 10 20 15 2 2 4 3
15 15 10 20 3 3 1 4
20 20 15 10 4 4 2 1
25 25 20 15 1 1 3 2
15 15 25 20 2 2 4 3
20 20 15 25 3 3 1 4
25 25 20 15 4 4 2 1
30 30 25 20 1 1 3 2
20 20 30 25 2 2 4 3
25 25 20 30 3 3 1 4
30 30 25 20 4 4 2 1
35 35 30 25 1 1 3 2
25 25 35 30 2 2 4 3
30 30 25 35 3 3 1 4
35 35 30 25 4 4 2 1
40 40 35 30 1 1 3 2
30 30 40 35 2 2 4 3
35 35 30 40 3 3 1 4
40 40 35 30 4 4 2 1
45 45 40 35 1 1 3 2
35 35 45 40 2 2 4 3
40 40 35 45 3 3 1 4
45 45 40 35 4 4 2 1
50 50 45 40 1 1 3 2
40 40 50 45 2 2 4 3
45 45 40 50 3 3 1 4
50 50 45 40 4 4 2 1
55 55 50 45 1 1 3 2
45 45 55 50 2 2 4 3
50 50 45 55 3 3 1 4
55 55 50 45 4 4 2 1
60 60 55 50 1 1 3 2
50 50 60 55 2 2 4 3
55 55 50 60 3 3 1 4
60 60 55 50 4 4 2 1
65 65 60 55 1 1 3 2
55 55 65 60 2 2 4 3
60 60 55 65 3 3 1 4
65 65 60 55 4 4 2 1
70 70 65 60 1 1 3 2
60 60 70 65 2 2 4 3
65 65 60 70 3 3 1 4
70 70 65 60 4 4 2 1
75 75 70 65 1 1 3 2
65 65 75 70 2 2 4 3
70 70 65 75 3 3 1 4
75 75 70 65 4 4 2 1
80 80 75 70 1 1 3 2
70 70 80 75 2 2 4 3
75 75 70 80 3 3 1 4
80 80 75 70 4 4 2 1
85 85 80 75 1 1 3 2
75 75 85 80 2 2 4 3
80 80 75 85 3 3 1 4
85 85 80 75 4 4 2 1
90 90 85 80 1 1 3 2
80 80 90 85 2 2 4 3
85 85 80 90 3 3 1 4
90 90 85 80 4 4 2 1
95 95 90 85 1 1 3 2
85 85 95 90 2 2 4 3
90 90 85 95 3 3 1 4
95 95 90 85 4 4 2 1
100 100 95 90 1 1 3 2
90 90 100 95 2 2 4 3
95 95 90 100 3 3 1 4
100 100 95 90 4 4 2 1
105 105 100 95 1 1 3 2
95 95 105 100 2 2 4 3
100 100 95 105 3 3 1 4
105 105 100 95 4 4 2 1
110 110 105 100 1 1 3 2
100 100 110 105 2 2 4 3
105 105 100 110 3 3 1 4
110 110 105 100 4 4 2 1
115 115 110 105 1 1 3 2
105 105 115 110 2 2 4 3
110 110 105 115 3 3 1 4
115 115 110 105 4 4 2 1
120 120 115 110 1 1 3 2
110 110 120 115 2 2 4 3
115 115 110 120 3 3 1 4
120 120 115 110 4 4 2 1
125 125 120 115 1 1 3 2
115 115 125 120 2 2 4 3
120 120 115 125 3 3 1 4
125 125 120 115 4 4 2 1
130 130 125 120 1 1 3 2
120 120 130 125 2 2 4 3
125 125 120 130 3 3 1 4
130 130 125 120 4 4 2 1
135 135 130 125 1 1 3 2
125 125 135 130 2 2 4 3
130 130 125 135 3 3 1 4
135 135 130 125 4 4 2 1
140 140 135 130 1 1 3 2
*
waitingTimeCarsGone
120
0
130
144
158
0
60
60
60
0
60
60
60
0
60
60
60
0
60
60
60
0
60
60
60
0
60
60
60
0
60
60
60
0
50
30
10
*
waitingTimeCarsLeft
0
24
0
22
21
20
0
20
20
20
0
20
20
20
0
20
20
20
0
20
20
20
0
20
20
20
0
20
20
20
0
20
20
20
0
10
5
