4
7 3 1 1 7 3 1 1
15
100
2186
15192
carsInLane
7 3 1 1 7 3 1 1
7 6 2 2 7 6 2 2
7 9 3 3 7 9 3 3
14 3 4 4 14 3 4 4
7 6 5 5 7 6 5 5
14 9 1 6 14 9 1 6
21 12 2 1 21 12 2 1
13 15 3 2 13 15 3 2
20 3 4 3 20 3 4 3
12 6 5 4 12 6 5 4
19 9 1 5 19 9 1 5
26 12 2 1 26 12 2 1
18 15 3 2 18 15 3 2
25 3 4 3 25 3 4 3
17 6 5 4 17 6 5 4
24 9 1 5 24 9 1 5
31 12 2 1 31 12 2 1
23 15 3 2 23 15 3 2
30 3 4 3 30 3 4 3
22 6 5 4 22 6 5 4
29 9 1 5 29 9 1 5
36 12 2 1 36 12 2 1
28 15 3 2 28 15 3 2
35 3 4 3 35 3 4 3
27 6 5 4 27 6 5 4
34 9 1 5 34 9 1 5
41 12 2 1 41 12 2 1
33 15 3 2 33 15 3 2
40 3 4 3 40 3 4 3
32 6 5 4 32 6 5 4
39 9 1 5 39 9 1 5
46 12 2 1 46 12 2 1
38 15 3 2 38 15 3 2
45 3 4 3 45 3 4 3
37 6 5 4 37 6 5 4
44 9 1 5 44 9 1 5
51 12 2 1 51 12 2 1
43 15 3 2 43 15 3 2
50 3 4 3 50 3 4 3
42 6 5 4 42 6 5 4
49 9 1 5 49 9 1 5
56 12 2 1 56 12 2 1
48 15 3 2 48 15 3 2
55 3 4 3 55 3 4 3
47 6 5 4 47 6 5 4
54 9 1 5 54 9 1 5
61 12 2 1 61 12 2 1
53 15 3 2 53 15 3 2
60 3 4 3 60 3 4 3
52 6 5 4 52 6 5 4
59 9 1 5 59 9 1 5
66 12 2 1 66 12 2 1
58 15 3 2 58 15 3 2
65 3 4 3 65 3 4 3
57 6 5 4 57 6 5 4
64 9 1 5 64 9 1 5
71 12 2 1 71 12 2 1
63 15 3 2 63 15 3 2
70 3 4 3 70 3 4 3
62 6 5 4 62 6 5 4
69 9 1 5 69 9 1 5
76 12 2 1 76 12 2 1
68 15 3 2 68 15 3 2
75 3 4 3 75 3 4 3
67 6 5 4 67 6 5 4
74 9 1 5 74 9 1 5
81 12 2 1 81 12 2 1
73 15 3 2 73 15 3 2
80 3 4 3 80 3 4 3
72 6 5 4 72 6 5 4
79 9 1 5 79 9 1 5
86 12 2 1 86 12 2 1
78 15 3 2 78 15 3 2
85 3 4 3 85 3 4 3
77 6 5 4 77 6 5 4
84 9 1 5 84 9 1 5
91 12 2 1 91 12 2 1
83 15 3 2 83 15 3 2
90 3 4 3 90 3 4 3
82 6 5 4 82 6 5 4
89 9 1 5 89 9 1 5
96 12 2 1 96 12 2 1
88 15 3 2 88 15 3 2
95 3 4 3 95 3 4 3
87 6 5 4 87 6 5 4
94 9 1 5 94 9 1 5
101 12 2 1 101 12 2 1
93 15 3 2 93 15 3 2
100 3 4 3 100 3 4 3
92 6 5 4 92 6 5 4
99 9 1 5 99 9 1 5
106 12 2 1 106 12 2 1
98 15 3 2 98 15 3 2
105 3 4 3 105 3 4 3
97 6 5 4 97 6 5 4
104 9 1 5 104 9 1 5
111 12 2 1 111 12 2 1
103 15 3 2 103 15 3 2
110 3 4 3 110 3 4 3
102 6 5 4 102 6 5 4
109 9 1 5 109 9 1 5
*
waitingTimeCarsGone
248
6
250
278
278
4
274
86
84
0
84
84
84
0
84
84
84
0
84
66
24
*
waitingTimeCarsLeft
0
22
0
20
20
14
0
14
14
14
0
14
14
14
0
14
14
14
0
14
14
8
