8
7 3 1 1 7 3 1 1
15
96
2394
4809.333
carsInLane
7 3 1 1 7 3 1 1
7 6 2 2 7 6 2 2
7 9 3 3 7 9 3 3
14 3 4 4 14 3 4 4
7 6 5 5 7 6 5 5
7 9 6 6 7 9 6 6
14 3 7 7 14 3 7 7
7 6 8 8 7 6 8 8
14 9 1 9 14 9 1 9
21 12 2 1 21 12 2 1
13 15 3 2 13 15 3 2
20 3 4 3 20 3 4 3
12 6 5 4 12 6 5 4
7 9 6 5 7 9 6 5
14 3 7 6 14 3 7 6
7 6 8 7 7 6 8 7
14 9 1 8 14 9 1 8
7 12 2 9 7 12 2 9
14 15 3 1 14 15 3 1
21 3 4 2 21 3 4 2
13 6 5 3 13 6 5 3
7 9 6 4 7 9 6 4
14 3 7 5 14 3 7 5
7 6 8 6 7 6 8 6
14 9 1 7 14 9 1 7
7 12 2 8 7 12 2 8
14 3 3 9 14 3 3 9
21 6 4 1 21 6 4 1
13 9 5 2 13 9 5 2
7 12 6 3 7 12 6 3
14 3 7 4 14 3 7 4
7 6 8 5 7 6 8 5
14 9 1 6 14 9 1 6
7 12 2 7 7 12 2 7
14 3 3 8 14 3 3 8
7 6 4 9 7 6 4 9
14 9 5 1 14 9 5 1
7 12 6 2 7 12 6 2
14 3 7 3 14 3 7 3
7 6 8 4 7 6 8 4
14 9 1 5 14 9 1 5
7 12 2 6 7 12 2 6
14 3 3 7 14 3 3 7
7 6 4 8 7 6 4 8
14 9 5 1 14 9 5 1
7 12 6 2 7 12 6 2
14 3 7 3 14 3 7 3
7 6 8 4 7 6 8 4
14 9 1 5 14 9 1 5
7 12 2 6 7 12 2 6
14 3 3 7 14 3 3 7
7 6 4 8 7 6 4 8
14 9 5 1 14 9 5 1
7 12 6 2 7 12 6 2
14 3 7 3 14 3 7 3
7 6 8 4 7 6 8 4
14 9 1 5 14 9 1 5
7 12 2 6 7 12 2 6
14 3 3 7 14 3 3 7
7 6 4 8 7 6 4 8
14 9 5 1 14 9 5 1
7 12 6 2 7 12 6 2
14 3 7 3 14 3 7 3
7 6 8 4 7 6 8 4
14 9 1 5 14 9 1 5
7 12 2 6 7 12 2 6
14 3 3 7 14 3 3 7
7 6 4 8 7 6 4 8
14 9 5 1 14 9 5 1
7 12 6 2 7 12 6 2
14 3 7 3 14 3 7 3
7 6 8 4 7 6 8 4
14 9 1 5 14 9 1 5
7 12 2 6 7 12 2 6
14 3 3 7 14 3 3 7
7 6 4 8 7 6 4 8
14 9 5 1 14 9 5 1
7 12 6 2 7 12 6 2
14 3 7 3 14 3 7 3
7 6 8 4 7 6 8 4
14 9 1 5 14 9 1 5
7 12 2 6 7 12 2 6
14 3 3 7 14 3 3 7
7 6 4 8 7 6 4 8
14 9 5 1 14 9 5 1
7 12 6 2 7 12 6 2
14 3 7 3 14 3 7 3
7 6 8 4 7 6 8 4
14 9 1 5 14 9 1 5
7 12 2 6 7 12 2 6
14 3 3 7 14 3 3 7
7 6 4 8 7 6 4 8
14 9 5 1 14 9 5 1
7 12 6 2 7 12 6 2
14 3 7 3 14 3 7 3
7 6 8 4 7 6 8 4
14 9 1 5 14 9 1 5
7 12 2 6 7 12 2 6
14 3 3 7 14 3 3 7
7 6 4 8 7 6 4 8
14 9 5 1 14 9 5 1
*
waitingTimeCarsGone
880
64
812
252
174
10
50
48
48
16
34
6
*
waitingTimeCarsLeft
0
10
0
8
8
2
0
2
