100
1 1 6 1 6 1 1 7
15
101
1902
25626
carsInLane
1 1 6 1 6 1 1 7
2 2 12 1 12 2 2 7
1 3 18 2 6 3 3 14
2 4 9 3 12 4 1 21
3 5 15 1 18 5 2 13
4 6 21 2 9 1 3 20
5 7 12 3 15 2 1 27
6 8 18 1 21 3 2 19
1 9 24 2 12 4 3 26
2 10 30 3 18 5 1 18
3 11 21 1 24 6 2 25
4 12 27 2 15 1 3 32
5 13 33 3 21 2 1 24
6 14 24 1 27 3 2 31
1 15 30 2 18 4 3 38
2 16 36 3 24 5 1 30
3 17 27 1 30 6 2 37
4 18 33 2 36 7 1 29
5 19 39 3 27 1 2 36
6 20 30 1 33 2 3 43
7 21 36 2 39 3 1 35
1 22 42 3 30 4 2 42
2 23 48 1 36 5 3 34
3 24 39 2 42 6 1 41
4 25 45 3 33 1 2 48
5 26 51 1 39 2 3 40
6 27 42 2 45 3 1 47
1 28 48 3 36 4 2 54
2 29 54 1 42 5 3 46
3 30 45 2 48 6 1 53
4 31 51 1 54 7 2 45
5 32 57 2 45 1 3 52
6 33 48 3 51 2 1 59
7 34 54 1 57 3 2 51
1 35 60 2 48 4 3 58
2 36 51 3 54 5 1 65
3 37 57 1 60 6 2 57
4 38 63 2 51 1 3 64
5 39 69 3 57 2 1 56
6 40 60 1 63 3 2 63
1 41 66 2 54 4 3 70
2 42 72 3 60 5 1 62
3 43 63 1 66 6 2 69
4 44 69 2 57 1 3 76
5 45 75 3 63 2 1 68
6 46 66 1 69 3 2 75
7 47 72 2 75 4 1 67
1 48 78 3 66 5 2 74
2 49 69 1 72 6 3 81
3 50 75 2 78 7 1 73
4 51 81 3 69 1 2 80
5 52 72 1 75 2 3 87
6 53 78 2 81 3 1 79
1 54 84 3 72 4 2 86
2 55 90 1 78 5 3 78
3 56 81 2 84 6 1 85
4 57 87 3 75 1 2 92
5 58 93 1 81 2 3 84
6 59 84 2 87 3 1 91
1 60 90 3 78 4 2 98
2 61 96 1 84 5 3 90
3 62 87 2 90 6 1 97
4 63 93 1 96 7 2 89
5 64 99 2 87 1 3 96
6 65 90 3 93 2 1 103
7 66 96 1 99 3 2 95
1 67 102 2 90 4 3 102
2 68 93 3 96 5 1 109
3 69 99 1 102 6 2 101
4 70 105 2 93 1 3 108
5 71 111 3 99 2 1 100
6 72 102 1 105 3 2 107
1 73 108 2 96 4 3 114
2 74 114 3 102 5 1 106
3 75 105 1 108 6 2 113
4 76 111 2 114 7 1 105
5 77 117 3 105 1 2 112
6 78 108 1 111 2 3 119
7 79 114 2 117 3 1 111
1 80 120 3 108 4 2 118
2 81 111 1 114 5 3 125
3 82 117 2 120 6 1 117
4 83 123 3 111 1 2 124
5 84 129 1 117 2 3 116
6 85 120 2 123 3 1 123
1 86 126 3 114 4 2 130
2 87 132 1 120 5 3 122
3 88 123 2 126 6 1 129
4 89 129 3 117 1 2 136
5 90 135 1 123 2 3 128
6 91 126 2 129 3 1 135
7 92 132 1 135 4 2 127
1 93 138 2 126 5 3 134
2 94 129 3 132 6 1 141
3 95 135 1 138 7 2 133
4 96 141 2 129 1 3 140
5 97 132 3 135 2 1 147
6 98 138 1 141 3 2 139
1 99 144 2 132 4 3 146
2 100 150 3 138 5 1 138
3 101 141 1 144 6 2 145
*
waitingTimeCarsGone
121
0
145
157
97
0
107
105
74
0
75
77
67
0
68
76
74
0
66
78
78
0
64
68
76
0
65
53
45
0
33
12
6
0
0
0
0
0
0
0
0
0
0
0
0
0
0
0
0
0
0
0
0
0
0
0
0
0
0
0
0
0
0
0
0
0
0
0
0
0
0
0
0
0
0
0
0
0
0
0
0
0
0
0
0
0
0
0
0
0
0
0
0
0
0
0
0
0
0
0
0
0
0
0
0
0
0
0
0
0
0
0
0
0
0
1
1
0
1
1
1
0
1
1
1
0
1
1
1
0
1
1
1
0
1
*
waitingTimeCarsLeft
0
23
0
22
21
20
0
20
20
20
0
20
20
20
0
20
20
20
0
20
20
20
0
20
20
20
0
20
18
13
0
13
10
1
0
1
1
1
0
1
1
1
0
1
1
1
0
1
1
1
0
1
1
1
0
1
1
1
0
1
1
1
0
1
1
1
0
1
1
1
0
1
1
1
0
1
1
1
0
1
1
1
0
1
1
1
0
1
1
1
0
1
1
1
0
1
1
1
0
1
1
1
0
1
1
1
0
1
1
1
0
1
1
1
0
1
