2
1 1 6 1 6 1 1 7
15
101
1626
33375.37
carsInLane
1 1 6 1 6 1 1 7
2 2 12 1 12 2 2 7
1 3 18 2 6 3 3 14
2 1 24 3 12 1 4 21
3 2 15 4 18 2 1 28
4 3 21 1 24 3 2 20
1 4 27 2 15 4 3 27
2 1 33 3 21 1 4 34
3 2 24 4 27 2 1 41
4 3 30 1 33 3 2 33
1 4 36 2 24 4 3 40
2 1 42 3 30 1 4 47
3 2 33 4 36 2 1 54
4 3 39 1 42 3 2 46
1 4 45 2 33 4 3 53
2 1 51 3 39 1 4 60
3 2 42 4 45 2 1 67
4 3 48 1 51 3 2 59
1 4 54 2 42 4 3 66
2 1 60 3 48 1 4 73
3 2 51 4 54 2 1 80
4 3 57 1 60 3 2 72
1 4 63 2 51 4 3 79
2 1 69 3 57 1 4 86
3 2 60 4 63 2 1 93
4 3 66 1 69 3 2 85
1 4 72 2 60 4 3 92
2 1 78 3 66 1 4 99
3 2 69 4 72 2 1 106
4 3 75 1 78 3 2 98
1 4 81 2 69 4 3 105
2 1 87 3 75 1 4 112
3 2 78 4 81 2 1 119
4 3 84 1 87 3 2 111
1 4 90 2 78 4 3 118
2 1 96 3 84 1 4 125
3 2 87 4 90 2 1 132
4 3 93 1 96 3 2 124
1 4 99 2 87 4 3 131
2 1 105 3 93 1 4 138
3 2 96 4 99 2 1 145
4 3 102 1 105 3 2 137
1 4 108 2 96 4 3 144
2 1 114 3 102 1 4 151
3 2 105 4 108 2 1 158
4 3 111 1 114 3 2 150
1 4 117 2 105 4 3 157
2 1 123 3 111 1 4 164
3 2 114 4 117 2 1 171
4 3 120 1 123 3 2 163
1 4 126 2 114 4 3 170
2 1 132 3 120 1 4 177
3 2 123 4 126 2 1 184
4 3 129 1 132 3 2 176
1 4 135 2 123 4 3 183
2 1 141 3 129 1 4 190
3 2 132 4 135 2 1 197
4 3 138 1 141 3 2 189
1 4 144 2 132 4 3 196
2 1 150 3 138 1 4 203
3 2 141 4 144 2 1 210
4 3 147 1 150 3 2 202
1 4 153 2 141 4 3 209
2 1 159 3 147 1 4 216
3 2 150 4 153 2 1 223
4 3 156 1 159 3 2 215
1 4 162 2 150 4 3 222
2 1 168 3 156 1 4 229
3 2 159 4 162 2 1 236
4 3 165 1 168 3 2 228
1 4 171 2 159 4 3 235
2 1 177 3 165 1 4 242
3 2 168 4 171 2 1 249
4 3 174 1 177 3 2 241
1 4 180 2 168 4 3 248
2 1 186 3 174 1 4 255
3 2 177 4 180 2 1 262
4 3 183 1 186 3 2 254
1 4 189 2 177 4 3 261
2 1 195 3 183 1 4 268
3 2 186 4 189 2 1 275
4 3 192 1 195 3 2 267
1 4 198 2 186 4 3 274
2 1 204 3 192 1 4 281
3 2 195 4 198 2 1 288
4 3 201 1 204 3 2 280
1 4 207 2 195 4 3 287
2 1 213 3 201 1 4 294
3 2 204 4 207 2 1 301
4 3 210 1 213 3 2 293
1 4 216 2 204 4 3 300
2 1 222 3 210 1 4 307
3 2 213 4 216 2 1 314
4 3 219 1 222 3 2 306
1 4 225 2 213 4 3 313
2 1 231 3 219 1 4 320
3 2 222 4 225 2 1 327
4 3 228 1 231 3 2 319
1 4 234 2 222 4 3 326
2 1 240 3 228 1 4 333
3 2 231 4 234 2 1 340
*
waitingTimeCarsGone
139
0
138
143
155
0
25
27
31
0
27
25
33
0
25
27
31
0
27
26
32
0
27
25
33
0
25
27
31
0
27
25
33
0
25
27
32
0
26
27
31
0
27
25
33
0
25
27
31
0
24
19
15
0
8
8
9
0
7
9
7
0
9
7
4
*
waitingTimeCarsLeft
0
23
0
22
20
19
0
19
19
19
0
19
19
19
0
19
19
19
0
19
19
19
0
19
19
19
0
19
19
19
0
19
19
19
0
19
19
19
0
19
19
19
0
19
19
19
0
19
19
19
0
19
16
7
0
7
7
7
0
7
7
7
0
3
