100
9 9 1 1 1 1 1 1
15
67
2389
4658.665
carsInLane
9 9 1 1 1 1 1 1
9 9 2 2 2 2 2 2
9 9 3 3 3 3 3 3
9 9 4 4 4 4 4 4
9 9 5 5 5 5 5 5
9 9 6 6 6 6 6 6
9 9 7 7 7 7 7 7
9 9 8 8 8 8 8 8
9 9 9 9 9 9 9 9
9 18 10 10 1 10 10 10
18 12 11 11 2 1 11 11
12 9 12 12 3 2 12 12
21 18 1 13 4 3 1 13
15 12 2 14 5 4 2 14
24 21 3 1 6 5 3 1
18 15 4 2 7 6 4 2
12 9 5 3 8 7 5 3
9 9 6 4 9 8 6 4
9 18 7 5 1 9 7 5
18 12 8 6 2 1 8 6
12 9 9 7 3 2 9 7
9 9 10 8 4 3 10 8
18 18 1 9 5 4 1 9
12 12 2 10 6 5 2 10
9 9 3 11 7 6 3 11
18 18 4 1 8 7 4 1
12 12 5 2 9 8 5 2
9 9 6 3 10 9 6 3
9 18 7 4 1 10 7 4
18 12 8 5 2 1 8 5
12 9 9 6 3 2 9 6
9 9 10 7 4 3 10 7
18 18 1 8 5 4 1 8
12 12 2 9 6 5 2 9
9 9 3 10 7 6 3 10
18 18 4 1 8 7 4 1
12 12 5 2 9 8 5 2
9 9 6 3 10 9 6 3
9 18 7 4 1 10 7 4
18 12 8 5 2 1 8 5
12 9 9 6 3 2 9 6
9 9 10 7 4 3 10 7
18 18 1 8 5 4 1 8
12 12 2 9 6 5 2 9
9 9 3 10 7 6 3 10
18 18 4 1 8 7 4 1
12 12 5 2 9 8 5 2
9 9 6 3 10 9 6 3
9 18 7 4 1 10 7 4
18 12 8 5 2 1 8 5
12 9 9 6 3 2 9 6
9 9 10 7 4 3 10 7
18 18 1 8 5 4 1 8
12 12 2 9 6 5 2 9
9 9 3 10 7 6 3 10
18 18 4 1 8 7 4 1
12 12 5 2 9 8 5 2
9 9 6 3 10 9 6 3
9 18 7 4 1 10 7 4
18 12 8 5 2 1 8 5
12 9 9 6 3 2 9 6
9 9 10 7 4 3 10 7
18 18 1 8 5 4 1 8
12 12 2 9 6 5 2 9
9 9 3 10 7 6 3 10
18 18 4 1 8 7 4 1
12 12 5 2 9 8 5 2
9 9 6 3 10 9 6 3
9 18 7 4 1 10 7 4
18 12 8 5 2 1 8 5
12 9 9 6 3 2 9 6
9 9 10 7 4 3 10 7
18 18 1 8 5 4 1 8
12 12 2 9 6 5 2 9
9 9 3 10 7 6 3 10
18 18 4 1 8 7 4 1
12 12 5 2 9 8 5 2
9 9 6 3 10 9 6 3
9 18 7 4 1 10 7 4
18 12 8 5 2 1 8 5
12 9 9 6 3 2 9 6
9 9 10 7 4 3 10 7
18 18 1 8 5 4 1 8
12 12 2 9 6 5 2 9
9 9 3 10 7 6 3 10
18 18 4 1 8 7 4 1
12 12 5 2 9 8 5 2
9 9 6 3 10 9 6 3
9 18 7 4 1 10 7 4
18 12 8 5 2 1 8 5
12 9 9 6 3 2 9 6
9 9 10 7 4 3 10 7
18 18 1 8 5 4 1 8
12 12 2 9 6 5 2 9
9 9 3 10 7 6 3 10
18 18 4 1 8 7 4 1
12 12 5 2 9 8 5 2
9 9 6 3 10 9 6 3
9 18 7 4 1 10 7 4
18 12 8 5 2 1 8 5
12 9 9 6 3 2 9 6
*
waitingTimeCarsGone
1187
183
550
67
56
54
56
8
53
56
55
52
4
4
2
2
*
waitingTimeCarsLeft
0
6
6
0
5
4
4
4
0
2
2
2
