2
7 3 7 3 1 1 1 1
15
101
1751
26337.02
carsInLane
7 3 7 3 1 1 1 1
7 3 14 6 2 2 2 2
14 6 7 3 3 3 3 3
21 9 14 6 1 1 4 4
28 12 21 9 2 2 1 1
20 3 28 12 3 3 2 2
27 6 20 3 4 4 3 3
34 9 27 6 1 1 4 4
41 12 34 9 2 2 1 1
33 3 41 12 3 3 2 2
40 6 33 3 4 4 3 3
47 9 40 6 1 1 4 4
54 12 47 9 2 2 1 1
46 3 54 12 3 3 2 2
53 6 46 3 4 4 3 3
60 9 53 6 1 1 4 4
67 12 60 9 2 2 1 1
59 3 67 12 3 3 2 2
66 6 59 3 4 4 3 3
73 9 66 6 1 1 4 4
80 12 73 9 2 2 1 1
72 3 80 12 3 3 2 2
79 6 72 3 4 4 3 3
86 9 79 6 1 1 4 4
93 12 86 9 2 2 1 1
85 3 93 12 3 3 2 2
92 6 85 3 4 4 3 3
99 9 92 6 1 1 4 4
106 12 99 9 2 2 1 1
98 3 106 12 3 3 2 2
105 6 98 3 4 4 3 3
112 9 105 6 1 1 4 4
119 12 112 9 2 2 1 1
111 3 119 12 3 3 2 2
118 6 111 3 4 4 3 3
125 9 118 6 1 1 4 4
132 12 125 9 2 2 1 1
124 3 132 12 3 3 2 2
131 6 124 3 4 4 3 3
138 9 131 6 1 1 4 4
145 12 138 9 2 2 1 1
137 3 145 12 3 3 2 2
144 6 137 3 4 4 3 3
151 9 144 6 1 1 4 4
158 12 151 9 2 2 1 1
150 3 158 12 3 3 2 2
157 6 150 3 4 4 3 3
164 9 157 6 1 1 4 4
171 12 164 9 2 2 1 1
163 3 171 12 3 3 2 2
170 6 163 3 4 4 3 3
177 9 170 6 1 1 4 4
184 12 177 9 2 2 1 1
176 3 184 12 3 3 2 2
183 6 176 3 4 4 3 3
190 9 183 6 1 1 4 4
197 12 190 9 2 2 1 1
189 3 197 12 3 3 2 2
196 6 189 3 4 4 3 3
203 9 196 6 1 1 4 4
210 12 203 9 2 2 1 1
202 3 210 12 3 3 2 2
209 6 202 3 4 4 3 3
216 9 209 6 1 1 4 4
223 12 216 9 2 2 1 1
215 3 223 12 3 3 2 2
222 6 215 3 4 4 3 3
229 9 222 6 1 1 4 4
236 12 229 9 2 2 1 1
228 3 236 12 3 3 2 2
235 6 228 3 4 4 3 3
242 9 235 6 1 1 4 4
249 12 242 9 2 2 1 1
241 3 249 12 3 3 2 2
248 6 241 3 4 4 3 3
255 9 248 6 1 1 4 4
262 12 255 9 2 2 1 1
254 3 262 12 3 3 2 2
261 6 254 3 4 4 3 3
268 9 261 6 1 1 4 4
275 12 268 9 2 2 1 1
267 3 275 12 3 3 2 2
274 6 267 3 4 4 3 3
281 9 274 6 1 1 4 4
288 12 281 9 2 2 1 1
280 3 288 12 3 3 2 2
287 6 280 3 4 4 3 3
294 9 287 6 1 1 4 4
301 12 294 9 2 2 1 1
293 3 301 12 3 3 2 2
300 6 293 3 4 4 3 3
307 9 300 6 1 1 4 4
314 12 307 9 2 2 1 1
306 3 314 12 3 3 2 2
313 6 306 3 4 4 3 3
320 9 313 6 1 1 4 4
327 12 320 9 2 2 1 1
319 3 327 12 3 3 2 2
326 6 319 3 4 4 3 3
333 9 326 6 1 1 4 4
340 12 333 9 2 2 1 1
*
waitingTimeCarsGone
267
0
259
261
263
0
14
18
14
0
18
14
18
0
14
18
14
0
18
16
16
0
18
14
18
0
14
18
14
0
18
14
18
0
14
18
16
0
16
18
14
0
18
14
18
0
14
18
14
0
18
14
18
0
16
16
18
0
14
18
14
0
14
7
4
*
waitingTimeCarsLeft
0
21
0
19
17
14
0
14
14
14
0
14
14
14
0
14
14
14
0
14
14
14
0
14
14
14
0
14
14
14
0
14
14
14
0
14
14
14
0
14
14
14
0
14
14
14
0
14
14
14
0
14
14
14
0
14
14
14
0
14
14
14
0
10
4
