1
7 3 7 3 1 1 1 1
15
101
1753
26343.02
carsInLane
7 3 7 3 1 1 1 1
7 3 14 6 2 2 2 2
14 6 7 9 3 3 1 3
21 9 14 3 4 4 2 1
28 12 21 6 1 1 3 2
20 3 28 9 2 2 4 3
27 6 20 12 3 3 1 4
34 9 27 3 4 4 2 1
41 12 34 6 1 1 3 2
33 3 41 9 2 2 4 3
40 6 33 12 3 3 1 4
47 9 40 3 4 4 2 1
54 12 47 6 1 1 3 2
46 3 54 9 2 2 4 3
53 6 46 12 3 3 1 4
60 9 53 3 4 4 2 1
67 12 60 6 1 1 3 2
59 3 67 9 2 2 4 3
66 6 59 12 3 3 1 4
73 9 66 3 4 4 2 1
80 12 73 6 1 1 3 2
72 3 80 9 2 2 4 3
79 6 72 12 3 3 1 4
86 9 79 3 4 4 2 1
93 12 86 6 1 1 3 2
85 3 93 9 2 2 4 3
92 6 85 12 3 3 1 4
99 9 92 3 4 4 2 1
106 12 99 6 1 1 3 2
98 3 106 9 2 2 4 3
105 6 98 12 3 3 1 4
112 9 105 3 4 4 2 1
119 12 112 6 1 1 3 2
111 3 119 9 2 2 4 3
118 6 111 12 3 3 1 4
125 9 118 3 4 4 2 1
132 12 125 6 1 1 3 2
124 3 132 9 2 2 4 3
131 6 124 12 3 3 1 4
138 9 131 3 4 4 2 1
145 12 138 6 1 1 3 2
137 3 145 9 2 2 4 3
144 6 137 12 3 3 1 4
151 9 144 3 4 4 2 1
158 12 151 6 1 1 3 2
150 3 158 9 2 2 4 3
157 6 150 12 3 3 1 4
164 9 157 3 4 4 2 1
171 12 164 6 1 1 3 2
163 3 171 9 2 2 4 3
170 6 163 12 3 3 1 4
177 9 170 3 4 4 2 1
184 12 177 6 1 1 3 2
176 3 184 9 2 2 4 3
183 6 176 12 3 3 1 4
190 9 183 3 4 4 2 1
197 12 190 6 1 1 3 2
189 3 197 9 2 2 4 3
196 6 189 12 3 3 1 4
203 9 196 3 4 4 2 1
210 12 203 6 1 1 3 2
202 3 210 9 2 2 4 3
209 6 202 12 3 3 1 4
216 9 209 3 4 4 2 1
223 12 216 6 1 1 3 2
215 3 223 9 2 2 4 3
222 6 215 12 3 3 1 4
229 9 222 3 4 4 2 1
236 12 229 6 1 1 3 2
228 3 236 9 2 2 4 3
235 6 228 12 3 3 1 4
242 9 235 3 4 4 2 1
249 12 242 6 1 1 3 2
241 3 249 9 2 2 4 3
248 6 241 12 3 3 1 4
255 9 248 3 4 4 2 1
262 12 255 6 1 1 3 2
254 3 262 9 2 2 4 3
261 6 254 12 3 3 1 4
268 9 261 3 4 4 2 1
275 12 268 6 1 1 3 2
267 3 275 9 2 2 4 3
274 6 267 12 3 3 1 4
281 9 274 3 4 4 2 1
288 12 281 6 1 1 3 2
280 3 288 9 2 2 4 3
287 6 280 12 3 3 1 4
294 9 287 3 4 4 2 1
301 12 294 6 1 1 3 2
293 3 301 9 2 2 4 3
300 6 293 12 3 3 1 4
307 9 300 3 4 4 2 1
314 12 307 6 1 1 3 2
306 3 314 9 2 2 4 3
313 6 306 12 3 3 1 4
320 9 313 3 4 4 2 1
327 12 320 6 1 1 3 2
319 3 327 9 2 2 4 3
326 6 319 12 3 3 1 4
333 9 326 3 4 4 2 1
340 12 333 6 1 1 3 2
*
waitingTimeCarsGone
267
0
259
263
263
0
14
18
14
0
18
14
18
0
14
18
14
0
18
16
16
0
18
14
18
0
14
18
14
0
18
14
18
0
14
18
16
0
16
18
14
0
18
14
18
0
14
18
14
0
18
14
18
0
16
16
18
0
14
18
14
0
14
7
4
*
waitingTimeCarsLeft
0
21
0
19
15
14
0
14
14
14
0
14
14
14
0
14
14
14
0
14
14
14
0
14
14
14
0
14
14
14
0
14
14
14
0
14
14
14
0
14
14
14
0
14
14
14
0
14
14
14
0
14
14
14
0
14
14
14
0
14
14
14
0
10
4
