2
7 3 1 1 7 3 1 1
15
100
1744
25388.68
carsInLane
7 3 1 1 7 3 1 1
7 6 2 2 7 6 2 2
7 9 3 3 7 9 3 3
14 3 4 4 14 3 4 4
21 6 1 5 21 6 1 5
28 9 2 1 28 9 2 1
20 12 3 2 20 12 3 2
27 3 4 3 27 3 4 3
34 6 1 4 34 6 1 4
41 9 2 1 41 9 2 1
33 12 3 2 33 12 3 2
40 3 4 3 40 3 4 3
47 6 1 4 47 6 1 4
54 9 2 1 54 9 2 1
46 12 3 2 46 12 3 2
53 3 4 3 53 3 4 3
60 6 1 4 60 6 1 4
67 9 2 1 67 9 2 1
59 12 3 2 59 12 3 2
66 3 4 3 66 3 4 3
73 6 1 4 73 6 1 4
80 9 2 1 80 9 2 1
72 12 3 2 72 12 3 2
79 3 4 3 79 3 4 3
86 6 1 4 86 6 1 4
93 9 2 1 93 9 2 1
85 12 3 2 85 12 3 2
92 3 4 3 92 3 4 3
99 6 1 4 99 6 1 4
106 9 2 1 106 9 2 1
98 12 3 2 98 12 3 2
105 3 4 3 105 3 4 3
112 6 1 4 112 6 1 4
119 9 2 1 119 9 2 1
111 12 3 2 111 12 3 2
118 3 4 3 118 3 4 3
125 6 1 4 125 6 1 4
132 9 2 1 132 9 2 1
124 12 3 2 124 12 3 2
131 3 4 3 131 3 4 3
138 6 1 4 138 6 1 4
145 9 2 1 145 9 2 1
137 12 3 2 137 12 3 2
144 3 4 3 144 3 4 3
151 6 1 4 151 6 1 4
158 9 2 1 158 9 2 1
150 12 3 2 150 12 3 2
157 3 4 3 157 3 4 3
164 6 1 4 164 6 1 4
171 9 2 1 171 9 2 1
163 12 3 2 163 12 3 2
170 3 4 3 170 3 4 3
177 6 1 4 177 6 1 4
184 9 2 1 184 9 2 1
176 12 3 2 176 12 3 2
183 3 4 3 183 3 4 3
190 6 1 4 190 6 1 4
197 9 2 1 197 9 2 1
189 12 3 2 189 12 3 2
196 3 4 3 196 3 4 3
203 6 1 4 203 6 1 4
210 9 2 1 210 9 2 1
202 12 3 2 202 12 3 2
209 3 4 3 209 3 4 3
216 6 1 4 216 6 1 4
223 9 2 1 223 9 2 1
215 12 3 2 215 12 3 2
222 3 4 3 222 3 4 3
229 6 1 4 229 6 1 4
236 9 2 1 236 9 2 1
228 12 3 2 228 12 3 2
235 3 4 3 235 3 4 3
242 6 1 4 242 6 1 4
249 9 2 1 249 9 2 1
241 12 3 2 241 12 3 2
248 3 4 3 248 3 4 3
255 6 1 4 255 6 1 4
262 9 2 1 262 9 2 1
254 12 3 2 254 12 3 2
261 3 4 3 261 3 4 3
268 6 1 4 268 6 1 4
275 9 2 1 275 9 2 1
267 12 3 2 267 12 3 2
274 3 4 3 274 3 4 3
281 6 1 4 281 6 1 4
288 9 2 1 288 9 2 1
280 12 3 2 280 12 3 2
287 3 4 3 287 3 4 3
294 6 1 4 294 6 1 4
301 9 2 1 301 9 2 1
293 12 3 2 293 12 3 2
300 3 4 3 300 3 4 3
307 6 1 4 307 6 1 4
314 9 2 1 314 9 2 1
306 12 3 2 306 12 3 2
313 3 4 3 313 3 4 3
320 6 1 4 320 6 1 4
327 9 2 1 327 9 2 1
319 12 3 2 319 12 3 2
326 3 4 3 326 3 4 3
333 6 1 4 333 6 1 4
*
waitingTimeCarsGone
278
6
246
264
262
2
14
18
14
0
18
14
18
0
14
18
14
0
18
16
16
0
18
14
18
0
14
18
14
0
18
14
18
0
14
18
16
0
16
18
14
0
18
14
18
0
14
18
14
0
18
14
18
0
16
16
18
0
14
18
14
0
10
*
waitingTimeCarsLeft
0
22
0
20
14
14
0
14
14
14
0
14
14
14
0
14
14
14
0
14
14
14
0
14
14
14
0
14
14
14
0
14
14
14
0
14
14
14
0
14
14
14
0
14
14
14
0
14
14
14
0
14
14
14
0
14
14
14
0
14
14
14
0
14
8
