1
9 9 1 1 1 1 1 1
15
101
1362
32296.7
carsInLane
9 9 1 1 1 1 1 1
9 9 2 2 2 2 2 2
18 18 1 3 3 3 1 3
27 27 2 1 4 4 2 1
36 36 3 2 1 1 3 2
30 30 4 3 2 2 4 3
39 39 1 4 3 3 1 4
48 48 2 1 4 4 2 1
57 57 3 2 1 1 3 2
51 51 4 3 2 2 4 3
60 60 1 4 3 3 1 4
69 69 2 1 4 4 2 1
78 78 3 2 1 1 3 2
72 72 4 3 2 2 4 3
81 81 1 4 3 3 1 4
90 90 2 1 4 4 2 1
99 99 3 2 1 1 3 2
93 93 4 3 2 2 4 3
102 102 1 4 3 3 1 4
111 111 2 1 4 4 2 1
120 120 3 2 1 1 3 2
114 114 4 3 2 2 4 3
123 123 1 4 3 3 1 4
132 132 2 1 4 4 2 1
141 141 3 2 1 1 3 2
135 135 4 3 2 2 4 3
144 144 1 4 3 3 1 4
153 153 2 1 4 4 2 1
162 162 3 2 1 1 3 2
156 156 4 3 2 2 4 3
165 165 1 4 3 3 1 4
174 174 2 1 4 4 2 1
183 183 3 2 1 1 3 2
177 177 4 3 2 2 4 3
186 186 1 4 3 3 1 4
195 195 2 1 4 4 2 1
204 204 3 2 1 1 3 2
198 198 4 3 2 2 4 3
207 207 1 4 3 3 1 4
216 216 2 1 4 4 2 1
225 225 3 2 1 1 3 2
219 219 4 3 2 2 4 3
228 228 1 4 3 3 1 4
237 237 2 1 4 4 2 1
246 246 3 2 1 1 3 2
240 240 4 3 2 2 4 3
249 249 1 4 3 3 1 4
258 258 2 1 4 4 2 1
267 267 3 2 1 1 3 2
261 261 4 3 2 2 4 3
270 270 1 4 3 3 1 4
279 279 2 1 4 4 2 1
288 288 3 2 1 1 3 2
282 282 4 3 2 2 4 3
291 291 1 4 3 3 1 4
300 300 2 1 4 4 2 1
309 309 3 2 1 1 3 2
303 303 4 3 2 2 4 3
312 312 1 4 3 3 1 4
321 321 2 1 4 4 2 1
330 330 3 2 1 1 3 2
324 324 4 3 2 2 4 3
333 333 1 4 3 3 1 4
342 342 2 1 4 4 2 1
351 351 3 2 1 1 3 2
345 345 4 3 2 2 4 3
354 354 1 4 3 3 1 4
363 363 2 1 4 4 2 1
372 372 3 2 1 1 3 2
366 366 4 3 2 2 4 3
375 375 1 4 3 3 1 4
384 384 2 1 4 4 2 1
393 393 3 2 1 1 3 2
387 387 4 3 2 2 4 3
396 396 1 4 3 3 1 4
405 405 2 1 4 4 2 1
414 414 3 2 1 1 3 2
408 408 4 3 2 2 4 3
417 417 1 4 3 3 1 4
426 426 2 1 4 4 2 1
435 435 3 2 1 1 3 2
429 429 4 3 2 2 4 3
438 438 1 4 3 3 1 4
447 447 2 1 4 4 2 1
456 456 3 2 1 1 3 2
450 450 4 3 2 2 4 3
459 459 1 4 3 3 1 4
468 468 2 1 4 4 2 1
477 477 3 2 1 1 3 2
471 471 4 3 2 2 4 3
480 480 1 4 3 3 1 4
489 489 2 1 4 4 2 1
498 498 3 2 1 1 3 2
492 492 4 3 2 2 4 3
501 501 1 4 3 3 1 4
510 510 2 1 4 4 2 1
519 519 3 2 1 1 3 2
513 513 4 3 2 2 4 3
522 522 1 4 3 3 1 4
531 531 2 1 4 4 2 1
540 540 3 2 1 1 3 2
*
waitingTimeCarsGone
168
0
150
160
164
0
6
18
6
0
18
12
12
0
18
6
18
0
6
18
12
0
12
18
6
0
18
6
18
0
12
12
18
0
6
18
6
0
18
12
12
0
18
6
18
0
6
18
12
0
12
18
6
0
18
6
18
0
12
12
18
0
6
18
6
0
18
12
12
0
18
6
18
0
6
18
12
0
12
18
*
waitingTimeCarsLeft
0
24
0
22
20
18
0
18
18
18
0
18
18
18
0
18
18
18
0
18
18
18
0
18
18
18
0
18
18
18
0
18
18
18
0
18
18
18
0
18
18
18
0
18
18
18
0
18
18
18
0
18
18
18
0
18
18
18
0
18
18
18
0
18
18
18
0
18
18
18
0
18
18
18
0
18
18
18
0
6
