7
1 1 6 1 6 1 1 7
15
101
1818
30015.35
carsInLane
1 1 6 1 6 1 1 7
2 2 12 1 12 2 2 7
1 3 18 2 6 3 3 14
2 4 9 3 12 4 1 21
3 5 15 1 18 5 2 13
4 6 21 2 9 1 3 20
5 7 12 3 15 2 1 27
6 8 18 1 21 3 2 19
1 1 24 2 27 4 3 26
2 2 30 3 18 1 4 33
3 3 36 4 24 2 1 25
4 4 27 1 30 3 2 32
1 5 33 2 21 4 3 39
2 6 39 3 27 5 1 31
3 7 30 1 33 6 2 38
4 8 36 2 39 7 1 30
5 1 42 3 45 1 2 37
1 2 48 4 36 2 3 44
2 3 39 1 42 3 4 51
3 4 45 2 48 4 1 43
4 5 51 3 39 1 2 50
5 6 42 1 45 2 3 57
6 7 48 2 51 3 1 49
1 8 54 3 42 4 2 56
2 1 60 4 48 1 3 63
3 2 66 1 54 2 4 55
4 3 57 2 60 3 1 62
1 4 63 3 51 4 2 69
2 5 69 1 57 5 3 61
3 6 60 2 63 6 1 68
4 7 66 1 69 7 2 60
5 8 72 2 60 1 3 67
1 1 78 3 66 2 4 74
2 2 69 4 72 3 1 81
3 3 75 1 78 4 2 73
4 4 81 2 69 1 3 80
5 5 72 3 75 2 1 87
6 6 78 1 81 3 2 79
1 7 84 2 72 4 3 86
2 8 90 3 78 5 1 78
3 1 96 4 84 1 2 85
4 2 87 1 90 2 3 92
5 3 93 2 96 3 1 84
1 4 99 3 87 4 2 91
2 5 90 1 93 5 3 98
3 6 96 2 99 6 1 90
4 7 102 3 90 1 2 97
5 8 93 1 96 2 3 104
1 1 99 2 102 3 4 111
2 2 105 3 108 4 1 103
3 3 111 4 99 1 2 110
4 4 102 1 105 2 3 117
5 5 108 2 111 3 1 109
1 6 114 3 102 4 2 116
2 7 120 1 108 5 3 108
3 8 111 2 114 6 1 115
4 1 117 3 120 1 2 122
5 2 123 1 126 2 3 114
1 3 129 2 117 3 4 121
2 4 120 3 123 4 1 128
3 5 126 1 129 5 2 120
4 6 132 2 120 1 3 127
5 7 123 3 126 2 1 134
6 8 129 1 132 3 2 126
1 1 135 2 138 4 3 133
2 2 141 3 129 1 4 140
3 3 132 4 135 2 1 147
4 4 138 1 141 3 2 139
1 5 144 2 132 4 3 146
2 6 150 3 138 5 1 138
3 7 141 1 144 6 2 145
4 8 147 2 135 1 3 152
1 1 153 3 141 2 4 159
2 2 159 4 147 3 1 151
3 3 150 1 153 4 2 158
4 4 156 2 159 5 1 150
5 5 162 3 150 1 2 157
6 6 153 1 156 2 3 164
7 7 159 2 162 3 1 156
1 8 165 3 153 4 2 163
2 1 171 4 159 1 3 170
3 2 162 1 165 2 4 177
4 3 168 2 171 3 1 169
1 4 174 3 162 4 2 176
2 5 180 1 168 5 3 168
3 6 171 2 174 6 1 175
4 7 177 3 165 1 2 182
5 8 183 1 171 2 3 174
1 1 189 2 177 3 4 181
2 2 180 3 183 4 1 188
3 3 186 1 189 5 2 180
4 4 192 2 180 1 3 187
5 5 183 3 186 2 1 194
6 6 189 1 192 3 2 186
1 7 195 2 183 4 3 193
2 8 186 3 189 5 1 200
3 1 192 4 195 1 2 207
4 2 198 1 201 2 3 199
1 3 204 2 192 3 4 206
2 4 210 3 198 4 1 198
3 5 201 1 204 5 2 205
*
waitingTimeCarsGone
133
0
145
152
112
0
78
61
63
0
63
37
39
0
42
56
43
0
22
41
58
0
52
38
27
0
42
47
52
0
43
35
47
0
44
46
35
0
32
31
30
0
33
18
15
0
6
*
waitingTimeCarsLeft
0
23
0
22
21
20
0
20
19
19
0
19
19
19
0
19
19
19
0
19
19
19
0
19
19
19
0
19
19
19
0
19
19
19
0
19
19
19
0
19
14
12
0
9
6
3
