6
7 3 1 1 7 3 1 1
15
79
2382
5880.003
carsInLane
7 3 1 1 7 3 1 1
7 6 2 2 7 6 2 2
7 9 3 3 7 9 3 3
14 3 4 4 14 3 4 4
7 6 5 5 7 6 5 5
7 9 6 6 7 9 6 6
14 3 7 7 14 3 7 7
21 6 1 8 21 6 1 8
28 9 2 1 28 9 2 1
20 12 3 2 20 12 3 2
12 15 4 3 12 15 4 3
19 3 5 4 19 3 5 4
11 6 6 5 11 6 6 5
7 9 7 6 7 9 7 6
14 12 1 7 14 12 1 7
21 15 2 1 21 15 2 1
13 18 3 2 13 18 3 2
20 6 4 3 20 6 4 3
12 9 5 4 12 9 5 4
7 12 6 5 7 12 6 5
14 3 7 6 14 3 7 6
21 6 1 7 21 6 1 7
28 9 2 1 28 9 2 1
20 12 3 2 20 12 3 2
12 15 4 3 12 15 4 3
19 3 5 4 19 3 5 4
11 6 6 5 11 6 6 5
7 9 7 6 7 9 7 6
14 12 1 7 14 12 1 7
21 15 2 1 21 15 2 1
13 18 3 2 13 18 3 2
20 6 4 3 20 6 4 3
12 9 5 4 12 9 5 4
7 12 6 5 7 12 6 5
14 3 7 6 14 3 7 6
21 6 1 7 21 6 1 7
28 9 2 1 28 9 2 1
20 12 3 2 20 12 3 2
12 15 4 3 12 15 4 3
19 3 5 4 19 3 5 4
11 6 6 5 11 6 6 5
7 9 7 6 7 9 7 6
14 12 1 7 14 12 1 7
21 15 2 1 21 15 2 1
13 18 3 2 13 18 3 2
20 6 4 3 20 6 4 3
12 9 5 4 12 9 5 4
7 12 6 5 7 12 6 5
14 3 7 6 14 3 7 6
21 6 1 7 21 6 1 7
28 9 2 1 28 9 2 1
20 12 3 2 20 12 3 2
12 15 4 3 12 15 4 3
19 3 5 4 19 3 5 4
11 6 6 5 11 6 6 5
7 9 7 6 7 9 7 6
14 12 1 7 14 12 1 7
21 15 2 1 21 15 2 1
13 18 3 2 13 18 3 2
20 6 4 3 20 6 4 3
12 9 5 4 12 9 5 4
7 12 6 5 7 12 6 5
14 3 7 6 14 3 7 6
21 6 1 7 21 6 1 7
28 9 2 1 28 9 2 1
20 12 3 2 20 12 3 2
12 15 4 3 12 15 4 3
19 3 5 4 19 3 5 4
11 6 6 5 11 6 6 5
7 9 7 6 7 9 7 6
14 12 1 7 14 12 1 7
21 15 2 1 21 15 2 1
13 18 3 2 13 18 3 2
20 6 4 3 20 6 4 3
12 9 5 4 12 9 5 4
7 12 6 5 7 12 6 5
14 3 7 6 14 3 7 6
21 6 1 7 21 6 1 7
28 9 2 1 28 9 2 1
20 12 3 2 20 12 3 2
12 15 4 3 12 15 4 3
19 3 5 4 19 3 5 4
11 6 6 5 11 6 6 5
7 9 7 6 7 9 7 6
14 12 1 7 14 12 1 7
21 15 2 1 21 15 2 1
13 18 3 2 13 18 3 2
20 6 4 3 20 6 4 3
12 9 5 4 12 9 5 4
7 12 6 5 7 12 6 5
14 3 7 6 14 3 7 6
21 6 1 7 21 6 1 7
28 9 2 1 28 9 2 1
20 12 3 2 20 12 3 2
12 15 4 3 12 15 4 3
19 3 5 4 19 3 5 4
11 6 6 5 11 6 6 5
7 9 7 6 7 9 7 6
14 12 1 7 14 12 1 7
21 15 2 1 21 15 2 1
13 18 3 2 13 18 3 2
*
waitingTimeCarsGone
492
318
392
610
274
140
30
68
56
2
*
waitingTimeCarsLeft
0
24
0
16
2
