5
7 3 7 3 1 1 1 1
15
101
2012
22388.01
carsInLane
7 3 7 3 1 1 1 1
7 3 14 6 2 2 2 2
14 6 7 3 3 3 3 3
7 3 14 6 4 4 4 4
14 6 7 3 5 5 5 5
7 3 14 6 6 6 6 6
14 6 21 9 1 1 7 7
21 9 28 12 2 2 1 1
28 12 20 3 3 3 2 2
20 3 27 6 4 4 3 3
27 6 19 3 5 5 4 4
19 3 26 6 6 6 5 5
26 6 33 9 1 1 6 6
33 9 40 12 2 2 1 1
40 12 32 3 3 3 2 2
32 3 39 6 4 4 3 3
39 6 31 3 5 5 4 4
31 3 38 6 6 6 5 5
38 6 45 9 1 1 6 6
45 9 52 12 2 2 1 1
52 12 44 3 3 3 2 2
44 3 51 6 4 4 3 3
51 6 43 3 5 5 4 4
43 3 50 6 6 6 5 5
50 6 57 9 1 1 6 6
57 9 64 12 2 2 1 1
64 12 56 3 3 3 2 2
56 3 63 6 4 4 3 3
63 6 55 3 5 5 4 4
55 3 62 6 6 6 5 5
62 6 69 9 1 1 6 6
69 9 76 12 2 2 1 1
76 12 68 3 3 3 2 2
68 3 75 6 4 4 3 3
75 6 67 3 5 5 4 4
67 3 74 6 6 6 5 5
74 6 81 9 1 1 6 6
81 9 88 12 2 2 1 1
88 12 80 3 3 3 2 2
80 3 87 6 4 4 3 3
87 6 79 3 5 5 4 4
79 3 86 6 6 6 5 5
86 6 93 9 1 1 6 6
93 9 100 12 2 2 1 1
100 12 92 3 3 3 2 2
92 3 99 6 4 4 3 3
99 6 91 3 5 5 4 4
91 3 98 6 6 6 5 5
98 6 105 9 1 1 6 6
105 9 112 12 2 2 1 1
112 12 104 3 3 3 2 2
104 3 111 6 4 4 3 3
111 6 103 3 5 5 4 4
103 3 110 6 6 6 5 5
110 6 117 9 1 1 6 6
117 9 124 12 2 2 1 1
124 12 116 3 3 3 2 2
116 3 123 6 4 4 3 3
123 6 115 3 5 5 4 4
115 3 122 6 6 6 5 5
122 6 129 9 1 1 6 6
129 9 136 12 2 2 1 1
136 12 128 3 3 3 2 2
128 3 135 6 4 4 3 3
135 6 127 3 5 5 4 4
127 3 134 6 6 6 5 5
134 6 141 9 1 1 6 6
141 9 148 12 2 2 1 1
148 12 140 3 3 3 2 2
140 3 147 6 4 4 3 3
147 6 139 3 5 5 4 4
139 3 146 6 6 6 5 5
146 6 153 9 1 1 6 6
153 9 160 12 2 2 1 1
160 12 152 3 3 3 2 2
152 3 159 6 4 4 3 3
159 6 151 3 5 5 4 4
151 3 158 6 6 6 5 5
158 6 165 9 1 1 6 6
165 9 172 12 2 2 1 1
172 12 164 3 3 3 2 2
164 3 171 6 4 4 3 3
171 6 163 3 5 5 4 4
163 3 170 6 6 6 5 5
170 6 177 9 1 1 6 6
177 9 184 12 2 2 1 1
184 12 176 3 3 3 2 2
176 3 183 6 4 4 3 3
183 6 175 3 5 5 4 4
175 3 182 6 6 6 5 5
182 6 189 9 1 1 6 6
189 9 196 12 2 2 1 1
196 12 188 3 3 3 2 2
188 3 195 6 4 4 3 3
195 6 187 3 5 5 4 4
187 3 194 6 6 6 5 5
194 6 201 9 1 1 6 6
201 9 208 12 2 2 1 1
208 12 200 3 3 3 2 2
200 3 207 6 4 4 3 3
207 6 199 3 5 5 4 4
*
waitingTimeCarsGone
306
0
302
188
200
0
92
104
32
0
38
38
30
0
40
28
40
0
34
34
40
0
28
40
30
0
38
38
30
0
40
28
40
0
34
34
40
0
28
18
*
waitingTimeCarsLeft
0
21
0
18
18
18
0
16
14
14
0
14
14
14
0
14
14
14
0
14
14
14
0
14
14
14
0
14
14
14
0
14
14
14
0
14
14
10
0
3
