6
7 3 7 3 1 1 1 1
15
101
2078
19913.99
carsInLane
7 3 7 3 1 1 1 1
7 3 14 6 2 2 2 2
14 6 7 3 3 3 3 3
7 3 14 6 4 4 4 4
14 6 7 3 5 5 5 5
7 3 14 6 6 6 6 6
14 6 7 9 7 7 1 7
21 9 14 12 1 1 2 8
28 12 21 3 2 2 3 1
20 3 28 6 3 3 4 2
27 6 20 3 4 4 5 3
19 3 27 6 5 5 6 4
26 6 19 9 6 6 1 5
18 9 26 12 1 7 2 6
25 3 33 15 2 1 3 7
32 6 40 3 3 2 4 1
39 9 32 6 4 3 1 2
31 3 39 9 5 4 2 3
38 6 31 3 6 5 3 4
30 9 38 6 1 6 4 5
37 12 30 3 2 7 5 6
44 3 37 6 3 1 6 7
51 6 44 9 4 2 1 1
43 3 51 12 5 3 2 2
50 6 43 3 6 4 3 3
42 9 50 6 1 5 4 4
49 12 42 3 2 6 5 5
41 3 49 6 3 7 6 6
48 6 56 9 1 1 7 7
55 9 63 12 2 2 1 1
62 12 55 3 3 3 2 2
54 3 62 6 4 4 3 3
61 6 54 3 5 5 4 4
53 3 61 6 6 6 5 5
60 6 53 3 7 7 6 6
67 9 60 6 1 1 7 7
74 12 67 9 2 2 1 1
66 3 74 12 3 3 2 2
73 6 66 3 4 4 3 3
65 3 73 6 5 5 4 4
72 6 65 3 6 6 5 5
64 9 72 6 1 7 6 6
71 3 79 9 2 1 7 7
78 6 86 12 3 2 1 1
85 9 78 3 4 3 2 2
77 3 85 6 5 4 3 3
84 6 77 3 6 5 4 4
76 9 84 6 1 6 5 5
83 12 76 3 2 7 6 6
90 3 83 6 3 1 7 7
97 6 90 9 4 2 1 1
89 3 97 12 5 3 2 2
96 6 89 3 6 4 3 3
88 9 96 6 1 5 4 4
95 12 88 3 2 6 5 5
87 3 95 6 3 7 6 6
94 6 102 9 1 1 7 7
101 9 109 12 2 2 1 1
108 12 101 3 3 3 2 2
100 3 108 6 4 4 3 3
107 6 100 3 5 5 4 4
99 3 107 6 6 6 5 5
106 6 99 3 7 7 6 6
113 9 106 6 1 1 7 7
120 12 113 9 2 2 1 1
112 3 120 12 3 3 2 2
119 6 112 3 4 4 3 3
111 3 119 6 5 5 4 4
118 6 111 3 6 6 5 5
110 9 118 6 1 7 6 6
117 3 125 9 2 1 7 7
124 6 132 12 3 2 1 1
131 9 124 3 4 3 2 2
123 3 131 6 5 4 3 3
130 6 123 3 6 5 4 4
122 9 130 6 1 6 5 5
129 12 122 3 2 7 6 6
136 3 129 6 3 1 7 7
143 6 136 9 4 2 1 1
135 3 143 12 5 3 2 2
142 6 135 3 6 4 3 3
134 9 142 6 1 5 4 4
141 12 134 3 2 6 5 5
133 3 141 6 3 7 6 6
140 6 148 9 1 1 7 7
147 9 155 12 2 2 1 1
154 12 147 3 3 3 2 2
146 3 154 6 4 4 3 3
153 6 146 3 5 5 4 4
145 3 153 6 6 6 5 5
152 6 145 3 7 7 6 6
159 9 152 6 1 1 7 7
166 12 159 9 2 2 1 1
158 3 166 12 3 3 2 2
165 6 158 3 4 4 3 3
157 3 165 6 5 5 4 4
164 6 157 3 6 6 5 5
156 9 164 6 1 7 6 6
163 3 171 9 2 1 7 7
170 6 178 12 3 2 1 1
177 9 170 3 4 3 2 2
*
waitingTimeCarsGone
309
0
308
203
190
0
95
108
89
0
42
53
37
0
50
49
39
0
52
39
49
0
50
37
53
0
41
46
52
0
36
32
14
0
5
*
waitingTimeCarsLeft
0
21
0
18
16
15
0
14
14
14
0
14
14
14
0
14
14
14
0
14
14
14
0
14
14
14
0
14
14
14
0
14
8
2
