4
1 1 6 1 6 1 1 7
15
101
1702
31859.33
carsInLane
1 1 6 1 6 1 1 7
2 2 12 1 12 2 2 7
1 3 18 2 6 3 3 14
2 4 9 3 12 4 1 21
3 5 15 1 18 5 2 13
4 1 21 2 24 1 3 20
1 2 27 3 15 2 4 27
2 3 18 4 21 3 1 34
3 4 24 1 27 4 2 26
4 5 30 2 18 1 3 33
1 1 36 3 24 2 4 40
2 2 42 4 30 3 1 32
3 3 33 1 36 4 2 39
4 4 39 2 42 5 1 31
5 5 45 3 33 1 2 38
1 1 51 4 39 2 3 45
2 2 42 1 45 3 4 52
3 3 48 2 51 4 1 44
4 4 54 3 42 1 2 51
5 5 45 1 48 2 3 58
1 1 51 2 54 3 4 65
2 2 57 3 60 4 1 57
3 3 63 4 51 1 2 64
4 4 69 1 57 2 3 56
5 5 60 2 63 3 1 63
1 1 66 3 69 4 2 70
2 2 72 1 75 5 3 62
3 3 78 2 66 1 4 69
4 4 69 3 72 2 1 76
5 5 75 1 78 3 2 68
1 1 81 2 84 4 3 75
2 2 87 3 75 1 4 82
3 3 78 4 81 2 1 89
4 4 84 1 87 3 2 81
1 5 90 2 78 4 3 88
2 1 96 3 84 1 4 95
3 2 87 4 90 2 1 102
4 3 93 1 96 3 2 94
1 4 99 2 87 4 3 101
2 5 105 3 93 5 1 93
3 1 111 4 99 1 2 100
4 2 102 1 105 2 3 107
5 3 108 2 111 3 1 99
1 4 114 3 102 4 2 106
2 5 105 1 108 5 3 113
3 1 111 2 114 1 4 120
4 2 117 3 120 2 1 112
1 3 123 4 111 3 2 119
2 4 114 1 117 4 3 126
3 5 120 2 123 5 1 118
4 1 126 3 129 1 2 125
1 2 132 4 120 2 3 132
2 3 138 1 126 3 4 124
3 4 129 2 132 4 1 131
4 5 135 3 123 1 2 138
1 1 141 4 129 2 3 145
2 2 147 1 135 3 4 137
3 3 138 2 141 4 1 144
4 4 144 1 147 5 2 136
5 5 150 2 138 1 3 143
1 1 156 3 144 2 4 150
2 2 147 4 150 3 1 157
3 3 153 1 156 4 2 149
4 4 159 2 147 1 3 156
5 5 150 3 153 2 1 163
1 1 156 4 159 3 2 170
2 2 162 1 165 4 3 162
3 3 168 2 156 1 4 169
4 4 174 3 162 2 1 161
5 5 165 1 168 3 2 168
1 1 171 2 174 4 3 175
2 2 177 3 165 1 4 182
3 3 183 4 171 2 1 174
4 4 174 1 177 3 2 181
5 5 180 2 183 4 1 173
1 1 186 3 189 5 2 180
2 2 192 4 180 1 3 187
3 3 183 1 186 2 4 194
4 4 189 2 192 3 1 186
1 5 195 3 183 4 2 193
2 1 201 4 189 1 3 200
3 2 192 1 195 2 4 207
4 3 198 2 201 3 1 199
1 4 204 3 192 4 2 206
2 5 210 1 198 5 3 198
3 1 216 2 204 1 4 205
4 2 207 3 210 2 1 212
5 3 213 1 216 3 2 204
1 4 219 2 207 4 3 211
2 5 210 3 213 5 1 218
3 1 216 4 219 1 2 225
4 2 222 1 225 2 3 217
1 3 228 2 216 3 4 224
2 4 219 3 222 4 1 231
3 5 225 1 228 5 2 223
4 1 231 2 234 1 3 230
1 2 237 3 225 2 4 237
2 3 228 4 231 3 1 244
3 4 234 1 237 4 2 236
4 5 240 2 228 1 3 243
1 1 246 3 234 2 4 250
*
waitingTimeCarsGone
138
0
142
149
132
0
73
26
34
0
38
41
29
0
24
25
41
0
44
32
22
0
31
36
37
0
35
32
22
0
34
35
41
0
40
22
29
0
38
32
31
0
41
22
22
0
31
32
18
0
27
18
6
*
waitingTimeCarsLeft
0
23
0
21
20
19
0
19
19
19
0
19
19
19
0
19
19
19
0
19
19
19
0
19
19
19
0
19
19
19
0
19
19
19
0
19
19
19
0
19
19
19
0
19
19
16
0
12
12
12
0
12
12
6
0
6
