3
1 1 6 1 6 1 1 7
15
101
1627
32879.7
carsInLane
1 1 6 1 6 1 1 7
2 2 12 1 12 2 2 7
1 3 18 2 6 3 3 14
2 4 9 3 12 4 1 21
3 1 15 4 18 1 2 28
4 2 21 1 24 2 3 20
1 3 27 2 15 3 4 27
2 4 18 3 21 4 1 34
3 1 24 4 27 1 2 41
4 2 30 1 33 2 3 33
1 3 36 2 24 3 4 40
2 4 27 3 30 4 1 47
3 1 33 4 36 1 2 54
4 2 39 1 42 2 3 46
1 3 45 2 33 3 4 53
2 4 36 3 39 4 1 60
3 1 42 4 45 1 2 67
4 2 48 1 51 2 3 59
1 3 54 2 42 3 4 66
2 4 45 3 48 4 1 73
3 1 51 4 54 1 2 80
4 2 57 1 60 2 3 72
1 3 63 2 51 3 4 79
2 4 54 3 57 4 1 86
3 1 60 4 63 1 2 93
4 2 66 1 69 2 3 85
1 3 72 2 60 3 4 92
2 4 63 3 66 4 1 99
3 1 69 4 72 1 2 106
4 2 75 1 78 2 3 98
1 3 81 2 69 3 4 105
2 4 72 3 75 4 1 112
3 1 78 4 81 1 2 119
4 2 84 1 87 2 3 111
1 3 90 2 78 3 4 118
2 4 81 3 84 4 1 125
3 1 87 4 90 1 2 132
4 2 93 1 96 2 3 124
1 3 99 2 87 3 4 131
2 4 90 3 93 4 1 138
3 1 96 4 99 1 2 145
4 2 102 1 105 2 3 137
1 3 108 2 96 3 4 144
2 4 99 3 102 4 1 151
3 1 105 4 108 1 2 158
4 2 111 1 114 2 3 150
1 3 117 2 105 3 4 157
2 4 108 3 111 4 1 164
3 1 114 4 117 1 2 171
4 2 120 1 123 2 3 163
1 3 126 2 114 3 4 170
2 4 117 3 120 4 1 177
3 1 123 4 126 1 2 184
4 2 129 1 132 2 3 176
1 3 135 2 123 3 4 183
2 4 126 3 129 4 1 190
3 1 132 4 135 1 2 197
4 2 138 1 141 2 3 189
1 3 144 2 132 3 4 196
2 4 135 3 138 4 1 203
3 1 141 4 144 1 2 210
4 2 147 1 150 2 3 202
1 3 153 2 141 3 4 209
2 4 144 3 147 4 1 216
3 1 150 4 153 1 2 223
4 2 156 1 159 2 3 215
1 3 162 2 150 3 4 222
2 4 153 3 156 4 1 229
3 1 159 4 162 1 2 236
4 2 165 1 168 2 3 228
1 3 171 2 159 3 4 235
2 4 162 3 165 4 1 242
3 1 168 4 171 1 2 249
4 2 174 1 177 2 3 241
1 3 180 2 168 3 4 248
2 4 171 3 174 4 1 255
3 1 177 4 180 1 2 262
4 2 183 1 186 2 3 254
1 3 189 2 177 3 4 261
2 4 180 3 183 4 1 268
3 1 186 4 189 1 2 275
4 2 192 1 195 2 3 267
1 3 198 2 186 3 4 274
2 4 189 3 192 4 1 281
3 1 195 4 198 1 2 288
4 2 201 1 204 2 3 280
1 3 207 2 195 3 4 287
2 4 198 3 201 4 1 294
3 1 204 4 207 1 2 301
4 2 210 1 213 2 3 293
1 3 216 2 204 3 4 300
2 4 207 3 210 4 1 307
3 1 213 4 216 1 2 314
4 2 219 1 222 2 3 306
1 3 225 2 213 3 4 313
2 4 216 3 219 4 1 320
3 1 222 4 225 1 2 327
4 2 228 1 231 2 3 319
1 3 234 2 222 3 4 326
2 4 225 3 228 4 1 333
3 1 231 4 234 1 2 340
*
waitingTimeCarsGone
142
0
141
149
153
0
25
30
28
0
27
28
30
0
25
30
28
0
27
29
29
0
27
28
30
0
25
30
28
0
27
28
30
0
25
30
29
0
26
30
28
0
27
28
30
0
25
30
28
0
24
16
9
0
8
8
9
0
7
9
7
0
9
7
4
*
waitingTimeCarsLeft
0
23
0
21
20
19
0
19
19
19
0
19
19
19
0
19
19
19
0
19
19
19
0
19
19
19
0
19
19
19
0
19
19
19
0
19
19
19
0
19
19
19
0
19
19
19
0
19
19
19
0
19
16
7
0
7
7
7
0
7
7
7
0
3
