5
1 1 6 1 6 1 1 7
15
101
1756
31445.34
carsInLane
1 1 6 1 6 1 1 7
2 2 12 1 12 2 2 7
1 3 18 2 6 3 3 14
2 4 9 3 12 4 1 21
3 5 15 1 18 5 2 13
4 6 21 2 9 1 3 20
1 1 27 3 15 2 4 27
2 2 18 4 21 3 1 34
3 3 24 1 27 4 2 26
4 4 30 2 18 1 3 33
5 5 36 3 24 2 1 25
6 6 27 1 30 3 2 32
1 1 33 2 36 4 3 39
2 2 39 3 42 5 1 31
3 3 45 4 33 1 2 38
4 4 36 1 39 2 3 45
5 5 42 2 45 3 1 37
1 6 48 3 36 4 2 44
2 1 54 4 42 1 3 51
3 2 45 1 48 2 4 58
4 3 51 2 54 3 1 50
1 4 57 3 45 4 2 57
2 5 63 1 51 5 3 49
3 6 54 2 57 6 1 56
4 1 60 3 63 1 2 63
1 2 66 4 54 2 3 70
2 3 72 1 60 3 4 62
3 4 63 2 66 4 1 69
4 5 69 1 72 5 2 61
5 6 75 2 63 1 3 68
1 1 81 3 69 2 4 75
2 2 72 4 75 3 1 82
3 3 78 1 81 4 2 74
4 4 84 2 72 1 3 81
5 5 75 3 78 2 1 88
6 6 81 1 84 3 2 80
1 1 87 2 90 4 3 87
2 2 93 3 81 1 4 94
3 3 99 4 87 2 1 86
4 4 90 1 93 3 2 93
1 5 96 2 84 4 3 100
2 6 102 3 90 5 1 92
3 1 108 4 96 1 2 99
4 2 99 1 102 2 3 106
5 3 105 2 108 3 1 98
1 4 111 3 99 4 2 105
2 5 102 1 105 5 3 112
3 6 108 2 111 6 1 104
4 1 114 3 117 1 2 111
1 2 120 4 108 2 3 118
2 3 111 1 114 3 4 125
3 4 117 2 120 4 1 117
4 5 123 3 111 1 2 124
5 6 129 1 117 2 3 116
1 1 135 2 123 3 4 123
2 2 126 3 129 4 1 130
3 3 132 1 135 5 2 122
4 4 138 2 126 1 3 129
5 5 129 3 132 2 1 136
6 6 135 1 138 3 2 128
1 1 141 2 144 4 3 135
2 2 147 3 135 1 4 142
3 3 138 4 141 2 1 149
4 4 144 1 147 3 2 141
1 5 150 2 138 4 3 148
2 6 141 3 144 5 1 155
3 1 147 4 150 1 2 162
4 2 153 1 156 2 3 154
1 3 159 2 147 3 4 161
2 4 165 3 153 4 1 153
3 5 156 1 159 5 2 160
4 6 162 2 150 1 3 167
1 1 168 3 156 2 4 174
2 2 174 4 162 3 1 166
3 3 165 1 168 4 2 173
4 4 171 2 174 5 1 165
5 5 177 3 165 1 2 172
6 6 168 1 171 2 3 179
1 1 174 2 177 3 4 186
2 2 180 3 183 4 1 178
3 3 186 4 174 1 2 185
4 4 177 1 180 2 3 192
5 5 183 2 186 3 1 184
1 6 189 3 177 4 2 191
2 1 195 4 183 1 3 198
3 2 201 1 189 2 4 190
4 3 192 2 195 3 1 197
1 4 198 3 186 4 2 204
2 5 204 1 192 5 3 196
3 6 195 2 198 6 1 203
4 1 201 3 204 1 2 210
5 2 207 1 210 2 3 202
1 3 213 2 201 3 4 209
2 4 204 3 207 4 1 216
3 5 210 1 213 5 2 208
4 6 216 2 204 1 3 215
1 1 222 3 210 2 4 222
2 2 213 4 216 3 1 229
3 3 219 1 222 4 2 221
4 4 225 2 213 1 3 228
5 5 231 3 219 2 1 220
*
waitingTimeCarsGone
137
0
141
149
118
0
76
58
40
0
35
41
34
0
29
44
38
0
42
34
28
0
39
53
32
0
24
23
37
0
52
42
39
0
30
32
39
0
48
36
34
0
29
27
27
0
24
18
18
0
6
3
*
waitingTimeCarsLeft
0
23
0
22
21
21
0
21
19
19
0
19
19
19
0
19
19
19
0
19
19
19
0
19
19
19
0
19
19
19
0
19
19
19
0
19
19
19
0
19
19
19
0
15
12
12
0
12
12
3
