9
9 9 1 1 1 1 1 1
15
60
2394
4882.335
carsInLane
9 9 1 1 1 1 1 1
9 9 2 2 2 2 2 2
9 9 3 3 3 3 3 3
9 9 4 4 4 4 4 4
9 9 5 5 5 5 5 5
9 9 6 6 6 6 6 6
9 9 7 7 7 7 7 7
9 9 8 8 8 8 8 8
9 9 9 9 9 9 9 9
9 18 10 10 1 10 10 10
18 27 1 11 2 11 1 11
27 36 2 1 3 12 2 1
36 30 3 2 4 1 3 2
30 24 4 3 5 2 4 3
24 18 5 4 6 3 5 4
18 12 6 5 7 4 6 5
12 9 7 6 8 5 7 6
9 9 8 7 9 6 8 7
9 18 9 8 1 7 9 8
9 12 10 9 2 8 10 9
18 21 1 10 3 9 1 10
27 30 2 1 4 10 2 1
36 39 3 2 1 1 3 2
30 33 4 3 2 2 4 3
24 27 5 4 3 3 5 4
18 21 6 5 4 4 6 5
12 15 7 6 5 5 7 6
9 9 8 7 6 6 8 7
9 9 9 8 7 7 9 8
18 18 1 9 8 8 1 9
12 12 2 10 9 9 2 10
21 21 3 1 10 10 3 1
30 30 4 2 1 1 4 2
24 24 5 3 2 2 5 3
18 18 6 4 3 3 6 4
12 12 7 5 4 4 7 5
9 9 8 6 5 5 8 6
9 9 9 7 6 6 9 7
18 18 1 8 7 7 1 8
12 12 2 9 8 8 2 9
9 9 3 10 9 9 3 10
18 18 4 1 10 10 4 1
27 27 5 2 1 1 5 2
21 21 6 3 2 2 6 3
15 15 7 4 3 3 7 4
9 9 8 5 4 4 8 5
9 9 9 6 5 5 9 6
18 18 1 7 6 6 1 7
12 12 2 8 7 7 2 8
9 9 3 9 8 8 3 9
18 18 4 1 9 9 4 1
12 12 5 2 10 10 5 2
21 21 6 3 1 1 6 3
15 15 7 4 2 2 7 4
9 9 8 5 3 3 8 5
9 9 9 6 4 4 9 6
18 18 1 7 5 5 1 7
12 12 2 8 6 6 2 8
9 9 3 9 7 7 3 9
18 18 4 1 8 8 4 1
12 12 5 2 9 9 5 2
9 9 6 3 10 10 6 3
18 18 7 4 1 1 7 4
12 12 8 5 2 2 8 5
9 9 9 6 3 3 9 6
18 18 1 7 4 4 1 7
12 12 2 8 5 5 2 8
9 9 3 9 6 6 3 9
18 18 4 1 7 7 4 1
12 12 5 2 8 8 5 2
9 9 6 3 9 9 6 3
9 18 7 4 1 10 7 4
18 12 8 5 2 1 8 5
12 9 9 6 3 2 9 6
9 9 10 7 4 3 10 7
18 18 1 8 5 4 1 8
12 12 2 9 6 5 2 9
9 9 3 10 7 6 3 10
18 18 4 1 8 7 4 1
12 12 5 2 9 8 5 2
9 9 6 3 10 9 6 3
18 18 7 4 1 1 7 4
12 12 8 5 2 2 8 5
9 9 9 6 3 3 9 6
18 18 1 7 4 4 1 7
12 12 2 8 5 5 2 8
9 9 3 9 6 6 3 9
18 18 4 1 7 7 4 1
12 12 5 2 8 8 5 2
9 9 6 3 9 9 6 3
9 18 7 4 1 10 7 4
18 12 8 5 2 1 8 5
12 9 9 6 3 2 9 6
9 9 10 7 4 3 10 7
18 18 1 8 5 4 1 8
12 12 2 9 6 5 2 9
9 9 3 10 7 6 3 10
18 18 4 1 8 7 4 1
12 12 5 2 9 8 5 2
9 9 6 3 10 9 6 3
18 18 7 4 1 1 7 4
*
waitingTimeCarsGone
1006
304
451
182
116
56
59
32
57
49
49
32
0
1
*
waitingTimeCarsLeft
0
12
0
4
4
4
2
2
0
2
