5
9 9 1 1 1 1 1 1
15
65
2112
18978.67
carsInLane
9 9 1 1 1 1 1 1
9 9 2 2 2 2 2 2
9 9 3 3 3 3 3 3
9 9 4 4 4 4 4 4
9 9 5 5 5 5 5 5
9 9 6 6 6 6 6 6
18 18 1 7 7 7 1 7
27 27 2 1 8 8 2 1
36 36 3 2 1 1 3 2
30 30 4 3 2 2 4 3
24 24 5 4 3 3 5 4
18 18 6 5 4 4 6 5
27 27 1 6 5 5 1 6
36 36 2 1 6 6 2 1
45 45 3 2 1 1 3 2
39 39 4 3 2 2 4 3
33 33 5 4 3 3 5 4
27 27 6 5 4 4 6 5
36 36 1 6 5 5 1 6
45 45 2 1 6 6 2 1
54 54 3 2 1 1 3 2
48 48 4 3 2 2 4 3
42 42 5 4 3 3 5 4
36 36 6 5 4 4 6 5
45 45 1 6 5 5 1 6
54 54 2 1 6 6 2 1
63 63 3 2 1 1 3 2
57 57 4 3 2 2 4 3
51 51 5 4 3 3 5 4
45 45 6 5 4 4 6 5
54 54 1 6 5 5 1 6
63 63 2 1 6 6 2 1
72 72 3 2 1 1 3 2
66 66 4 3 2 2 4 3
60 60 5 4 3 3 5 4
54 54 6 5 4 4 6 5
63 63 1 6 5 5 1 6
72 72 2 1 6 6 2 1
81 81 3 2 1 1 3 2
75 75 4 3 2 2 4 3
69 69 5 4 3 3 5 4
63 63 6 5 4 4 6 5
72 72 1 6 5 5 1 6
81 81 2 1 6 6 2 1
90 90 3 2 1 1 3 2
84 84 4 3 2 2 4 3
78 78 5 4 3 3 5 4
72 72 6 5 4 4 6 5
81 81 1 6 5 5 1 6
90 90 2 1 6 6 2 1
99 99 3 2 1 1 3 2
93 93 4 3 2 2 4 3
87 87 5 4 3 3 5 4
81 81 6 5 4 4 6 5
90 90 1 6 5 5 1 6
99 99 2 1 6 6 2 1
108 108 3 2 1 1 3 2
102 102 4 3 2 2 4 3
96 96 5 4 3 3 5 4
90 90 6 5 4 4 6 5
99 99 1 6 5 5 1 6
108 108 2 1 6 6 2 1
117 117 3 2 1 1 3 2
111 111 4 3 2 2 4 3
105 105 5 4 3 3 5 4
99 99 6 5 4 4 6 5
108 108 1 6 5 5 1 6
117 117 2 1 6 6 2 1
126 126 3 2 1 1 3 2
120 120 4 3 2 2 4 3
114 114 5 4 3 3 5 4
108 108 6 5 4 4 6 5
117 117 1 6 5 5 1 6
126 126 2 1 6 6 2 1
135 135 3 2 1 1 3 2
129 129 4 3 2 2 4 3
123 123 5 4 3 3 5 4
117 117 6 5 4 4 6 5
126 126 1 6 5 5 1 6
135 135 2 1 6 6 2 1
144 144 3 2 1 1 3 2
138 138 4 3 2 2 4 3
132 132 5 4 3 3 5 4
126 126 6 5 4 4 6 5
135 135 1 6 5 5 1 6
144 144 2 1 6 6 2 1
153 153 3 2 1 1 3 2
147 147 4 3 2 2 4 3
141 141 5 4 3 3 5 4
135 135 6 5 4 4 6 5
144 144 1 6 5 5 1 6
153 153 2 1 6 6 2 1
162 162 3 2 1 1 3 2
156 156 4 3 2 2 4 3
150 150 5 4 3 3 5 4
144 144 6 5 4 4 6 5
153 153 1 6 5 5 1 6
162 162 2 1 6 6 2 1
171 171 3 2 1 1 3 2
165 165 4 3 2 2 4 3
159 159 5 4 3 3 5 4
*
waitingTimeCarsGone
186
56
126
102
186
184
186
64
62
60
90
60
60
60
90
90
90
60
60
60
90
66
24
*
waitingTimeCarsLeft
0
24
24
24
0
22
20
18
18
18
0
18
18
18
0
18
18
18
18
18
