6
9 9 1 1 1 1 1 1
15
57
2292
9634,696
carsInLane
9 9 1 1 1 1 1 1
9 9 2 2 2 2 2 2
9 9 3 3 3 3 3 3
9 9 4 4 4 4 4 4
9 9 5 5 5 5 5 5
9 9 6 6 6 6 6 6
9 9 7 7 7 7 7 7
18 18 1 8 8 8 1 8
27 27 2 1 9 9 2 1
36 36 3 2 1 1 3 2
30 30 4 3 2 2 4 3
24 24 5 4 3 3 5 4
18 18 6 5 4 4 6 5
12 12 7 6 5 5 7 6
21 21 1 7 6 6 1 7
30 30 2 1 7 7 2 1
39 39 3 2 1 1 3 2
33 33 4 3 2 2 4 3
27 27 5 4 3 3 5 4
21 21 6 5 4 4 6 5
15 15 7 6 5 5 7 6
24 24 1 7 6 6 1 7
33 33 2 1 7 7 2 1
42 42 3 2 1 1 3 2
36 36 4 3 2 2 4 3
30 30 5 4 3 3 5 4
24 24 6 5 4 4 6 5
18 18 7 6 5 5 7 6
27 27 1 7 6 6 1 7
36 36 2 1 7 7 2 1
45 45 3 2 1 1 3 2
39 39 4 3 2 2 4 3
33 33 5 4 3 3 5 4
27 27 6 5 4 4 6 5
21 21 7 6 5 5 7 6
30 30 1 7 6 6 1 7
39 39 2 1 7 7 2 1
48 48 3 2 1 1 3 2
42 42 4 3 2 2 4 3
36 36 5 4 3 3 5 4
30 30 6 5 4 4 6 5
24 24 7 6 5 5 7 6
33 33 1 7 6 6 1 7
42 42 2 1 7 7 2 1
51 51 3 2 1 1 3 2
45 45 4 3 2 2 4 3
39 39 5 4 3 3 5 4
33 33 6 5 4 4 6 5
27 27 7 6 5 5 7 6
36 36 1 7 6 6 1 7
45 45 2 1 7 7 2 1
54 54 3 2 1 1 3 2
48 48 4 3 2 2 4 3
42 42 5 4 3 3 5 4
36 36 6 5 4 4 6 5
30 30 7 6 5 5 7 6
39 39 1 7 6 6 1 7
48 48 2 1 7 7 2 1
57 57 3 2 1 1 3 2
51 51 4 3 2 2 4 3
45 45 5 4 3 3 5 4
39 39 6 5 4 4 6 5
33 33 7 6 5 5 7 6
42 42 1 7 6 6 1 7
51 51 2 1 7 7 2 1
60 60 3 2 1 1 3 2
54 54 4 3 2 2 4 3
48 48 5 4 3 3 5 4
42 42 6 5 4 4 6 5
36 36 7 6 5 5 7 6
45 45 1 7 6 6 1 7
54 54 2 1 7 7 2 1
63 63 3 2 1 1 3 2
57 57 4 3 2 2 4 3
51 51 5 4 3 3 5 4
45 45 6 5 4 4 6 5
39 39 7 6 5 5 7 6
48 48 1 7 6 6 1 7
57 57 2 1 7 7 2 1
66 66 3 2 1 1 3 2
60 60 4 3 2 2 4 3
54 54 5 4 3 3 5 4
48 48 6 5 4 4 6 5
42 42 7 6 5 5 7 6
51 51 1 7 6 6 1 7
60 60 2 1 7 7 2 1
69 69 3 2 1 1 3 2
63 63 4 3 2 2 4 3
57 57 5 4 3 3 5 4
51 51 6 5 4 4 6 5
45 45 7 6 5 5 7 6
54 54 1 7 6 6 1 7
63 63 2 1 7 7 2 1
72 72 3 2 1 1 3 2
66 66 4 3 2 2 4 3
60 60 5 4 3 3 5 4
54 54 6 5 4 4 6 5
48 48 7 6 5 5 7 6
57 57 1 7 6 6 1 7
66 66 2 1 7 7 2 1
75 75 3 2 1 1 3 2
*
waitingTimeCarsGone
210
142
258
246
310
438
370
246
10
56
6
*
waitingTimeCarsLeft
0
24
0
22
20
18
18
18
12
