8
9 9 1 1 1 1 1 1
15
44
2364
5518.67
carsInLane
9 9 1 1 1 1 1 1
9 9 2 2 2 2 2 2
9 9 3 3 3 3 3 3
9 9 4 4 4 4 4 4
9 9 5 5 5 5 5 5
9 9 6 6 6 6 6 6
9 9 7 7 7 7 7 7
9 9 8 8 8 8 8 8
9 9 9 9 9 9 9 9
18 18 1 10 10 10 1 10
27 27 2 1 11 11 2 1
36 36 3 2 1 1 3 2
30 30 4 3 2 2 4 3
24 24 5 4 3 3 5 4
18 18 6 5 4 4 6 5
12 12 7 6 5 5 7 6
9 9 8 7 6 6 8 7
9 9 9 8 7 7 9 8
18 18 1 9 8 8 1 9
27 27 2 1 9 9 2 1
36 36 3 2 1 1 3 2
30 30 4 3 2 2 4 3
24 24 5 4 3 3 5 4
18 18 6 5 4 4 6 5
12 12 7 6 5 5 7 6
9 9 8 7 6 6 8 7
9 9 9 8 7 7 9 8
18 18 1 9 8 8 1 9
27 27 2 1 9 9 2 1
36 36 3 2 1 1 3 2
30 30 4 3 2 2 4 3
24 24 5 4 3 3 5 4
18 18 6 5 4 4 6 5
12 12 7 6 5 5 7 6
9 9 8 7 6 6 8 7
9 9 9 8 7 7 9 8
18 18 1 9 8 8 1 9
27 27 2 1 9 9 2 1
36 36 3 2 1 1 3 2
30 30 4 3 2 2 4 3
24 24 5 4 3 3 5 4
18 18 6 5 4 4 6 5
12 12 7 6 5 5 7 6
9 9 8 7 6 6 8 7
9 9 9 8 7 7 9 8
18 18 1 9 8 8 1 9
27 27 2 1 9 9 2 1
36 36 3 2 1 1 3 2
30 30 4 3 2 2 4 3
24 24 5 4 3 3 5 4
18 18 6 5 4 4 6 5
12 12 7 6 5 5 7 6
9 9 8 7 6 6 8 7
9 9 9 8 7 7 9 8
18 18 1 9 8 8 1 9
27 27 2 1 9 9 2 1
36 36 3 2 1 1 3 2
30 30 4 3 2 2 4 3
24 24 5 4 3 3 5 4
18 18 6 5 4 4 6 5
12 12 7 6 5 5 7 6
9 9 8 7 6 6 8 7
9 9 9 8 7 7 9 8
18 18 1 9 8 8 1 9
27 27 2 1 9 9 2 1
36 36 3 2 1 1 3 2
30 30 4 3 2 2 4 3
24 24 5 4 3 3 5 4
18 18 6 5 4 4 6 5
12 12 7 6 5 5 7 6
9 9 8 7 6 6 8 7
9 9 9 8 7 7 9 8
18 18 1 9 8 8 1 9
27 27 2 1 9 9 2 1
36 36 3 2 1 1 3 2
30 30 4 3 2 2 4 3
24 24 5 4 3 3 5 4
18 18 6 5 4 4 6 5
12 12 7 6 5 5 7 6
9 9 8 7 6 6 8 7
9 9 9 8 7 7 9 8
18 18 1 9 8 8 1 9
27 27 2 1 9 9 2 1
36 36 3 2 1 1 3 2
30 30 4 3 2 2 4 3
24 24 5 4 3 3 5 4
18 18 6 5 4 4 6 5
12 12 7 6 5 5 7 6
9 9 8 7 6 6 8 7
9 9 9 8 7 7 9 8
18 18 1 9 8 8 1 9
27 27 2 1 9 9 2 1
36 36 3 2 1 1 3 2
30 30 4 3 2 2 4 3
24 24 5 4 3 3 5 4
18 18 6 5 4 4 6 5
12 12 7 6 5 5 7 6
9 9 8 7 6 6 8 7
9 9 9 8 7 7 9 8
18 18 1 9 8 8 1 9
27 27 2 1 9 9 2 1
*
waitingTimeCarsGone
690
502
186
366
306
66
46
66
64
66
4
2
*
waitingTimeCarsLeft
0
22
0
20
18
