4
9 9 1 1 1 1 1 1
15
79
1808
27024.01
carsInLane
9 9 1 1 1 1 1 1
9 9 2 2 2 2 2 2
9 9 3 3 3 3 3 3
9 9 4 4 4 4 4 4
9 9 5 5 5 5 5 5
18 18 1 6 6 6 1 6
27 27 2 1 7 7 2 1
36 36 3 2 1 1 3 2
30 30 4 3 2 2 4 3
24 24 5 4 3 3 5 4
33 33 1 5 4 4 1 5
42 42 2 1 5 5 2 1
51 51 3 2 1 1 3 2
45 45 4 3 2 2 4 3
39 39 5 4 3 3 5 4
48 48 1 5 4 4 1 5
57 57 2 1 5 5 2 1
66 66 3 2 1 1 3 2
60 60 4 3 2 2 4 3
54 54 5 4 3 3 5 4
63 63 1 5 4 4 1 5
72 72 2 1 5 5 2 1
81 81 3 2 1 1 3 2
75 75 4 3 2 2 4 3
69 69 5 4 3 3 5 4
78 78 1 5 4 4 1 5
87 87 2 1 5 5 2 1
96 96 3 2 1 1 3 2
90 90 4 3 2 2 4 3
84 84 5 4 3 3 5 4
93 93 1 5 4 4 1 5
102 102 2 1 5 5 2 1
111 111 3 2 1 1 3 2
105 105 4 3 2 2 4 3
99 99 5 4 3 3 5 4
108 108 1 5 4 4 1 5
117 117 2 1 5 5 2 1
126 126 3 2 1 1 3 2
120 120 4 3 2 2 4 3
114 114 5 4 3 3 5 4
123 123 1 5 4 4 1 5
132 132 2 1 5 5 2 1
141 141 3 2 1 1 3 2
135 135 4 3 2 2 4 3
129 129 5 4 3 3 5 4
138 138 1 5 4 4 1 5
147 147 2 1 5 5 2 1
156 156 3 2 1 1 3 2
150 150 4 3 2 2 4 3
144 144 5 4 3 3 5 4
153 153 1 5 4 4 1 5
162 162 2 1 5 5 2 1
171 171 3 2 1 1 3 2
165 165 4 3 2 2 4 3
159 159 5 4 3 3 5 4
168 168 1 5 4 4 1 5
177 177 2 1 5 5 2 1
186 186 3 2 1 1 3 2
180 180 4 3 2 2 4 3
174 174 5 4 3 3 5 4
183 183 1 5 4 4 1 5
192 192 2 1 5 5 2 1
201 201 3 2 1 1 3 2
195 195 4 3 2 2 4 3
189 189 5 4 3 3 5 4
198 198 1 5 4 4 1 5
207 207 2 1 5 5 2 1
216 216 3 2 1 1 3 2
210 210 4 3 2 2 4 3
204 204 5 4 3 3 5 4
213 213 1 5 4 4 1 5
222 222 2 1 5 5 2 1
231 231 3 2 1 1 3 2
225 225 4 3 2 2 4 3
219 219 5 4 3 3 5 4
228 228 1 5 4 4 1 5
237 237 2 1 5 5 2 1
246 246 3 2 1 1 3 2
240 240 4 3 2 2 4 3
234 234 5 4 3 3 5 4
243 243 1 5 4 4 1 5
252 252 2 1 5 5 2 1
261 261 3 2 1 1 3 2
255 255 4 3 2 2 4 3
249 249 5 4 3 3 5 4
258 258 1 5 4 4 1 5
267 267 2 1 5 5 2 1
276 276 3 2 1 1 3 2
270 270 4 3 2 2 4 3
264 264 5 4 3 3 5 4
273 273 1 5 4 4 1 5
282 282 2 1 5 5 2 1
291 291 3 2 1 1 3 2
285 285 4 3 2 2 4 3
279 279 5 4 3 3 5 4
288 288 1 5 4 4 1 5
297 297 2 1 5 5 2 1
306 306 3 2 1 1 3 2
300 300 4 3 2 2 4 3
294 294 5 4 3 3 5 4
303 303 1 5 4 4 1 5
*
waitingTimeCarsGone
190
46
80
148
152
154
22
20
36
36
18
18
36
36
36
18
18
36
36
36
18
18
36
36
36
18
18
36
36
18
18
36
36
36
18
18
36
36
36
18
18
36
24
*
waitingTimeCarsLeft
0
22
0
20
20
20
18
0
18
18
18
18
0
18
18
18
18
0
18
18
18
0
18
18
18
18
0
18
18
18
18
0
18
18
18
18
0
18
18
18
0
18
18
12
