100
7 3 1 1 7 3 1 1
15
99
2394
4731.332
carsInLane
7 3 1 1 7 3 1 1
7 6 2 2 7 6 2 2
7 9 3 3 7 9 3 3
14 3 4 4 14 3 4 4
7 6 5 5 7 6 5 5
7 9 6 6 7 9 6 6
14 3 7 7 14 3 7 7
7 6 8 8 7 6 8 8
14 9 1 9 14 9 1 9
7 12 2 10 7 12 2 10
14 3 3 11 14 3 3 11
7 6 4 12 7 6 4 12
14 9 5 1 14 9 5 1
7 12 6 2 7 12 6 2
14 3 7 3 14 3 7 3
7 6 8 4 7 6 8 4
14 9 1 5 14 9 1 5
7 12 2 6 7 12 2 6
14 3 3 7 14 3 3 7
7 6 4 8 7 6 4 8
14 9 5 1 14 9 5 1
7 12 6 2 7 12 6 2
14 3 7 3 14 3 7 3
7 6 8 4 7 6 8 4
14 9 1 5 14 9 1 5
7 12 2 6 7 12 2 6
14 3 3 7 14 3 3 7
7 6 4 8 7 6 4 8
14 9 5 1 14 9 5 1
7 12 6 2 7 12 6 2
14 3 7 3 14 3 7 3
7 6 8 4 7 6 8 4
14 9 1 5 14 9 1 5
7 12 2 6 7 12 2 6
14 3 3 7 14 3 3 7
7 6 4 8 7 6 4 8
14 9 5 1 14 9 5 1
7 12 6 2 7 12 6 2
14 3 7 3 14 3 7 3
7 6 8 4 7 6 8 4
14 9 1 5 14 9 1 5
7 12 2 6 7 12 2 6
14 3 3 7 14 3 3 7
7 6 4 8 7 6 4 8
14 9 5 1 14 9 5 1
7 12 6 2 7 12 6 2
14 3 7 3 14 3 7 3
7 6 8 4 7 6 8 4
14 9 1 5 14 9 1 5
7 12 2 6 7 12 2 6
14 3 3 7 14 3 3 7
7 6 4 8 7 6 4 8
14 9 5 1 14 9 5 1
7 12 6 2 7 12 6 2
14 3 7 3 14 3 7 3
7 6 8 4 7 6 8 4
14 9 1 5 14 9 1 5
7 12 2 6 7 12 2 6
14 3 3 7 14 3 3 7
7 6 4 8 7 6 4 8
14 9 5 1 14 9 5 1
7 12 6 2 7 12 6 2
14 3 7 3 14 3 7 3
7 6 8 4 7 6 8 4
14 9 1 5 14 9 1 5
7 12 2 6 7 12 2 6
14 3 3 7 14 3 3 7
7 6 4 8 7 6 4 8
14 9 5 1 14 9 5 1
7 12 6 2 7 12 6 2
14 3 7 3 14 3 7 3
7 6 8 4 7 6 8 4
14 9 1 5 14 9 1 5
7 12 2 6 7 12 2 6
14 3 3 7 14 3 3 7
7 6 4 8 7 6 4 8
14 9 5 1 14 9 5 1
7 12 6 2 7 12 6 2
14 3 7 3 14 3 7 3
7 6 8 4 7 6 8 4
14 9 1 5 14 9 1 5
7 12 2 6 7 12 2 6
14 3 3 7 14 3 3 7
7 6 4 8 7 6 4 8
14 9 5 1 14 9 5 1
7 12 6 2 7 12 6 2
14 3 7 3 14 3 7 3
7 6 8 4 7 6 8 4
14 9 1 5 14 9 1 5
7 12 2 6 7 12 2 6
14 3 3 7 14 3 3 7
7 6 4 8 7 6 4 8
14 9 5 1 14 9 5 1
7 12 6 2 7 12 6 2
14 3 7 3 14 3 7 3
7 6 8 4 7 6 8 4
14 9 1 5 14 9 1 5
7 12 2 6 7 12 2 6
14 3 3 7 14 3 3 7
7 6 4 8 7 6 4 8
14 9 5 1 14 9 5 1
*
waitingTimeCarsGone
926
12
872
198
186
2
46
48
48
4
44
2
2
2
2
*
waitingTimeCarsLeft
0
10
0
8
8
2
0
2
