9
7 3 1 1 7 3 1 1
15
98
2394
4745,332
carsInLane
7 3 1 1 7 3 1 1
7 6 2 2 7 6 2 2
7 9 3 3 7 9 3 3
14 3 4 4 14 3 4 4
7 6 5 5 7 6 5 5
7 9 6 6 7 9 6 6
14 3 7 7 14 3 7 7
7 6 8 8 7 6 8 8
14 9 1 9 14 9 1 9
7 12 2 10 7 12 2 10
14 15 3 1 14 15 3 1
21 3 4 2 21 3 4 2
13 6 5 3 13 6 5 3
7 9 6 4 7 9 6 4
14 3 7 5 14 3 7 5
7 6 8 6 7 6 8 6
14 9 1 7 14 9 1 7
7 12 2 8 7 12 2 8
14 3 3 9 14 3 3 9
7 6 4 10 7 6 4 10
14 9 5 1 14 9 5 1
7 12 6 2 7 12 6 2
14 3 7 3 14 3 7 3
7 6 8 4 7 6 8 4
14 9 1 5 14 9 1 5
7 12 2 6 7 12 2 6
14 3 3 7 14 3 3 7
7 6 4 8 7 6 4 8
14 9 5 1 14 9 5 1
7 12 6 2 7 12 6 2
14 3 7 3 14 3 7 3
7 6 8 4 7 6 8 4
14 9 1 5 14 9 1 5
7 12 2 6 7 12 2 6
14 3 3 7 14 3 3 7
7 6 4 8 7 6 4 8
14 9 5 1 14 9 5 1
7 12 6 2 7 12 6 2
14 3 7 3 14 3 7 3
7 6 8 4 7 6 8 4
14 9 1 5 14 9 1 5
7 12 2 6 7 12 2 6
14 3 3 7 14 3 3 7
7 6 4 8 7 6 4 8
14 9 5 1 14 9 5 1
7 12 6 2 7 12 6 2
14 3 7 3 14 3 7 3
7 6 8 4 7 6 8 4
14 9 1 5 14 9 1 5
7 12 2 6 7 12 2 6
14 3 3 7 14 3 3 7
7 6 4 8 7 6 4 8
14 9 5 1 14 9 5 1
7 12 6 2 7 12 6 2
14 3 7 3 14 3 7 3
7 6 8 4 7 6 8 4
14 9 1 5 14 9 1 5
7 12 2 6 7 12 2 6
14 3 3 7 14 3 3 7
7 6 4 8 7 6 4 8
14 9 5 1 14 9 5 1
7 12 6 2 7 12 6 2
14 3 7 3 14 3 7 3
7 6 8 4 7 6 8 4
14 9 1 5 14 9 1 5
7 12 2 6 7 12 2 6
14 3 3 7 14 3 3 7
7 6 4 8 7 6 4 8
14 9 5 1 14 9 5 1
7 12 6 2 7 12 6 2
14 3 7 3 14 3 7 3
7 6 8 4 7 6 8 4
14 9 1 5 14 9 1 5
7 12 2 6 7 12 2 6
14 3 3 7 14 3 3 7
7 6 4 8 7 6 4 8
14 9 5 1 14 9 5 1
7 12 6 2 7 12 6 2
14 3 7 3 14 3 7 3
7 6 8 4 7 6 8 4
14 9 1 5 14 9 1 5
7 12 2 6 7 12 2 6
14 3 3 7 14 3 3 7
7 6 4 8 7 6 4 8
14 9 5 1 14 9 5 1
7 12 6 2 7 12 6 2
14 3 7 3 14 3 7 3
7 6 8 4 7 6 8 4
14 9 1 5 14 9 1 5
7 12 2 6 7 12 2 6
14 3 3 7 14 3 3 7
7 6 4 8 7 6 4 8
14 9 5 1 14 9 5 1
7 12 6 2 7 12 6 2
14 3 7 3 14 3 7 3
7 6 8 4 7 6 8 4
14 9 1 5 14 9 1 5
7 12 2 6 7 12 2 6
14 3 3 7 14 3 3 7
7 6 4 8 7 6 4 8
14 9 5 1 14 9 5 1
*
waitingTimeCarsGone
914
30
852
212
180
4
50
48
48
8
42
2
4
*
waitingTimeCarsLeft
0
10
0
8
8
2
0
2
