5
7 3 1 1 7 3 1 1
15
83
2382
7163.334
carsInLane
7 3 1 1 7 3 1 1
7 6 2 2 7 6 2 2
7 9 3 3 7 9 3 3
14 3 4 4 14 3 4 4
7 6 5 5 7 6 5 5
7 9 6 6 7 9 6 6
14 12 1 7 14 12 1 7
21 15 2 1 21 15 2 1
13 18 3 2 13 18 3 2
20 6 4 3 20 6 4 3
12 9 5 4 12 9 5 4
7 12 6 5 7 12 6 5
14 15 1 6 14 15 1 6
21 18 2 1 21 18 2 1
13 21 3 2 13 21 3 2
20 9 4 3 20 9 4 3
12 12 5 4 12 12 5 4
7 15 6 5 7 15 6 5
14 18 1 6 14 18 1 6
21 21 2 1 21 21 2 1
13 24 3 2 13 24 3 2
20 12 4 3 20 12 4 3
12 15 5 4 12 15 5 4
19 3 6 5 19 3 6 5
26 6 1 6 26 6 1 6
33 9 2 1 33 9 2 1
25 12 3 2 25 12 3 2
17 15 4 3 17 15 4 3
9 18 5 4 9 18 5 4
16 6 6 5 16 6 6 5
23 9 1 6 23 9 1 6
30 12 2 1 30 12 2 1
22 15 3 2 22 15 3 2
14 18 4 3 14 18 4 3
21 6 5 4 21 6 5 4
13 9 6 5 13 9 6 5
20 12 1 6 20 12 1 6
27 15 2 1 27 15 2 1
19 18 3 2 19 18 3 2
11 21 4 3 11 21 4 3
18 9 5 4 18 9 5 4
10 12 6 5 10 12 6 5
17 15 1 6 17 15 1 6
24 18 2 1 24 18 2 1
16 21 3 2 16 21 3 2
23 9 4 3 23 9 4 3
15 12 5 4 15 12 5 4
7 15 6 5 7 15 6 5
14 18 1 6 14 18 1 6
21 21 2 1 21 21 2 1
13 24 3 2 13 24 3 2
20 12 4 3 20 12 4 3
12 15 5 4 12 15 5 4
19 3 6 5 19 3 6 5
26 6 1 6 26 6 1 6
33 9 2 1 33 9 2 1
25 12 3 2 25 12 3 2
17 15 4 3 17 15 4 3
9 18 5 4 9 18 5 4
16 6 6 5 16 6 6 5
23 9 1 6 23 9 1 6
30 12 2 1 30 12 2 1
22 15 3 2 22 15 3 2
14 18 4 3 14 18 4 3
21 6 5 4 21 6 5 4
13 9 6 5 13 9 6 5
20 12 1 6 20 12 1 6
27 15 2 1 27 15 2 1
19 18 3 2 19 18 3 2
11 21 4 3 11 21 4 3
18 9 5 4 18 9 5 4
10 12 6 5 10 12 6 5
17 15 1 6 17 15 1 6
24 18 2 1 24 18 2 1
16 21 3 2 16 21 3 2
23 9 4 3 23 9 4 3
15 12 5 4 15 12 5 4
7 15 6 5 7 15 6 5
14 18 1 6 14 18 1 6
21 21 2 1 21 21 2 1
13 24 3 2 13 24 3 2
20 12 4 3 20 12 4 3
12 15 5 4 12 15 5 4
19 3 6 5 19 3 6 5
26 6 1 6 26 6 1 6
33 9 2 1 33 9 2 1
25 12 3 2 25 12 3 2
17 15 4 3 17 15 4 3
9 18 5 4 9 18 5 4
16 6 6 5 16 6 6 5
23 9 1 6 23 9 1 6
30 12 2 1 30 12 2 1
22 15 3 2 22 15 3 2
14 18 4 3 14 18 4 3
21 6 5 4 21 6 5 4
13 9 6 5 13 9 6 5
20 12 1 6 20 12 1 6
27 15 2 1 27 15 2 1
19 18 3 2 19 18 3 2
11 21 4 3 11 21 4 3
18 9 5 4 18 9 5 4
*
waitingTimeCarsGone
308
250
408
614
348
148
106
126
56
18
*
waitingTimeCarsLeft
0
16
0
10
10
4
2
