7
7 3 1 1 7 3 1 1
15
87
2394
5333.333
carsInLane
7 3 1 1 7 3 1 1
7 6 2 2 7 6 2 2
7 9 3 3 7 9 3 3
14 3 4 4 14 3 4 4
7 6 5 5 7 6 5 5
7 9 6 6 7 9 6 6
14 3 7 7 14 3 7 7
7 6 8 8 7 6 8 8
14 9 1 9 14 9 1 9
21 12 2 1 21 12 2 1
13 15 3 2 13 15 3 2
20 3 4 3 20 3 4 3
12 6 5 4 12 6 5 4
7 9 6 5 7 9 6 5
14 3 7 6 14 3 7 6
7 6 8 7 7 6 8 7
14 9 1 8 14 9 1 8
21 12 2 1 21 12 2 1
13 15 3 2 13 15 3 2
20 3 4 3 20 3 4 3
12 6 5 4 12 6 5 4
7 9 6 5 7 9 6 5
14 3 7 6 14 3 7 6
7 6 8 7 7 6 8 7
14 9 1 8 14 9 1 8
21 12 2 1 21 12 2 1
13 15 3 2 13 15 3 2
20 3 4 3 20 3 4 3
12 6 5 4 12 6 5 4
7 9 6 5 7 9 6 5
14 3 7 6 14 3 7 6
7 6 8 7 7 6 8 7
14 9 1 8 14 9 1 8
21 12 2 1 21 12 2 1
13 15 3 2 13 15 3 2
20 3 4 3 20 3 4 3
12 6 5 4 12 6 5 4
7 9 6 5 7 9 6 5
14 3 7 6 14 3 7 6
7 6 8 7 7 6 8 7
14 9 1 8 14 9 1 8
21 12 2 1 21 12 2 1
13 15 3 2 13 15 3 2
20 3 4 3 20 3 4 3
12 6 5 4 12 6 5 4
7 9 6 5 7 9 6 5
14 3 7 6 14 3 7 6
7 6 8 7 7 6 8 7
14 9 1 8 14 9 1 8
21 12 2 1 21 12 2 1
13 15 3 2 13 15 3 2
20 3 4 3 20 3 4 3
12 6 5 4 12 6 5 4
7 9 6 5 7 9 6 5
14 3 7 6 14 3 7 6
7 6 8 7 7 6 8 7
14 9 1 8 14 9 1 8
21 12 2 1 21 12 2 1
13 15 3 2 13 15 3 2
20 3 4 3 20 3 4 3
12 6 5 4 12 6 5 4
7 9 6 5 7 9 6 5
14 3 7 6 14 3 7 6
7 6 8 7 7 6 8 7
14 9 1 8 14 9 1 8
21 12 2 1 21 12 2 1
13 15 3 2 13 15 3 2
20 3 4 3 20 3 4 3
12 6 5 4 12 6 5 4
7 9 6 5 7 9 6 5
14 3 7 6 14 3 7 6
7 6 8 7 7 6 8 7
14 9 1 8 14 9 1 8
21 12 2 1 21 12 2 1
13 15 3 2 13 15 3 2
20 3 4 3 20 3 4 3
12 6 5 4 12 6 5 4
7 9 6 5 7 9 6 5
14 3 7 6 14 3 7 6
7 6 8 7 7 6 8 7
14 9 1 8 14 9 1 8
21 12 2 1 21 12 2 1
13 15 3 2 13 15 3 2
20 3 4 3 20 3 4 3
12 6 5 4 12 6 5 4
7 9 6 5 7 9 6 5
14 3 7 6 14 3 7 6
7 6 8 7 7 6 8 7
14 9 1 8 14 9 1 8
21 12 2 1 21 12 2 1
13 15 3 2 13 15 3 2
20 3 4 3 20 3 4 3
12 6 5 4 12 6 5 4
7 9 6 5 7 9 6 5
14 3 7 6 14 3 7 6
7 6 8 7 7 6 8 7
14 9 1 8 14 9 1 8
21 12 2 1 21 12 2 1
13 15 3 2 13 15 3 2
20 3 4 3 20 3 4 3
12 6 5 4 12 6 5 4
*
waitingTimeCarsGone
662
198
638
510
120
48
72
48
48
48
2
*
waitingTimeCarsLeft
0
10
10
0
4
4
2
